px,py,pz,vx,vy,vz,roll,pitch,yaw,wx,wy,wz
-2.648575609943661e-05,5.7356997163166846e-08,0.0791203041315677,0.001995974711095793,3.946939643969898e-11,-0.09089147040706011,1.1976730252446196e-11,-0.00033133684514073035,6.708578721626467e-11,1.6950669432889748e-09,0.025312888744285347,-1.5911652665712504e-09
2.4716746548521094e-08,5.786984671530109e-08,0.08000000437598126,-2.2669883509728795e-09,3.8550368636423066e-10,0.009999998950846425,-6.645908382092884e-11,-4.811705607581521e-10,2.6241659313204896e-08,-5.823091241528735e-09,-2.6483697762351676e-08,-1.3231920478046133e-09
2.469905988983806e-08,5.787431366950424e-08,0.07912000440262852,-1.8354351727883024e-09,4.5280669350868256e-10,-0.08799999733527347,-6.944576017423736e-11,-7.587422527932265e-10,2.6281673888137234e-08,-2.9866763288188614e-10,-2.775716920456698e-08,4.001457491349348e-09
2.4728519981523854e-08,5.7873280091486634e-08,0.07999999998505712,-2.3331570667928473e-09,4.739614794340963e-10,0.009999998966707085,-8.059463675483412e-11,-4.3716495417800727e-10,2.6313887172092392e-08,-8.341453978934952e-09,-3.3886493990359225e-08,3.221328317756259e-09
6.703233985221525e-05,5.786997798863952e-08,0.07995812025898064,0.006704266606291035,-5.067871347511572e-10,-0.0041823586092742384,1.645018314948941e-11,0.000837594617990846,2.633916914927974e-08,9.703425355982122e-09,0.0837595104209795,2.5305851236606314e-09
7.471377749343509e-05,5.787077650495476e-08,0.08004664360900346,0.0007598792232807561,5.945272721275491e-11,0.008853048262253343,-6.212476718483605e-12,0.0009335623533997703,2.6359448641165724e-08,-2.2668618128666806e-09,0.00959677354072015,2.0279003978323163e-09
8.306588495009227e-05,4.876658691357716e-08,0.07991015255356436,0.0008494082005564435,-6.558699577373397e-07,-0.01364822938135215,-1.8652153470780623e-05,0.0010402080407244385,2.378740525013172e-08,-0.0018652144720526142,0.01066456874497392,-1.5774559464462145e-07
7.207814867204399e-05,-1.4445056676718335e-06,0.08004511566957889,-0.0007884011356390586,-8.989899541628548e-09,0.009513037089805415,-1.1208980526936522e-11,0.0009029504796059447,4.448153957679475e-08,-2.169319938326282e-09,-0.009741311739648921,1.8303528843298973e-07
6.529548995921635e-05,-1.4578620507895097e-06,0.08026797808050792,-0.0006966870962899305,-1.9750248676083495e-06,0.022285672788053892,-2.8691888044584812e-05,0.0008265843789393583,4.6402920909021475e-08,-0.0028691878499120652,-0.0076366100731263325,8.258363812242668e-08
5.948267350431136e-05,-1.4572036223802077e-06,0.0806563928485346,-0.0006113324306013169,-3.3810466592831973e-06,0.03884101530335864,-8.874429163796226e-05,0.0007736822736628364,4.9714578192777926e-08,-0.0060052406261191715,-0.005290210541596284,2.0534564985545977e-08
5.461307336461322e-05,-1.379674649786711e-06,0.08123032012178154,-0.0005277789916290689,-2.710775233221509e-06,0.057392366930778003,-0.0001823186827142556,0.0007112243417367873,5.797434045369855e-08,-0.009357439727706,-0.006245793256053397,-2.052564643982007e-08
5.061362257573515e-05,-1.1240484378102455e-06,0.0819969486938226,-0.0004501714527831007,1.7070278017926986e-06,0.07666258296561625,-0.0003111768679684314,0.0006551603603497911,7.149510614068302e-08,-0.012885819466976025,-0.0056063983147550235,-3.129004226439036e-08
4.7418966026161664e-05,-5.467463252069659e-07,0.08296381696608068,-0.00037873223474170806,1.1697888049705761e-05,0.0966866297640435,-0.0004760984469624041,0.0006129754204736322,8.763779657485346e-08,-0.016492158960334388,-0.004218494311191756,-4.6289454628392605e-08
4.497088724193645e-05,5.362232230805599e-07,0.08413165880926397,-0.00031426069613709845,2.8977234044103295e-05,0.11678406469446126,-0.0006792001368559766,0.0005947112957136097,7.824954856897154e-08,-0.020310168492272247,-0.0018264116384431807,-1.9938502979683786e-06
4.3237715034218615e-05,2.3529440643152916e-06,0.08549895333453911,-0.0002559935540607841,5.5693571852761233e-05,0.13672943208250798,-0.0009213711896934509,0.0006046713018352012,3.328602996682302e-08,-0.02421710270567772,0.0009960038988846272,-3.6992647135707665e-06
4.221996175904126e-05,5.1775685766288e-06,0.08706466885501125,-0.00020286347063292216,9.413702315940917e-05,0.15657168019268475,-0.0012028071432783156,0.0006456355117003576,-6.098780579494807e-08,-0.028143589650688004,0.004096428729914762,-5.0766129352428814e-06
4.195130267717247e-05,9.327371644080518e-06,0.08882471574750604,-0.00015361497050258191,0.0001470626783083915,0.176005052038989,-0.0015222170794401608,0.0007201455143978,-2.2353285724335805e-07,-0.03194098278769658,0.007451015598997461,-6.102411383294788e-06
4.2504796220313204e-05,1.51640060231785e-05,0.09077635668085365,-0.00010663184738864797,0.00021697983630523184,0.19516482419518832,-0.0018788438354962798,0.0008299729664099301,-4.793072393621116e-07,-0.03566265615955619,0.010982773002064817,-6.9009099567128e-06
4.39933144666584e-05,2.308943926231909e-05,0.09291584176503809,-6.0068230118118417e-05,0.00030638870253365944,0.2139498003131417,-0.0022722898449751673,0.0009764935393883177,-8.58949412833604e-07,-0.039344567164893075,0.014652104844394226,-7.552817846737037e-06
4.657106659500503e-05,3.354470249374711e-05,0.09523863156285207,-1.1805820808400562e-05,0.00041789873564271915,0.23228109962480656,-0.002702028869620911,0.001160584825268583,-1.3977584316588458e-06,-0.04297384555208029,0.01840920613610403,-8.094315534046903e-06
5.04342419005502e-05,4.700887257153993e-05,0.09773961779155418,4.047483025048209e-05,0.0005544920858358022,0.25010192750533555,-0.003166428414282576,0.0013828127598122745,-2.1347430404103154e-06,-0.046439861578572654,0.022222914726868895,-8.491420947568175e-06
5.5821113904330656e-05,6.399650984766321e-05,0.10041329577959522,9.92240546660729e-05,0.0007194526037214677,0.2673727517193774,-0.0036627510095241585,0.00164364343956095,-3.112548120618645e-06,-0.04963211257884348,0.02608325074856881,-8.717024141650513e-06
6.301209846266268e-05,8.505331768455501e-05,0.10325387510082357,0.00016711354961336148,0.0009159313153225535,0.2840651209475397,-0.004188349922696958,0.0019431764410810196,-4.375954398746926e-06,-0.0525596659468364,0.029953566575662227,-8.756562647099802e-06
7.233317947592972e-05,0.00011076020647230098,0.10625748118440002,0.0002469335403363573,0.0011462250200434249,0.3003707667397564,-0.004742431060495846,0.002281115967427797,-5.971316763089432e-06,-0.05540777823380395,0.0337943297205169,-8.631597926874955e-06
8.415094472881884e-05,0.00014172284811895803,0.10941942540929285,0.0003417794582697208,0.0014126743595630961,0.31620844991685443,-0.00532442182432564,0.002656496224838769,-7.943595759440726e-06,-0.058198591108716516,0.037538544977029964,-8.280708249418415e-06
9.887056352099954e-05,0.0001785711034734966,0.11273447272621956,0.00045473485779383205,0.0017180705564140265,0.33152371437862793,-0.005932643377596671,0.003068383332553805,-1.03383523037346e-05,-0.060821471718333076,0.04118940870707761,-7.640104907491329e-06
0.00011693389042699345,0.00022195700529788263,0.11619703216086451,0.0005887431246194414,0.002065712149501355,0.34628117303990996,-0.006563922274664524,0.003516253355662116,-1.3203643230345097e-05,-0.06312694845982462,0.04478792132127432,-6.681912967669007e-06
0.00013881839996632124,0.00027255046088792633,0.11980129321543528,0.000746825335160619,0.0024588009632874074,0.36045909662507014,-0.007214875357005863,0.00399951062552574,-1.6587220494044463e-05,-0.06509403902717188,0.04832691467580089,-5.414738631113037e-06
0.0001650362346106721,0.0003310346145564722,0.12354132338773241,0.0009323729250623232,0.0028998360604096446,0.3740455269607139,-0.007883408758545367,0.004516726854134028,-2.053019626095356e-05,-0.06685166368281531,0.05172312966765148,-3.832601694280983e-06
0.00019613209616585714,0.00039810331962207075,0.12741113848418617,0.0011490745099240597,0.0033907694580391666,0.3870355574824059,-0.008568577173378597,0.0050656477895039825,-2.5064533231857408e-05,-0.06851467168598617,0.05489397081392796,-1.8762746529285627e-06
0.00023267987958589795,0.00047446058813491263,0.13140475385203224,0.0014004573177024485,0.0039337542368654745,0.3994294219122373,-0.009268984318155319,0.005644119002789711,-3.02187002595055e-05,-0.07003795735738912,0.05784942255138857,5.301307722323801e-07
0.00027528989558631525,0.0005608368913251754,0.13551816308316117,0.0016891428966353597,0.004531075828551468,0.41142524955043985,-0.009982377073227853,0.006251459123695752,-3.603162967340065e-05,-0.07133582114479316,0.060736799381366,3.341440858255785e-06
0.00032459541666874405,0.0006579648768956226,0.13974671957052412,0.002017738881841158,0.00518538728729328,0.42295932305197076,-0.01070553220662281,0.006887234716630745,-4.254323387872785e-05,-0.0723112388222557,0.06358089961305778,6.520116933770035e-06
0.00038125254363422423,0.0007665759703430724,0.14408537169692728,0.002389260967390395,0.005898701591181157,0.4339914555467111,-0.011436132315920116,0.007550226600398357,-4.9783342358972675e-05,-0.07305478778464207,0.0663031473758644,1.0024571126865762e-05
0.0004459390398702689,0.0008873982669249849,0.1485288268954208,0.002807244276432167,0.006672180941432396,0.44449788086414327,-0.012173399707548313,0.00823802464931716,-5.776432857041174e-05,-0.0737204422758457,0.06878444086835137,1.389248408030732e-05
0.0005193513689126686,0.0010211567895391954,0.15307166622927443,0.00327521481624956,0.0075068726814407054,0.45446630137646504,-0.01291681496499257,0.008947904218410409,-6.64884659679697e-05,-0.07433403263877529,0.07099332266813582,1.82152795912787e-05
0.0006022012140470783,0.001168574183076157,0.15770842456931738,0.00379607524553906,0.008404486265437725,0.4638924372206167,-0.013664513104245355,0.009678036228321175,-7.596309678722737e-05,-0.07476099383889033,0.07301935233853402,2.302701871069996e-05
0.0006952133850892824,0.0013303693220963382,0.16243364637141122,0.004372140717838599,0.0093672403659027,0.4727775790929858,-0.014413298120596543,0.01042758520182601,-8.620469718316014e-05,-0.07486820961791092,0.07496189665835244,2.8242772608453544e-05
0.0007991253396400745,0.0015072537429576321,0.16724192422892578,0.005005795117941399,0.01039688804616135,0.48112686914291314,-0.01516032230078478,0.011195571552259701,-9.722485912750204e-05,-0.0746905071878824,0.07680654208453554,3.373411579043579e-05
0.0009147051944208842,0.0016999538394884973,0.17212963388929367,0.005699514198125563,0.011493640087531436,0.48911899300305467,-0.01590494616497868,0.011980419288880741,-0.0001090232088504944,-0.07444871824072917,0.0784936395730269,3.941279221287666e-05
0.0010427269013350963,0.001909178307496962,0.17709263536816613,0.00645627850523373,0.012657283020760366,0.49670271873812344,-0.01664749472690046,0.012779516329525212,-0.00012157784302392147,-0.07423931740099562,0.07991956113497362,4.536957516223086e-05
0.001183967908310932,0.002135621204863897,0.182126466277206,0.007278646030682645,0.013888090856656569,0.5038461397396657,-0.01738753876763483,0.01359065728910282,-0.0001348669921026638,-0.07398688609632632,0.08112497286158234,5.168683967632993e-05
0.001339207269829469,0.0023799635920712377,0.1872264782701832,0.008168354574634915,0.015187187137855397,0.5105309738213791,-0.01812302004514698,0.01441287982444317,-0.0001488853913402562,-0.07352850346546294,0.08223419009708988,5.832077592413975e-05
0.00150922555813395,0.002642872421555751,0.1923879333115239,0.009126825762571868,0.01655582179717497,0.5167485461650779,-0.018851260549119567,0.015245759473156475,-0.00016363499561983922,-0.0728021817528872,0.08330100601562027,6.512231470206816e-05
0.0016948055914995388,0.0029249981834524384,0.19760607175108735,0.01015595975345341,0.017994361112760458,0.5224969819407809,-0.019570710223095422,0.01608802013629921,-0.00017909963060187318,-0.07192074321349451,0.0842402385159056,7.197778174450956e-05
0.001896756146079881,0.003227003661258777,0.2028776998574258,0.01125781897210361,0.019501824674959325,0.5279332179479859,-0.020281751723254717,0.01693759589710315,-0.0001952439180044677,-0.07107749546555071,0.08497288368050752,7.888403344942578e-05
0.0021158790331274394,0.003549527035444867,0.20819913195960363,0.012434600409138477,0.02107727521263679,0.5330083367344338,-0.020984979317746035,0.017791981567935253,-0.00021201813391709396,-0.07029363573321798,0.08545499425808757,8.594836559659844e-05
0.002352968158848463,0.0038931864497037992,0.21356639471451652,0.013687699816700991,0.022720593863336757,0.537693822501631,-0.021679694086907415,0.018649706639926628,-0.0002293888752253912,-0.06943983049787139,0.0857900490730969,9.319856741388984e-05
0.002608809594794488,0.004258581867307001,0.21897536439998225,0.015017738027252961,0.024432332146614482,0.5419748571555848,-0.02236387234423188,0.019510497301121657,-0.00024734588867357705,-0.06838356830818251,0.08609773905933843,0.00010052210987091018
0.0028841830985319294,0.004646294321502616,0.22442185936928777,0.016425394055373962,0.026212715513106655,0.5458458478538136,-0.02303565486357916,0.02037402342442994,-0.0002658768822218923,-0.06714130191313294,0.08637242860758934,0.00010776193802098977
0.0031798630085509722,0.005056884496323709,0.2299016843403839,0.017912075082469604,0.028060934513949153,0.5493056231893284,-0.023694643794409255,0.02123867923837685,-0.0002849385658613866,-0.06585923791259271,0.0864865146781028,0.00011486175452916896
0.0034966172925845604,0.005490893339922085,0.23541066604241004,0.019479631978063634,0.029975496988504404,0.5523565668828697,-0.024341589686118017,0.022101796870765508,-0.00030445832064540006,-0.06465229495623322,0.08633374623806252,0.0001218923370808492
0.0038352336421551914,0.0059488759622545575,0.24094600127060967,0.021129024431901768,0.03195497603312268,0.5551359255752655,-0.02497708372251659,0.022961477510240323,-0.0003243770535695826,-0.063504529400868,0.08599103788011665,0.00012893827255490404
0.004196480467086773,0.006431361723365166,0.2465044827258161,0.022860380812447036,0.03399891945469922,0.5576034030794087,-0.02560028179089961,0.023817081960832487,-0.00034466409021168096,-0.06227236325500618,0.08558438093299685,0.00013597999406871674
0.004581109373726055,0.006938856954001077,0.2520826694993973,0.0246733328051531,0.03610727578632138,0.5597357199094447,-0.026209467700308,0.02466879501890508,-0.00036530923797897373,-0.06086854781327383,0.08519619816856773,0.0001428895421854499
0.0049898582070487,0.007471845395292936,0.25767700348246486,0.026567926138887768,0.038279411580890293,0.5615212212941548,-0.02680356370875321,0.025516201853135564,-0.00038628685705932976,-0.05935697001875381,0.08476650511300358,0.00014955232362538323
0.005423452784515765,0.008030788819179683,0.26328388867194713,0.02854498864669311,0.04051375143257032,0.5629561749688222,-0.027382897486474177,0.026357495820776972,-0.0004075326818089376,-0.05787828058660535,0.08415606524165765,0.00015596982186742193
0.005882605825020198,0.008616128725101152,0.26889972846363036,0.03060552973476414,0.042808398859609735,0.5640405582898652,-0.027948437756418816,0.027190199285317712,-0.00042896058282910967,-0.05649666461072898,0.08329774242748914,0.00016223337565775527
0.006368014792294327,0.009228288866240159,0.274520955657927,0.03274980885159769,0.04516199905492785,0.5647773141687282,-0.02850043017142778,0.02801262184939588,-0.000450502650761476,-0.05513979129619472,0.08227027852868872,0.00016840430151385908
0.006880360732526274,0.009867676638669115,0.28014405551870813,0.034977105550815984,0.047573923302348047,0.5651716511044387,-0.029037900377352238,0.02882443873673646,-0.0004721280392767491,-0.05368557397273009,0.08121028356120227,0.00017443606008087306
0.007420339616319731,0.010534713503194303,0.2857666636165047,0.03728608139584807,0.05004348024850383,0.5653386331824668,-0.029559555892498156,0.029626137006521835,-0.000493829759296958,-0.052102137814847266,0.08019897398370945,0.00018022359883855866
0.007988623606149249,0.011229792640049635,0.29138610590576497,0.03967612703202214,0.052569411499727145,0.5652471984339734,-0.030064915266968598,0.03041724117253118,-0.0005155732435380786,-0.05047067070629926,0.07914005377552912,0.00018570611124576664
0.008585864783634121,0.01195328251693443,0.2969995517358209,0.04214735105196906,0.055149748737925455,0.5648815744415384,-0.030554624214140458,0.03119596549810576,-0.0005372836215849901,-0.04890402396486838,0.07790243391940788,0.00019092310289368697
0.0092126951967793,0.012705530104253774,0.3026040912265071,0.04469981822944052,0.057782475969612467,0.5642337004667562,-0.031029567316561434,0.031960220174808075,-0.0005588742814708603,-0.047426143270371646,0.07645568340316952,0.00019596179578494014
0.009869726233769456,0.013486864176415468,0.30819679837011155,0.047332770203463166,0.06046617126125711,0.5633017930896416,-0.03148979452877375,0.03270889096363698,-0.0005802867249252917,-0.04595349790482556,0.07489739722697042,0.0002008602961104385
0.010557548453090775,0.014297596528104632,0.3137747602047356,0.050044659900102456,0.0631999677107841,0.5620869522562704,-0.031934381194896624,0.0334420177686944,-0.0006014983353337831,-0.04438852176254178,0.07334304338706245,0.0002055734973879698
0.011276732985040474,0.015138021701896496,0.31933510114693325,0.05283390067033067,0.06598290247079044,0.5605926846594306,-0.032362326352910864,0.03415975929211383,-0.0006224910999571104,-0.04272357254772066,0.07180450848334305,0.000210030111741138
0.012027833066379306,0.01600841647568814,0.32487500287684756,0.0556995031450993,0.0688133820632572,0.5588244621648102,-0.03277347696901957,0.03486129272016286,-0.0006432157226277652,-0.04104355461562073,0.07018358937469904,0.00021421335192451908
0.012811384128310883,0.016909040412350147,0.3303917196954521,0.05864093772735754,0.0716893237476395,0.5567892628896809,-0.03316849631907259,0.035544801426477986,-0.0006635894877271063,-0.03943022846348264,0.06838084688595297,0.00021817971831471317
0.013627902353828152,0.017840137435160986,0.33588258944287414,0.061657393018444785,0.0746087642046332,0.5544951224370349,-0.03354799196951995,0.03620853266334699,-0.0006835301880250852,-0.03787804025322823,0.06640266519144293,0.00022200204083403307
0.014477883174462294,0.018801937241261345,0.34134504085558326,0.06474724219091035,0.07757027160476689,0.5519507809384077,-0.03391176335162682,0.03685176555214615,-0.0007029892475911125,-0.036306070179757066,0.0643522841214658,0.00022570361644855613
0.015361828040062727,0.01979468024120226,0.34677734289913115,0.06790806352455568,0.08057263259937918,0.5492399954493735,-0.034259008307248685,0.03747487020124995,-0.0007219558788918644,-0.034654025834550344,0.06233886614542964,0.00022921237227188125
0.016280209238416297,0.02081858320422714,0.3521775831005848,0.07113768095891268,0.0836145440728715,0.5463442081078916,-0.0345890068467467,0.03807803692523131,-0.0007404142665468957,-0.03293014158525383,0.06034442387099001,0.0002325024346794547
0.01723347384189726,0.021873841508617445,0.3575437634464804,0.07443448476864509,0.08669421408327475,0.5432544253853987,-0.034901731088071486,0.038660503387572404,-0.0007583162823764291,-0.031203752507274803,0.05827363619721899,0.00023558974246691068
0.018222044977300126,0.02296063101483253,0.3628738532425591,0.07779717512630782,0.0898095641143013,0.5399669038786495,-0.03519766811968224,0.03922076145615432,-0.0007755875288578748,-0.02952646504294687,0.056051876051538274,0.00023853027878774697
0.019246321623368402,0.0240791102313328,0.36816582748582993,0.0812241312595273,0.0929586849425962,0.5364817064574844,-0.0354771220986837,0.039757508511942936,-0.0007921603168362372,-0.027879970579837366,0.05369970431154199,0.0002413765829671354
0.0214034659076577,0.026411693543135432,0.3786275152578658,0.08826137572837428,0.09935234980952803,0.5289314338501556,-0.03598476698258431,0.0407593668880793,-0.0008230866550596027,-0.024440755325538924,0.048927468058625544,0.00024681391663474074
0.02253701270456951,0.027626037002014027,0.3837934182273437,0.09186654173846615,0.1025940026480429,0.5248772502208232,-0.03621158122981485,0.041224581864764714,-0.0008374039804035826,-0.022622751709623645,0.046542819822899824,0.00024937856284045997
0.02370764707991753,0.02887256727176631,0.3889141440414058,0.09552634193820668,0.10586298603496082,0.5206998178924559,-0.03642021707906761,0.0416652917365696,-0.0008509077860553332,-0.020807634582532934,0.04409091733990567,0.000251794387069859
0.024915668105068563,0.030151377362658334,0.3939883224646186,0.09923877325574959,0.10915723004294141,0.5163873857636088,-0.03661092229655639,0.04208033596732802,-0.000863538284553704,-0.019017649807333406,0.04152282652707343,0.000254119364279214
0.02616134654087098,0.03146254081842356,0.39901452939517146,0.10300152658126713,0.11247482778539161,0.5119338858246465,-0.03678370336572573,0.042468826928587756,-0.0008752460506307128,-0.017228627608384773,0.03886585713183052,0.0002563944179795249
0.027444925879649484,0.0328061136003149,0.40399133407077087,0.10681183257036246,0.11581410058737363,0.5073379659660436,-0.03693812453130336,0.042830533425421285,-0.0008860066229670542,-0.01539623700263624,0.03618569935918375,0.00025863287172975046
0.02876662377418661,0.034182134904367334,0.4089173322701809,0.11066672907373575,0.11917340664659543,0.5026015881059024,-0.03707354973691169,0.04316555584177509,-0.0008958089887921029,-0.013500385310727288,0.03351553779930094,0.00026083546100530815
0.030126633510861867,0.03559062734561774,0.41379116877725824,0.11456341915000803,0.12255091828267638,0.49772893507112925,-0.03718952687586657,0.043473714752448614,-0.0009046330232529823,-0.01155950046688506,0.03082737681857925,0.0002630105658125017
0.03152512479709962,0.03703159714175441,0.4186115521858747,0.11849934821959497,0.12594459882501094,0.49272562635771033,-0.037285898418139694,0.04375430433479195,-0.0009124401624853507,-0.00960311496373466,0.02806854440336035,0.0002651791659140279
0.03296224328045415,0.03850503424390242,0.4233772567384606,0.12247196207975573,0.12935236534080913,0.48759742329334455,-0.03736257172802795,0.044006415989808964,-0.0009191853934657837,-0.007637742173432222,0.02521875285864463,0.0002673645232924374
0.03443810981445096,0.04001091258066916,0.42808712505782115,0.12647842984871419,0.13277222605500916,0.4823503441915583,-0.03741925704977809,0.044229441836193845,-0.0009248362408400868,-0.005643609894671521,0.02230809970955082,0.0002695794314627938
0.035952820140759165,0.041549190030583154,0.4327400712170198,0.13051562495050048,0.13620225407366943,0.4769907190799767,-0.03745545434011412,0.04442321633115376,-0.000929378322343031,-0.0035996022463969527,0.019380855540927125,0.00027182696903818744
0.03750644514864763,0.04311980808770691,0.43733508350931466,0.13458034246098916,0.13964045648158324,0.4715251546472386,-0.03747065738585969,0.04458770836827796,-0.0009328039459036847,-0.0015050637110115427,0.016450479757422413,0.0002741102761716693
0.04073058361424356,0.04635773422036588,0.44634725036544026,0.14278038960311473,0.14653316901343924,0.4602639930107253,-0.037436062825594835,0.04482699971116416,-0.000936218287004025,0.0028492716138653856,0.010431413552981642,0.0002788850444076099
0.04240108805810707,0.04802481769076406,0.45076212455718434,0.14691004955113904,0.14998375155304855,0.4544567931527286,-0.03738453751498283,0.044899852532086885,-0.0009361286740056355,0.005152129162578547,0.007279849875504974,0.000281427041411822
0.04411051583640936,0.04972381467811253,0.45511516193486024,0.15105514861722208,0.15343418010337778,0.4485721563908936,-0.037309277100411674,0.04494075754947979,-0.0009348137932095533,0.0075201369621966715,0.004082744796644661,0.0002839959241595041
0.045858811333276524,0.051454578743236556,0.4594057428107698,0.15521224472267675,0.15688209210309703,0.4426158884717311,-0.03720973919621166,0.044949494166032895,-0.0009322688834636358,0.009942356149880519,0.0008635848457834711,0.000286602193948198
0.04764589214078602,0.05321694379499984,0.4636333165033957,0.15937787935817635,0.16032496194910367,0.436593947845807,-0.03708559295014146,0.04492583574978951,-0.0009284912395892781,0.012397654486332368,-0.002378225120777955,0.00028925738682068303
0.049471648996345256,0.05501072387348955,0.46779740142631443,0.1635486171954527,0.16376019056875749,0.43051229123825857,-0.03693659461689206,0.04486944671492293,-0.0009234764987091288,0.014877325912200897,-0.005653578968418676,0.00029197131734072675
0.05133594550415645,0.05683571306471747,0.47189758503658424,0.16772096833012193,0.16718522634680175,0.4243768412913051,-0.0367623446084507,0.044780012942240294,-0.0009172236531960003,0.017396982061942057,-0.008960319014295816,0.0002947482919398496
0.0532386178515148,0.05869168520012223,0.47593352388127386,0.17189132502798052,0.17059756227857922,0.4181935126152581,-0.03656223423765408,0.04465739680358126,-0.0009097408867073314,0.019977586334964156,-0.012280774274337672,0.00029758812180489207
0.05517947474827652,0.06057839320652607,0.47990494328563044,0.1760560168431889,0.1739945913495587,0.411968212267367,-0.03633570263902734,0.04450157954556317,-0.0009010434406730494,0.022614400030781176,-0.015603039491383152,0.00030049132617694755
0.0571582975336772,0.0624955684420446,0.4838116368845782,0.18021142079111474,0.1773734820284989,0.40570684668513074,-0.03608254820549572,0.04431244697497559,-0.0008911457736255099,0.025271505348478995,-0.018936655461055628,0.000303459977583428
0.05917484012288014,0.06444292046915664,0.4876534658007232,0.1843539775699883,0.18073124507694846,0.39941527453517617,-0.035802905558218134,0.04408971025536546,-0.0008800588007497701,0.02791527524853887,-0.022299088479082813,0.0003064949003444701
0.06122882865091037,0.06642013730131728,0.4914303576519509,0.1884800778636799,0.18406495622335553,0.3930992564789338,-0.03549683220308101,0.043833110868375824,-0.0008677974562278966,0.03055345051129462,-0.025687295141139606,0.0003095918183767465
0.06331996145883705,0.06842688590635285,0.49514231455886404,0.1925859487855489,0.18737190603392312,0.38676533685088754,-0.035163903410298764,0.043542708677786666,-0.0008543904620834385,0.03323432585887103,-0.029069409405491332,0.0003127961233967981
0.06544790922025459,0.07046281184347865,0.4987894152954529,0.19666771138548875,0.19064947592252088,0.3804202773577749,-0.03480333216155985,0.04321886933927464,-0.0008398800956326084,0.03599419788856275,-0.032414824495148674,0.0003161084303693357
0.06981278495795827,0.0746206558597981,0.5058894517663207,0.20474461017661014,0.19710566368279847,0.3677014169123246,-0.03399572262455238,0.042470017814461886,-0.0008076720558601891,0.04175590624297488,-0.039172853340792096,0.0003217377479315009
0.07204891605037607,0.07674174764026512,0.5093428785226055,0.20873258301309366,0.200277737877715,0.36135055852444875,-0.033549161318677606,0.042044315835818684,-0.0007900244714597768,0.044581579824366405,-0.042605460239827246,0.00032475138486201847
0.07432025748179663,0.07889035691539707,0.5127321835150191,0.21268208883253797,0.20340816505925438,0.35499361676763075,-0.03307466559778693,0.0415840269182304,-0.0007713886900739145,0.04737167170260627,-0.04606537109408029,0.0003278893594645053
0.07662633648928467,0.08106601001888185,0.5160577102594327,0.21658913513476807,0.20649401141046153,0.34864784414375516,-0.032571980792832085,0.0410896266359382,-0.0007518257917020593,0.05018763776032531,-0.049477546132744514,0.0003310712430411873
0.07896665330222612,0.08326821127175643,0.5193199099708656,0.22044965968565375,0.20953244231111023,0.3423233912068193,-0.03204051558554088,0.040562048114060466,-0.0007314142181199173,0.05306321315992233,-0.05279620187652077,0.00033428059566840745
0.08134068086759541,0.08549644093056494,0.5225193091123074,0.22425983410311787,0.21252035615452067,0.3360272557782338,-0.03148020159477458,0.04000198511374902,-0.0007102263134715474,0.05594607445978015,-0.056045286368124406,0.00033752291337536323
0.08374786497538908,0.087750154256215,0.5256564935938999,0.2280161630229049,0.21545428430095187,0.32976497133927507,-0.03089201014371463,0.0394094716088024,-0.0006883153468933954,0.05873217055961602,-0.05929081083255995,0.0003407858047263055
0.08865934699308084,0.09233173301222729,0.5317468148433983,0.23535354039880702,0.22114652168572085,0.3173608599605074,-0.029637626059506532,0.03812641732842213,-0.0006425244194498886,0.06389582926583809,-0.06582017686620141,0.0003471923558351837
0.09116238128491332,0.09465838245013865,0.5347009654554092,0.2389273184342046,0.22389926743557706,0.3111875570493207,-0.028972042116110354,0.03743680333435858,-0.0006187864275672149,0.06646873216106938,-0.06900130116650956,0.00035047362183346435
0.09369605281001403,0.09700808969960956,0.5375951214541634,0.24243272186054443,0.22658638791566685,0.3050451264765491,-0.028280084198953014,0.036716702116633596,-0.0005946108271991079,0.0691061797197785,-0.07204977502155205,0.0003538240613923316
0.09625966448211586,0.09938019295560231,0.5404299805828995,0.24586624796387893,0.22920497984509555,0.2989463409182941,-0.027561973387513216,0.035966987101426984,-0.0005700825598550008,0.07172196358458467,-0.07501071980487524,0.0003572423688519914
0.0988524950164869,0.10177400777397334,0.5432063187619761,0.2492248062156329,0.231751768296207,0.292899037810882,-0.02681926983755572,0.03518763699801661,-0.0005452624003229731,0.07418207356191513,-0.07797364812586312,0.00036068828077863224
0.10147379773098765,0.10418882798708992,0.5459249662352561,0.2525053859696496,0.23422354428158862,0.2869087799762513,-0.026054079874853142,0.03437833836587331,-0.000520205094276228,0.07643186076068076,-0.08096778974988077,0.0003640727698851639
0.1041227992844356,0.10662392777685505,0.5485867955523056,0.25570470129197054,0.23661763647287362,0.2809799906417841,-0.025267711342864586,0.03353952754760973,-0.0004949867744114366,0.078551234965944,-0.0839181457233934,0.00036732091874399747
0.10679870590029036,0.10907856755915668,0.551192914263939,0.2588192378330536,0.2389319294439418,0.2751363469033177,-0.024460072913819093,0.03267257285180229,-0.00046970997881028024,0.08068018107182941,-0.08673149235597306,0.00037014907489333704
0.11222791885819408,0.11404340140186381,0.5562421822185853,0.2647807427523804,0.24331254796715038,0.26368551964159,-0.022780868780794928,0.03086114050267504,-0.0004194065497153223,0.08491933988261723,-0.09185782263222127,0.0003754156238978323
0.11497949163358452,0.1165519995404703,0.5586868509811217,0.2676225035541412,0.24537394558702375,0.2580233508746416,-0.021911809121385323,0.02991730250915821,-0.00039451704873287493,0.0868303457735246,-0.09441583916370386,0.0003782230967982442
0.1177545126200412,0.11907695542743096,0.5610791678722182,0.27036829065530077,0.2473459256362171,0.2524167558171936,-0.0210261411403052,0.028947442784307525,-0.00036987058483288916,0.0884942739563921,-0.09701652566302822,0.00038098189989858503
0.12055204576810503,0.12161742123234798,0.5634195114357348,0.2730154653883992,0.24922679702218745,0.2468242724337176,-0.020124575007185543,0.027951706345280318,-0.0003455310738417897,0.09008738386331731,-0.09960264158043589,0.00038383254359082244
0.12337115551532911,0.1241725523190515,0.565709219308262,0.2755605632154621,0.2510147134763827,0.24134282132519416,-0.019207679072343654,0.02693251399424942,-0.00032161152811857255,0.0916239678428954,-0.10194656603727106,0.000386364361353116
0.12621088013982032,0.12674148681953054,0.5679495007080204,0.2780007136724084,0.2527082494252671,0.23596049558774887,-0.018275583674609436,0.02589235159911838,-0.00029821841664582824,0.09314776678525104,-0.10404181757724887,0.000388764824440988
0.12907024375119713,0.1293233513033681,0.5701418083739718,0.28033361106401056,0.25430558554053173,0.23070264290265083,-0.01732964381347717,0.024832510224318777,-0.00027543310191909144,0.09453621024401418,-0.10600791338063083,0.0003907429180353664
0.13484387217584343,0.13452229447830708,0.5743875926880819,0.2846705100941332,0.25720408183381616,0.22050910678467928,-0.015408352864690803,0.02265376195337668,-0.00023189670962600405,0.09639862027468976,-0.10994388459877484,0.00039370510615341527
0.13775607769100023,0.13713755893204652,0.5764434922266831,0.28667051985225983,0.25850267631722457,0.21556692642355893,-0.014437921796991547,0.021536058168583484,-0.0002112647614478154,0.09699753197288007,-0.11178873854551434,0.00039455894738809873
0.14068380541337935,0.13976213140139895,0.5784563238236871,0.2885551805444417,0.259700173139067,0.2107281207247282,-0.013461658717808323,0.020402546111144945,-0.0001914959220918876,0.09758486481702755,-0.1133677728342358,0.00039508295267664373
0.14362596961136267,0.14239508204646012,0.5804266384240082,0.29032279776048137,0.26079648587545434,0.2059292474860214,-0.012478769014383715,0.01925510916810495,-0.0001726511562541453,0.09825161372739626,-0.11475850599143395,0.00039573931487089085
0.1465814784200614,0.14503547808153885,0.5823553399744411,0.291971909206945,0.2617907029123138,0.20120676979839325,-0.01149054021239728,0.018094638739892973,-0.0001547751053596332,0.09878950686803095,-0.11606015565516746,0.0003964147886909807
0.1495492305806436,0.14768238220633642,0.5842434924287361,0.29350145893287755,0.26268178046696666,0.19657801516620085,-0.01050001535108554,0.016920916194829657,-0.00013789733444725315,0.09902294650136428,-0.11738374187653816,0.0003969020733616547
0.15252811280708195,0.15033485491721918,0.58609222877553,0.2949102952929625,0.26346912269236555,0.19205131586943902,-0.009510195804967933,0.015734012498889144,-0.00012204973590672835,0.09895608872189977,-0.11870031084063358,0.00039697963487961583
0.15551700298854926,0.15299195988909695,0.587903051590133,0.2961968881857704,0.26415277757036854,0.18766517970653065,-0.008522602269800447,0.014535622383316786,-0.00010728048559393427,0.09873700939693165,-0.11984748419568148,0.00039619432969018075
0.15851476395348277,0.15565276118852472,0.5896772999485025,0.2973597634663074,0.2647333751725786,0.18340481752647916,-0.007537191082619375,0.013328799809229172,-9.363937585607696e-05,0.0985221222167266,-0.12068934846099534,0.00039487914566187617
0.16152024849993424,0.1583163234986789,0.5914162387835625,0.29839787483718827,0.2652114028822437,0.17926438069233314,-0.0065541474748290795,0.012116315221606604,-8.116234589177512e-05,0.09828849514394886,-0.12125426891599714,0.0003933017517862315
0.16754977024966408,0.16364799450621598,0.5947931259425768,0.30009852543941623,0.2658601780061361,0.17133995211916087,-0.00460441989933711,0.00967769886529678,-5.975356888037392e-05,0.09709151115203125,-0.12216546807994712,0.00038933330225095274
0.1705714854197788,0.16631424520646945,0.5964334965487128,0.3007607762605902,0.26603163393300683,0.16755547178127622,-0.0036439468621873735,0.00845182082106442,-5.083175363096842e-05,0.09603922379478985,-0.12259047072854622,0.0003865642791545011
0.17359627578478157,0.16897954792102957,0.5980427614940258,0.3012973000906234,0.2661029109254153,0.1638245022022222,-0.00269412904456753,0.007222974104340217,-4.3103158006972405e-05,0.09497573175459452,-0.12288653308180227,0.00038340654894564966
0.176622967056332,0.17164299760995497,0.5996218077319286,0.30170747154090344,0.266075432501746,0.1601829548888335,-0.0017543347621648182,0.005994021720889705,-3.657036491762599e-05,0.0939751179919668,-0.12289641639740038,0.0003799162743352228
0.17965038638317155,0.17430369822282418,0.601171998987777,0.30199112762826985,0.2659504067833356,0.1566800069604022,-0.0008246054740937398,0.004767528490125467,-3.122918306922505e-05,0.09297006154710598,-0.12264993845570643,0.0003759575366633498
0.18267736233471202,0.17696076184675727,0.6026945700145373,0.3021488617143616,0.26572884569517996,0.15330419555201028,9.321127844706865e-05,0.0035442805211679178,-2.7065179611664205e-05,0.09177995118128032,-0.12232496912473878,0.0003716630112006294
0.1857027259743155,0.17961331089960253,0.6041906840725235,0.30218146417994834,0.2654117975112575,0.150049756710228,0.0009962118063945923,0.0023240256661012015,-2.4060865278876788e-05,0.09029917741981805,-0.12202533133464574,0.00036689888416421764
0.1887253101229841,0.18226048170589418,0.6056614736820646,0.3020894862757458,0.2650007943090411,0.14691502369474402,0.001882280526222921,0.0011073464167746332,-2.2196815129885267e-05,0.08860655796762193,-0.1216675575863054,0.0003615146731277653
0.1917439495147815,0.18490142706735943,0.6071080534887663,0.3018732237191466,0.26449789375525756,0.14389966703078497,0.0027511073773564465,-0.00010334729618565757,-2.1446071470622942e-05,0.0868826528913979,-0.12106889869016976,0.00035555466590210256
0.19475748343834323,0.18753531636507095,0.6085315230681965,0.30153312950677813,0.2639052826819403,0.1410036362247877,0.0036033118879697083,-0.0013047556679662254,-2.177092369418e-05,0.08522043334768256,-0.12014035935744762,0.00034922700436309617
0.20076463748627654,0.1927786810625079,0.6113134385374434,0.3004860413173322,0.26245839655444975,0.1355672995937453,0.005255401597105421,-0.0036723468434159082,-2.547798206828766e-05,0.08167132758528296,-0.11777630268726004,0.00033590303895357596
0.20375598734682523,0.19538657406384097,0.6126739733546303,0.29978224173358653,0.2616076331056657,0.13302406803237227,0.006051075725049055,-0.004838286089936118,-2.8782487021357375e-05,0.07956601082453817,-0.11659395206174111,0.0003286875930686216
0.2067376905777273,0.19798425146900933,0.6140155750945333,0.2989602194769018,0.26067487992878363,0.13059543259428286,0.00682441514845513,-0.005991530765043885,-3.299754057255408e-05,0.07733166379229717,-0.1153248126209352,0.0003209340311864739
0.2097086446478713,0.20057097870662075,0.615338684256451,0.2980214056679952,0.2596629349793568,0.12822573607565707,0.0075761573240669886,-0.007130222861817879,-3.8069581397168735e-05,0.07517089342072704,-0.11386993021701385,0.0003127038285064865
0.2126677563162415,0.20314603785498814,0.6166442719701691,0.2969670918939426,0.25857433887556264,0.12596890578229353,0.008307705385114378,-0.008251645827407802,-4.3934407918524056e-05,0.07315029881079889,-0.11214343680260172,0.0003041702686163109
0.2156139493606758,0.20570873029991973,0.6179332793178264,0.2957992127308356,0.2574113686464025,0.12382274704742936,0.009019201931993917,-0.009354214485689821,-5.053178676352635e-05,0.07114385013631722,-0.11025846162736498,0.00029550574875095777
0.21854616637949453,0.20825837641111503,0.6192066270073303,0.29452007317183243,0.25617607687943694,0.12178590597851059,0.00970931473873796,-0.010437908237324087,-5.781361477901622e-05,0.0690040773873381,-0.10837145929373054,0.00028666878255683765
0.2214633684174163,0.2107943173108524,0.6204652163246458,0.29313195141680076,0.2548706578325496,0.11985707030186167,0.010376471407852965,-0.01150294847229679,-6.573516414238552e-05,0.06670697927922581,-0.10650662346749981,0.00027752322085568477
0.22436453426015707,0.21331591711798004,0.6217099220446656,0.2916368681521598,0.25349765136669167,0.11803427266853472,0.011020247751999085,-0.012548222339062264,-7.42383792066393e-05,0.06436741126814836,-0.10453051604334615,0.0002680388714484863
0.22724866146742553,0.21582256356016963,0.622941591439608,0.2900367608652234,0.2520597866695718,0.11631550891329255,0.011641479822678357,-0.013571145308470934,-8.324655388769272e-05,0.06211144500627838,-0.10229595023979281,0.0002583524495009074
0.2301147695033003,0.21831366681839237,0.6241610440572402,0.28833387219751244,0.25055966330448887,0.11469868045957247,0.012241105962305926,-0.01456911659003625,-9.267841131119293e-05,0.05994934544750612,-0.09980128722322607,0.0002486532639824481
0.23296190300808,0.22078865822059984,0.6253690706181683,0.28653092647413114,0.24899960847045224,0.11318136430047471,0.012819044630692547,-0.015540984254342733,-0.00010246731699696028,0.05777913175418764,-0.09719141280179647,0.00023902282537771138
0.23578913310523517,0.22324699036459553,0.62656643173127,0.28463091006363483,0.24738183633463628,0.11176080692424244,0.013374269693658786,-0.016486954223441038,-0.00011256416665199631,0.055506339347016515,-0.09460211639522473,0.00022940008569206848
0.2385955567713696,0.22568813859959336,0.6277538578893723,0.28263670786852674,0.24570871766531038,0.11043419410983922,0.01390594822051057,-0.017407122642161342,-0.00012292046792659127,0.05315030391107112,-0.09202241540402985,0.0002196957284537188
0.2441424936343447,0.23051689968099195,0.6301020299218272,0.2783764372854929,0.24220722271465495,0.10807564824358129,0.014903508765767383,-0.019164698835505586,-0.00014413447173531826,0.04881526363919162,-0.0864308173263967,0.00020085324175891757
0.24688134038088033,0.23290358392460958,0.6312637827237976,0.27611613101023696,0.24038386685782692,0.10699348707605057,0.015371965383350098,-0.019998491927941345,-0.00015484428896992184,0.04682469242141599,-0.0833859718257773,0.0001914721223349551
0.2495960474827829,0.23527121997392242,0.6324178755452051,0.2737733094563274,0.23851496325414395,0.10597849238740699,0.015820578583772883,-0.02080157839288006,-0.00016555017711320668,0.044839482257139206,-0.08031557878460101,0.00018222882591562858
0.25228585732745124,0.23761939246491634,0.6335648338564203,0.27135132422007024,0.23660252623679734,0.10503688675121844,0.016248803882668743,-0.02157447012138822,-0.00017621494828916893,0.0427999356888972,-0.07729633878143209,0.00017315423182820888
0.25495004181218595,0.2399477061642542,0.6347051958290187,0.26885337272813803,0.23464869881396294,0.10416977928055304,0.016656444351401452,-0.02231715880454543,-0.00018679509945842654,0.04074083029547341,-0.0742762237694291,0.00016424544634982086
0.25758790252869723,0.2422557867964493,0.6358394897597658,0.26628248166884966,0.23265575289725957,0.1033761164760004,0.01704417589821459,-0.023028390166624498,-0.0001972275287067907,0.03874950397956647,-0.07113061729679307,0.00015556344694661213
0.26019877243322614,0.2445432804458662,0.6369682242051004,0.2636417461633023,0.2306259181566564,0.1026538775701465,0.017413127581994526,-0.023706288558854823,-0.00020743827881052274,0.03687131115937317,-0.06779736838544914,0.00014722498525750622
0.2627820183419299,0.24680985223298607,0.6380918829619933,0.26093455162247087,0.22856123057607208,0.1020004145902104,0.017764049128548384,-0.024349624348545477,-0.0002173642487197922,0.03506830723114382,-0.06434108380678445,0.00013932150234390576
0.26533704251641327,0.2490551854719991,0.639210922250777,0.258164537697853,0.22646355011138108,0.10141262302460617,0.01809695751109144,-0.024958340782901333,-0.00022696402478934743,0.03326717368632983,-0.06087906794231767,0.00013186910345988585
0.2678632825633157,0.2512789818254073,0.6403257699199926,0.2553353606198701,0.22433471214823136,0.10088723287957344,0.01841158890822231,-0.02553285540947159,-0.00023620692385318645,0.03143980819816167,-0.05745875919597778,0.00012483500934303183
0.2703602106344958,0.2534809618553107,0.6414368256783294,0.25245051812142477,0.2221766423666515,0.10042102825425867,0.018708117371956656,-0.02607298981960051,-0.00024505358651406937,0.02963002214709086,-0.05402055309936613,0.00011820450686418734
0.2728273334546374,0.25566086496184354,0.6425444617196896,0.24951340654916596,0.21999131558996737,0.10001091267346532,0.01898735338896399,-0.026577677472208676,-0.0002534494741907409,0.027901501979437457,-0.05047562082664684,0.00011201682318989661
0.27526419362595156,0.2578184484230411,0.6436490233819775,0.24652752365087352,0.21778061846458252,0.09965382996864307,0.01925027164866653,-0.027045689473203877,-0.000261337677677647,0.02627067905312275,-0.046807722990164544,0.00010633613015293565
0.27767037121892557,0.2599534862073437,0.6447508291146546,0.24349658367136123,0.21554626804009155,0.09934660685331653,0.019497426874095457,-0.027476515198816536,-0.0002686759929943145,0.024695520089212428,-0.043088699342732975,0.00010120184518664
0.2800454870986313,0.2620657704637131,0.6458500864673422,0.2404245131789317,0.21328996864305474,0.09907730431667329,0.019729490266654832,-0.027870938485367047,-0.0002754501847417222,0.023187595038990098,-0.039448023778474,9.652132613372377e-05
0.282389199012534,0.26415510870535946,0.6469469826060247,0.23731506867642957,0.21101326181313954,0.09884316436860298,0.01994666018008377,-0.02822965437464221,-0.00028164386984478413,0.021699620235655415,-0.03587681257684093,9.257356546961003e-05
0.2869812172035689,0.26826425078537314,0.6491344830512598,0.2309982947196498,0.20640485578656573,0.09848060576619003,0.020338294354866407,-0.02883925449989447,-0.00029216321476530354,0.018879524641180055,-0.028665418480239294,8.693655074429504e-05
0.28922901722627753,0.27028374310236697,0.650225433751691,0.22779807438564625,0.20407615821110586,0.09834752090703879,0.020514088789602324,-0.02908892975959057,-0.00029641494052372677,0.017567130502787066,-0.024970998195286993,8.505041627985948e-05
0.29144440194147475,0.2722796644019081,0.651314729929354,0.2245748840405678,0.2017329373148997,0.09824417433159785,0.020676907508375208,-0.02930169023781531,-0.00029996153863649544,0.01627151898089078,-0.021278836520278597,8.372633800724663e-05
0.2936272132980097,0.27425189378407844,0.6524024374787999,0.22133247474878454,0.1993764628172223,0.09816099209169675,0.020826495732060333,-0.029477925723378064,-0.00030279502155260005,0.014950496043231544,-0.017625631143591388,8.252742654777944e-05
0.2957773283497943,0.27620032275069845,0.6534886553086462,0.21807449036201612,0.19700803356601757,0.09810068726213811,0.020962689412313343,-0.02961788074012007,-0.00030490400927119345,0.013613137336547907,-0.013996851134460333,8.164833032975124e-05
0.29789465979364993,0.2781248560798057,0.654573485874204,0.21480450617795582,0.1946290037806723,0.09806303254802823,0.02108562819027458,-0.02972146333111343,-0.0003062708187249826,0.01228982312770736,-0.010358842083813928,8.116704424254026e-05
0.2999791564636963,0.2800254118898638,0.6556570234613407,0.21152609924707458,0.19224072497379519,0.09804660918178469,0.021195625442963058,-0.029788488500175563,-0.00030687706385774667,0.010997921665167984,-0.0067023001872354455,8.110071725932109e-05
0.3020308037515891,0.2819019213059585,0.6567393492735164,0.20824289299670395,0.18984449031388967,0.0980494797382382,0.021292863985702286,-0.02981900452469237,-0.00030671088502090766,0.009724349483459129,-0.003050561008902168,8.143086858732434e-05
0.30404962359971577,0.28375432824675595,0.6578205290480947,0.20495852402382744,0.18744153747762818,0.09806947049218348,0.021377246751315533,-0.029813308493368603,-0.00030576749444896677,0.008441088977681416,0.0005714851823112204,8.212407357873532e-05
0.30603567407221427,0.28558258954858806,0.6589006127209754,0.20167658275193026,0.18503309962656866,0.09810440401535167,0.0214485264580725,-0.0297717025249154,-0.0003040441625357506,0.007133104156785666,0.004163331275484432,8.313364635513659e-05
0.3079890487325416,0.28738667514357447,0.6599796407997629,0.19840060014474797,0.18262044990786988,0.0981527537170221,0.021506556813533494,-0.029694343242832263,-0.00030153606388966833,0.005810491784452841,0.0077395280354388765,8.450524192172413e-05
0.3099098765758521,0.289166568274339,0.661057641706662,0.19513409173815527,0.18020489154012398,0.0982127001211501,0.021551347965429502,-0.029581394621348775,-0.0002982398086528106,0.004488883158255317,0.01129933753147632,8.625664355029607e-05
0.31179832201200974,0.29092226548864575,0.6621346278793365,0.19188057777901588,0.17778771612261898,0.09828200631399264,0.021582891567419802,-0.029433211826346888,-0.0002941575411786871,0.0031664041218354565,0.01482363313099361,8.839131304990508e-05
0.3136545844254582,0.2926537765598401,0.6632105959691001,0.18864354691817098,0.17537019087204153,0.09835847210094775,0.021601013877457057,-0.029250270797263344,-0.0002892958118152543,0.0018264941175527034,0.018300330746096806,9.087568014555464e-05
0.3154789014638124,0.29436112751185994,0.6642854091718224,0.18542651997247012,0.1729536477878826,0.09842801894354634,0.021605709309477143,-0.02903350312565541,-0.00028367520673819665,0.00048592038760502656,0.02168384540891396,9.343614938171459e-05
0.3172715433522475,0.2960443572648704,0.6653589348733696,0.18223281583453485,0.17053936329634936,0.09849047737843201,0.021596795439263242,-0.028783398543694952,-0.0002773060865986832,-0.0008729774460017806,0.02501837471661328,9.628216803090982e-05
0.31903281211613205,0.29770351757509633,0.6664310568706342,0.1790657042152316,0.1681286339971848,0.09854693151476339,0.02157407942328609,-0.028500361123605863,-0.00027019824124136145,-0.0022512461757338573,0.028312483770260553,9.942628612282619e-05
0.32076304143682727,0.2993386733022588,0.6675016705116888,0.17592845554199973,0.16572277087030074,0.09859794608638955,0.021537341324670046,-0.028185083530809,-0.0002623697059798253,-0.0036516246321670683,0.03153730204461895,0.00010280669894592381
0.3224625960854043,0.3009499026887875,0.6685706772709409,0.17282429571091976,0.16332309204718684,0.09864353159011784,0.021486261291828915,-0.027838527801497096,-0.0002538464738983574,-0.005084131294968506,0.034665881434914766,0.00010634541580177715
0.3241318708417644,0.30253729773304044,0.6696379812696013,0.16975631814146602,0.16093093938268999,0.09868341219994291,0.02142044934629696,-0.027461493541336854,-0.00024465300838139476,-0.006555777852025462,0.037714464398921066,0.0001099807257575868
0.32577128955728035,0.30410096465610464,0.6707034865910946,0.16672746840234728,0.15854770147801975,0.09871713756068874,0.021339565838871807,-0.027054289700366378,-0.00023480505311884077,-0.00806151062055834,0.04073212381870312,0.00011366892766592888
0.3273813049178466,0.3056410242957093,0.671767094600149,0.16374063767214053,0.1561748112753965,0.09874402976913634,0.02124336968786389,-0.026616967093499446,-0.00022431469921550048,-0.009591466962329744,0.043744675084619475,0.000117366338546612
0.3289623986244625,0.3071576123205215,0.6728287019132437,0.16079876703414436,0.15381371877671737,0.09876316504436805,0.021131608218174804,-0.02614992789639675,-0.0002132034847014634,-0.011146835166045435,0.04671697002300907,0.0001210207186519087
0.33051508109934497,0.3086508793995885,0.6738881999939632,0.15790483527485044,0.1514658771485833,0.09877351496853311,0.0210038849049834,-0.025654233452651446,-0.00020150878669317936,-0.012742043021415912,0.04958307320679578,0.00012457885091064216
0.33353738972415176,0.31156813075133,0.6760004103751435,0.1522721021677481,0.14681594113219168,0.09876399883910253,0.020698684548617955,-0.024581585368861167,-0.0001765359877471896,-0.016070243129507354,0.05497460165145973,0.00013125411068797704
0.33500816812759254,0.312992495247104,0.6770528809525281,0.14953847542251944,0.1445170158728367,0.09874235637564777,0.020520712298625756,-0.024005524445751276,-0.0001633145516368509,-0.017765108635477544,0.05762109920501979,0.00013431265688841477
0.33645283775552554,0.3143942989155612,0.6781027973242186,0.1468632973381815,0.14223763872322076,0.09871225095476935,0.02032589143752651,-0.023402709514189816,-0.00014962558024899438,-0.019449640710487978,0.0602968712623029,0.00013716565374036956
0.33787203653963943,0.3157737718153675,0.6791500609877908,0.14424918801718992,0.13997940743512874,0.0986724670928141,0.02011408892901472,-0.022773687887771316,-0.0001355027099575912,-0.021147646661707237,0.06291785366858,0.00013982759040645162
0.3392664275318507,0.3171311602854652,0.6801945628813872,0.1416988022939476,0.13774389395402195,0.09862153995577914,0.019884842302278504,-0.022119866002924888,-0.00012099800892793269,-0.022892107127049498,0.06539811532604654,0.00014229307609464132
0.3406366970794623,0.31846672740147125,0.6812361862647913,0.13921462439371365,0.13553271941834807,0.09855833092748434,0.019637641595959217,-0.021442661313670047,-0.00010616460396876538,-0.02468776427965993,0.06773655360332628,0.000144545655594472
0.34198355295415117,0.3197807535741691,0.6822748084701582,0.13679887473316896,0.1333476051183879,0.09848197922934342,0.019372325522692337,-0.02074263618232618,-9.103968112140058e-05,-0.02649970737682763,0.0700186937043166,0.0001465569519997644
0.34330772370161716,0.32107353672075334,0.6833103013579943,0.1344536375927802,0.1311903337545872,0.09839174355804173,0.019089149772488375,-0.020019583682057467,-7.56468665310198e-05,-0.028286205114219854,0.07232147784989235,0.00014827965883510054
0.3446099591467615,0.32234539183489763,0.6843425316272495,0.13218107352008593,0.12906265060826527,0.09828690232359122,0.01878839836342299,-0.019273512730979193,-6.001565985906215e-05,-0.030044433180428924,0.07462331598796211,0.00014965633128385808
0.34589103066039334,0.32359665044055425,0.6853713629972759,0.1299834807158112,0.126966212740214,0.09816689185056136,0.01846994942101307,-0.018505482031759887,-4.419664731414048e-05,-0.0318150149645179,0.07681921050437894,0.00015064966127780483
0.347151729972737,0.32482766060180235,0.6863966592545773,0.12786312316969628,0.12490265008209389,0.09803143179880101,0.018133314733798485,-0.017717328879199568,-2.82550844582003e-05,-0.033634598203898386,0.07883129048452901,0.00015125957556252854
0.34839286686301746,0.32603878754248594,0.687418285670994,0.12582200068157864,0.12287367493195414,0.0978804473275997,0.017778166268367156,-0.016910515994125526,-1.2248913928673167e-05,-0.03548713533836409,0.08069702274676262,0.00015150478636607678
0.34961526734968257,0.32723041418138377,0.6884361076100629,0.1238618179797367,0.12088111417406472,0.09771382319094808,0.017404806144084805,-0.016085355359510164,3.7846299225387465e-06,-0.037309562021207,0.08253150227770402,0.00015138287204777658
0.3508197735136207,0.32840294084251015,0.6894499879590086,0.12198419521424467,0.11892681095107029,0.09753123640606554,0.01701402872316847,-0.015241496355920493,1.9819084312811423e-05,-0.03905262816394556,0.08440100086577174,0.00015085089633732354
0.35200724656193716,0.3295567866609665,0.6904596694158914,0.12019102301226312,0.11701259449395778,0.09732040532827883,0.01660702655817196,-0.014379936283350367,3.5797198440563396e-05,-0.04067655319190585,0.08617069692063017,0.0001491507685536543
0.3543346143201611,0.33181018421921077,0.6924654842205837,0.1168653233201768,0.1133105340098321,0.09681973014113178,0.015745108488329822,-0.012612081916406696,6.731367478132513e-05,-0.04387931439425239,0.08907160338668843,0.00014412246348089301
0.35547630006521,0.3329106457155867,0.6934612154652737,0.11533579779764924,0.11152573278563602,0.09653543517312788,0.015290235943880664,-0.011709726108003774,8.272996419213351e-05,-0.045468508086859066,0.09024864499823951,0.00014113945061944752
0.35660452983672664,0.3339942459953876,0.694451958249702,0.11389653132401059,0.10978719860472468,0.09623400470239334,0.014820229544213245,-0.010795373359049358,9.788124681075444e-05,-0.04698359213291471,0.09144772992811145,0.00013833336848573382
0.357720222399624,0.33506147532335184,0.695437584385159,0.11254850797051073,0.10809651014020094,0.09591689096189386,0.014336327925405519,-0.009868535455080424,0.00011274826936016824,-0.04837480255585235,0.09269562268728446,0.00013534272869100242
0.3588243072168928,0.33611283650018553,0.6964179702137321,0.11129291213304633,0.10645504248293836,0.09558457745022193,0.013839345427547908,-0.008929771472238973,0.00012729527471863622,-0.049684578054071143,0.09388758454137412,0.00013202037880103234
0.3599177241205211,0.3371488438796568,0.6973929946514662,0.11013102208148871,0.10486399516825272,0.09523730985815243,0.013329321928542854,-0.00798100624863526,0.00014146857244228252,-0.05099036707238303,0.09488703091965021,0.0001283537091349616
0.36100142103781113,0.3381700235049924,0.698362539063375,0.10906390957332388,0.10332456461178335,0.09487533926393509,0.012806117077163868,-0.007024418710577801,0.00015521415499908985,-0.052310173510918996,0.0956685582175563,0.00012439609042076653
0.3620763512868021,0.33917691361914626,0.6993264860976253,0.10809226515739029,0.1018380662808454,0.09449887163075395,0.012270317937100497,-0.006061063880863403,0.00016849574850266968,-0.0535712255454877,0.09634457363541155,0.00012018300188853886
0.3631434724111635,0.3401700642450152,0.7002847178300388,0.10721654147216035,0.10040586084849834,0.09410798833938615,0.0117234647181342,-0.005090737456066439,0.00018129439852515857,-0.054678186894910615,0.09704102486787984,0.00011569092641617775
0.3642037468221348,0.3411500354023465,0.7012371152812683,0.10643725533998566,0.09902914603998059,0.09370272631564999,0.011167285718821418,-0.004113230051754586,0.00019359174942628444,-0.05561224216294777,0.09775842388026441,0.00011087211065613365
0.36525814254322536,0.34211739498003785,0.7021835601468341,0.10575511984073271,0.09770883544105277,0.09328325590285982,0.010602747724964431,-0.003129623175339566,0.00020535614136995683,-0.056449540505282336,0.09836767770828703,0.00010572525966199856
0.3663076322063652,0.3430727176607461,0.7031239371019234,0.10517085947782619,0.09644565820283073,0.0928499503515025,0.010029979412943098,-0.002142220552729919,0.00021654623706530898,-0.05727388314902778,0.09874656391197124,0.00010032381796336755
0.36839579052386945,0.34494958615220844,0.704986041818152,0.10429727573247025,0.09409381931095623,0.0919435416855035,0.008861432800029743,-0.00016313100635509807,0.00023708260519109546,-0.058772584831122375,0.0990068965320057,8.910621239568322e-05
0.36943640562394375,0.34587231689454967,0.7059074834041125,0.10400796502874539,0.09300697376468227,0.09146425585292636,0.008269578919844879,0.0008274176139398681,0.0002463936606440807,-0.05918569900669346,0.09905921605805929,8.262675965572217e-05
0.3704760068657183,0.3467853762908925,0.7068222717105634,0.10381692197333378,0.09198035602648968,0.09096438481575336,0.007675880007227155,0.0018180683616673776,0.0002550513759724213,-0.05937103819878795,0.09906884123319759,7.59326313604957e-05
0.3715155640538802,0.34768936310846305,0.7077302390114859,0.10372417398841359,0.09101405056401034,0.09044610364079018,0.007080913164328772,0.0028074912534224628,0.0002630485601903244,-0.05949853561627747,0.09894550896317687,6.96657311660199e-05
0.37255604439138196,0.34858487570122615,0.7086312565292933,0.10372970685901516,0.09010807025618087,0.08991346188896342,0.006484628397553536,0.003793346999022847,0.00027037111758551553,-0.05963089519126198,0.09858828583065554,6.355671776996488e-05
0.37359840965549074,0.3494725125906301,0.7095252183805192,0.1038331595530161,0.08926250312408728,0.08936892267587099,0.005887375753026179,0.004773861932896714,0.0002770119930559952,-0.05972811090840164,0.09805373755522309,5.752590886799455e-05
0.3746436140642066,0.3503528725471681,0.7104120306975461,0.10403381869989242,0.08847753231145462,0.08881391101538055,0.005290622282775069,0.005748740020254445,0.00028297577755104366,-0.059678486508744896,0.09748963128721502,5.150448022869313e-05
0.37569260420135203,0.3512265530990444,0.7112916053986336,0.10433089317614684,0.08775324289408688,0.08824924806547536,0.004696521987168458,0.0067184561082400136,0.0002882722323384142,-0.05941333288441261,0.09697305640910167,4.5395900132116184e-05
0.37674632010072656,0.3520941479980805,0.7121638583009193,0.1047237658781014,0.08708941775668703,0.08767552956698602,0.0041067603385467576,0.007682728454970803,0.00029290819659189655,-0.05897950471226227,0.0964283527528955,3.914322404504575e-05
0.37780569536033437,0.3529562452817193,0.713028709646914,0.10521195509256434,0.08648554574550536,0.0870933410810341,0.0035219327715222785,0.008639810543458512,0.0002968868724615319,-0.0584860054385263,0.09570904155761266,3.2788070166873544e-05
0.3788716552019401,0.3538134268702188,0.7138860847182434,0.10579482859968255,0.08594102739733192,0.08650329922385488,0.0029421123028722596,0.009587367208012537,0.0003002139134413069,-0.057985080576413967,0.09475625788137942,2.6436642860998307e-05
0.37994511360997896,0.3546662689548649,0.7147359127739564,0.10647138117707695,0.08545535052010514,0.08590594305302783,0.0023679606157815175,0.010523989111527276,0.00030290243359253337,-0.05741787373061243,0.09366258471109998,2.016124902844283e-05
0.38102697169209965,0.3555153416109069,0.7155781250295682,0.10724031840608486,0.08502804998304261,0.08530165596370985,0.0018011853117184955,0.011449693275431402,0.0003049716713055984,-0.05667980531683533,0.09257065690999294,1.3941194366354262e-05
0.38211811805233054,0.3563612069208293,0.7164126534043002,0.10810034893097163,0.08465849688653956,0.08469069941849301,0.001243840706109428,0.012364899719792424,0.00030644226351276215,-0.05573621304033733,0.09152077218728805,7.707313170154805e-06
0.3832194297174558,0.35720441703978223,0.7172393932046216,0.10905047277605877,0.08434585943358468,0.08406940134519644,0.0006979631399993264,0.013268245626741329,0.00030732774802405956,-0.054588892823315,0.09033464359062415,8.351258663074018e-07
0.3843317707895396,0.35804551135119284,0.7180582207462614,0.11008962195468083,0.08408890179342095,0.08343584467030382,0.00016413582699565017,0.014157380095703893,0.000307651246503788,-0.05338317616166536,0.08891346160400761,-5.979290252461246e-06
0.3854559902653348,0.35888501622415103,0.7188690295988661,0.1112164558350202,0.08388632327308745,0.08279174650060281,-0.00035754850555458416,0.015029949504778222,0.0003074431097965169,-0.052168130701178046,0.08725695101668964,-1.2373156820305673e-05
0.38659291929649775,0.35972344544107016,0.7196717333588464,0.11242923738360318,0.08373691342171384,0.0821391557763948,-0.000866358255071465,0.01588487357104885,0.00030673704527920255,-0.050879884699700444,0.0854924417955255,-1.8280643518938794e-05
0.3877433699791491,0.36056129966629785,0.7204662582069703,0.11372600162733504,0.0836394714520909,0.0814794297438616,-0.0013607211285847503,0.016722402360391155,0.00030556585039933504,-0.04943437896873528,0.08375296486266354,-2.3841719864788944e-05
0.3900879938192575,0.3622372092715383,0.7220305278846845,0.11656404774902111,0.08359466683935728,0.08014306971587241,-0.0023007340893729253,0.01834545635839826,0.0003019543657857235,-0.04616301376302521,0.08025920203458617,-3.447347816950981e-05
0.3912837015298941,0.36307618500690453,0.7228001845967055,0.118101889130513,0.08364384765543376,0.07946909597370767,-0.002745926399833897,0.01912829139930098,0.0002995836180883666,-0.044514790000678026,0.07828385891648358,-3.9497486510736094e-05
0.39249599704212085,0.36391642634412485,0.7235614838715333,0.11971640867263612,0.08373840601190302,0.07879267636674542,-0.003174850472369708,0.01988967384529444,0.000296887098560437,-0.04288714760898778,0.0761387145157763,-4.420101825915412e-05
0.39372559497757315,0.3647583512537027,0.7243143747751639,0.12140530362694742,0.08387669657968425,0.07811136608835133,-0.0035870984158104446,0.020629421451479377,0.0002938994646559584,-0.04121874253015212,0.07397535266325875,-4.859408310323858e-05
0.39497318774377643,0.3656023609874333,0.7250588325886058,0.1231662128819235,0.08405708750700608,0.07742781033490684,-0.003981619172146032,0.021348111615758794,0.000290650546276947,-0.03944525756629013,0.07186973552197419,-5.2840467709341155e-05
0.39623944618834234,0.36644883872183787,0.7257948383929851,0.124996906196429,0.08427779757290933,0.07674256805158558,-0.004357562249342452,0.022045972927058094,0.000287169381646083,-0.037586755656681514,0.06978697971988965,-5.7052750415073175e-05
0.3975250201529524,0.367298148493308,0.726522375442683,0.12689530127521273,0.08453687885720894,0.07605573797002996,-0.004714847620389596,0.02272211086213003,0.00028348899874298315,-0.03572029998747601,0.0676147705861283,-6.123334500576586e-05
0.3988305376270311,0.36815063522260594,0.7272414325649577,0.12885927386595464,0.08483234472745094,0.07536768050868825,-0.005053910721083774,0.02337491942217993,0.0002796466176665605,-0.03389745505977364,0.06528195681335011,-6.527629438059335e-05
0.40015660283373666,0.36900662545342106,0.7279520056409198,0.13088646698198017,0.08516229695508894,0.07467890584355706,-0.005374987956951306,0.024003222245957325,0.0002756785618597334,-0.03209832478551364,0.06283149959572776,-6.906502462680978e-05
0.40150379470384506,0.36986642775773526,0.7286540919202684,0.13297430027150856,0.08552492183592794,0.07398941831545369,-0.0056777626149853416,0.024606924459647374,0.0002716157830321683,-0.030267592392473588,0.0603715465876374,-7.252489290735752e-05
0.4028726668762816,0.3707303323480528,0.7293476860383429,0.13512016098054333,0.08591838553893634,0.07329885937500472,-0.005961683680812098,0.025186506015759922,0.000267484541314865,-0.028381822400434006,0.057959579832222906,-7.569064052525163e-05
0.40426374859985054,0.37159861032489844,0.7300327799581802,0.13732156156722605,0.08634074981970388,0.07260682134976335,-0.006226587205252866,0.02574199513865388,0.00026331162214909587,-0.026479727720795692,0.05555042489993604,-7.862839397066502e-05
0.405677545142106,0.37247151344962826,0.7307093680181383,0.13957610715735486,0.0867900057920976,0.07191331250020273,-0.006472929122848725,0.026272527195712183,0.00025912794385760503,-0.02462331250874175,0.05305479343682761,-8.13451636409897e-05
0.40711453695209626,0.37334927476301993,0.7313774524721084,0.14188132492989045,0.08726418524777481,0.07121884468458518,-0.006701426640049741,0.02677691095308788,0.0002549660979988572,-0.022838713934212322,0.05044002335393594,-8.378501922879061e-05
0.4085751783713459,0.37423210947596847,0.7320370395382032,0.1442346185495174,0.08776142911471561,0.07052348693420227,-0.006912568610053067,0.027253968925683117,0.00025085974483899623,-0.021103104933970256,0.04770748735704697,-8.574523247109339e-05
0.4100598952539104,0.37512021540337914,0.7326881100951881,0.1466331516148058,0.08827997192494388,0.06982447782051282,-0.007106444139290906,0.027703663076765146,0.0002468326792720015,-0.01937648847731789,0.04497113302190549,-8.733382264913224e-05
0.4115690859238878,0.37601377312370393,0.7333306466339464,0.14907408607893963,0.08881805124268774,0.06912178707589252,-0.0072830796249705645,0.028126331417224513,0.00024290313197908347,-0.017652580707955463,0.04226856697158726,-8.869428996922481e-05
0.4131031222239129,0.37691294594372127,0.7339646452571041,0.1515546888005861,0.08937386812700737,0.06841653192583573,-0.007442852323743348,0.028521818204470233,0.00023909037262305051,-0.01596647206676542,0.03955041350978164,-8.99197342566638e-05
0.4146623496993058,0.3778178803017146,0.7345901227907414,0.15407226395875298,0.08994563069029995,0.0677104687043913,-0.007586555689337664,0.028889346547632092,0.00023541608625240253,-0.014359790779368293,0.03675455705296101,-9.108282621744375e-05
0.4162470864991619,0.37872870665019526,0.735207109842327,0.1566240228875652,0.09053163726418847,0.06700464122782801,-0.007715053199640097,0.029228115298572426,0.00023190092139856313,-0.012839537862264976,0.03387857222677204,-9.217498502581175e-05
0.4178576221756474,0.37964554040850235,0.7358156433253596,0.15920703576739934,0.09113030556220901,0.06629939838382931,-0.007828964715652196,0.029537921132713734,0.0002285594961926536,-0.011381334910311848,0.03098224385088533,-9.320925509377925e-05
0.41949421737148124,0.3805684825727553,0.7364157617426719,0.16181831759864007,0.09174013469760296,0.0655946770630628,-0.007928685053582324,0.02981912906518625,0.0002254000252751804,-0.00996265833395207,0.028122408830315946,-9.424164294014127e-05
0.4211571044054517,0.3814976200239652,0.7370075044721549,0.16445494598572988,0.09235965368865916,0.06489034288846032,-0.008014653529065649,0.03007209746448873,0.00022242891852656646,-0.008587951721853131,0.025298403698231095,-9.531212845281726e-05
0.4228464879059709,0.3824330259127528,0.7375909134432295,0.1671140879561061,0.09298741501509292,0.06418637251599746,-0.008087544745689975,0.030296723755443334,0.00021965508777041325,-0.007280750292272847,0.02246413338996755,-9.640083875634892e-05
0.4245625447701535,0.38337476037224755,0.7381660343477133,0.16979292475379512,0.09362203334462187,0.06348281386952966,-0.00814819290558396,0.030492561523828298,0.00021708957279112758,-0.006057019400703912,0.01958521329679234,-9.74477675036633e-05
0.4280752440565432,0.3852773958434518,0.7392916060142387,0.17519807624641073,0.09490678865052521,0.062076564284763706,-0.008235725698036855,0.030797071618929136,0.00021261533972476656,-0.0038280771873979856,0.013777902548396993,-9.931475984345535e-05
0.42987209743950977,0.386238359672128,0.7398421536364084,0.1779184998944484,0.09555461241947973,0.06137333201371518,-0.00826376680956134,0.030906208490045904,0.00021071207009796064,-0.0027982401851348523,0.010914885126270436,-0.00010019578957032931
0.43169604565495,0.38720577863023914,0.7403845651538886,0.18064697655824574,0.09620465156974398,0.06066549885120587,-0.00828181634000517,0.03098686229902041,0.00020903333823408559,-0.0017997587800965738,0.008066493009190651,-0.00010106461201531039
0.4335471248375452,0.3881796589231307,0.7409189171543108,0.18338064640113305,0.09685583027310427,0.059959794215461416,-0.008290666251899089,0.031039066154625494,0.00020757972798791206,-0.0008804838357518813,0.005221410245798229,-0.00010202925851820727
0.4354253417146686,0.3891599974645585,0.7414452304686675,0.1861166872431547,0.09750722089012542,0.059250321398368604,-0.008290761694549556,0.031062725648582222,0.0002063533942582382,-5.737000818560973e-06,0.0023668842998523644,-0.00010295486113703835
0.43733067573558404,0.39014678276303655,0.7419635489098289,0.18885223324442316,0.09815791859187666,0.05853910356579005,-0.00828258027418854,0.031057958871185194,0.00020535374566140312,0.0008212464796401703,-0.00047583340645788736,-0.00010386323909149788
0.4392630788642854,0.3911399953266808,0.7424739261982842,0.19158442994931668,0.09880707125591011,0.05782688925138523,-0.008266600295840452,0.031025038659656515,0.00020457816954559094,0.0016004049527301473,-0.0032912670124982785,-0.00010475740987869098
0.44122247576816925,0.39213960808775733,0.7429764192541581,0.19431046583809358,0.09945387494542886,0.05711375777081617,-0.008243322939763586,0.030964200634356606,0.00020402353739313808,0.0023294543938263473,-0.006083137623333495,-0.00010565567375721452
0.44320876414441535,0.39314558692957685,0.7434710893471699,0.19702756405628807,0.10009757956638034,0.05639989374270525,-0.008213237667476298,0.0308756011259599,0.00020368714658222005,0.003009567180286293,-0.008859374262095019,-0.00010652320045068694
0.4452218148026244,0.39415789119356476,0.7439580003792077,0.19973295861735135,0.10073749249532045,0.05568532241943976,-0.008176763333781136,0.03075946221661405,0.0002035655967603907,0.0036478078971804197,-0.011613401407045148,-0.00010732357963538398
0.44726147181641007,0.3951764741057805,0.7444372172452969,0.20242389480258535,0.10137297137311833,0.05496994055673312,-0.008134226653159242,0.030616188636174168,0.00020365383427218515,0.0042533973235933786,-0.014326953530429601,-0.00010802609836603842
0.44932755298350197,0.3962012830934971,0.7449088053729893,0.20509766312617025,0.10200340927018842,0.05425361925635094,-0.00808590854136251,0.03044625374271669,0.0002039460947916375,0.004830919012175009,-0.01699316744880243,-0.00010860536607896103
0.4535381310359788,0.39826934165573663,0.7458293619857136,0.21038318870115894,0.10324687133629283,0.05281773331574412,-0.007973111972131049,0.030027457014205502,0.00020512543802774546,0.005897098020318202,-0.02225114894511994,-0.00010932856925859706
0.4556821356260472,0.3993124594998992,0.7462784341658186,0.21298980255895292,0.10385884625240237,0.052094601264514255,-0.007909073932683575,0.029778614775966675,0.0002060095448603381,0.006401160593062745,-0.024884141113879075,-0.00010923748615005063
0.4578515802927962,0.4003615406554762,0.7467201084916428,0.21556884293689188,0.10446366747605379,0.051369179124741815,-0.00784000213135245,0.029503820544826063,0.00020708493464876437,0.0069039930162951985,-0.02747941776997447,-0.00010889711886383686
0.4600461552668677,0.40141650726306954,0.7471544119087179,0.21811774735749434,0.10506086199610976,0.050637898304905525,-0.007765837217497152,0.029203559195705883,0.00020834445427681862,0.007412794764939892,-0.030026203443627688,-0.00010839527030349838
0.4622655274012901,0.4024772769351991,0.7475814066800932,0.22063399840078585,0.10564994094030078,0.04990414572374726,-0.007686547593136943,0.028878306892618066,0.00020978080838125567,0.00792479172008227,-0.03252536912037907,-0.00010772312752803442
0.46450934025210905,0.40354376256582,0.7480011699330946,0.22311516865083938,0.10623040914761528,0.0491692045304012,-0.007602176413818195,0.02852817875188557,0.00021138947602593347,0.008432501172999466,-0.035013020663184145,-0.00010685221555422434
0.4667772139458059,0.4046158723426545,0.7484137857375681,0.22555885060848932,0.10680177848822107,0.04843353885899684,-0.007512782230617738,0.028153118493351423,0.00021316701191281093,0.008934381348242773,-0.03750629806485208,-0.00010577118279302201
0.4690687448337576,0.40569350984186986,0.7488193411684954,0.2279625979882569,0.1073635794503764,0.047697292408592676,-0.007418302252816909,0.027753411651909105,0.00021510708148808874,0.00944257536531172,-0.03997101864451859,-0.00010447429814194484
0.47138350561381553,0.40677657399434497,0.7492179243132661,0.23032395641559766,0.10791534896349435,0.04696053731396339,-0.007318495029493419,0.027329924850472448,0.00021719876738635736,0.009974962216862823,-0.04234907184879442,-0.0001029555466478686
0.4737210463145616,0.4078649588265613,0.7496096238137523,0.23264056498121588,0.10845660159497691,0.04622335761203613,-0.007213035416143929,0.026883722688595374,0.0002194295640825415,0.010539915103771403,-0.044620659449387236,-0.000101205331236277
0.47608089563068284,0.4089585530897645,0.7499945289291879,0.23491021978403717,0.10898681063292462,0.04548577031394267,-0.007101669352775475,0.02641542600639706,0.00022179003055263868,0.01113031655005978,-0.04683015852009458,-9.921678765722733e-05
0.4784625616589382,0.41005723998919236,0.7503727290676042,0.23713082154307294,0.10950541662876583,0.04474762989756331,-0.006984261619120372,0.025925038290422146,0.00022427476750706946,0.011734271506714359,-0.0490393058036635,-9.699306773516069e-05
0.4808655317366283,0.4111608971020109,0.7507443133379856,0.2393002597032166,0.11001185233684192,0.04400873686928849,-0.006860668276973714,0.025412484837828434,0.00022687831291620704,0.012352651985382402,-0.0512559200798324,-9.454795891149619e-05
0.48328927210292777,0.41226939631995896,0.7511093705685383,0.24141636281368167,0.11050555236710327,0.04326903363664613,-0.006730562998340354,0.024878313614618112,0.0002295902529550196,0.013003709318526407,-0.05341773263049811,-9.189742529322444e-05
0.48573322853914924,0.4133826037264836,0.7514679918383916,0.2434769979648668,0.11098595758707072,0.04252879910492382,-0.006593118760078732,0.02432357075338134,0.0002323973317717,0.013737518865672605,-0.0554749261554904,-8.894141657850723e-05
0.4881968275601653,0.4145003785464363,0.7518202717157573,0.24548014707385263,0.11145239559213338,0.04178850169673677,-0.006447639302015398,0.023749423098766584,0.00023528437286532167,0.014541007064425874,-0.057415428593701905,-8.574880055863149e-05
0.4906794779239703,0.41562257242138284,0.7521663078292772,0.24742397710164973,0.11190411012716146,0.04104844490524396,-0.0062936750389243155,0.023156338068921617,0.00023823970377020737,0.01538949587227384,-0.059309183586296235,-8.238576081051634e-05
0.4931805711271301,0.4167490289629708,0.7525061998745413,0.24930673574314696,0.11234029122474709,0.04030870891949922,-0.006130996633692263,0.02254412292060355,0.00024125460667924516,0.016260952035564834,-0.06122220804362029,-7.892039310079291e-05
0.4956994808839198,0.4178795836072868,0.7528400478814413,0.2511266151343901,0.11276011568055887,0.03956925658019531,-0.0059593621970176975,0.021912775489756845,0.00024431806859210925,0.017156634669210292,-0.06313544326241761,-7.539360762405395e-05
0.5007881543299126,0.42015228653650327,0.7534899495172979,0.25457034730028744,0.11354733379614529,0.03808555957540035,-0.005587270588174835,0.02059675931756024,0.00025051700943532504,0.01909529521903313,-0.0666474536847343,-6.837692496812298e-05
0.5033565781571091,0.4212940615893803,0.7538061165742328,0.25619080691645274,0.11391291310820438,0.037339617465032664,-0.005385788783970008,0.01991452136189563,0.0002536119737704952,0.020141911868448804,-0.06822446942919393,-6.488171196819895e-05
0.5059401433762635,0.4224391875875145,0.7541165505365462,0.2577416833231274,0.11425848604116023,0.036594308672098244,-0.005173592973020954,0.01921674373885887,0.0002566837021506545,0.021213571526661854,-0.06977841445709503,-6.129353575263446e-05
0.5085381462490265,0.42358745364626615,0.7544214193539294,0.25922154236976824,0.11458302258549928,0.03585682013782184,-0.004950492725567531,0.01850344551247924,0.0002597197948384751,0.022304299077365353,-0.0713304488235355,-5.7521689133947336e-05
0.5111498670601115,0.4247386380336321,0.75472077750752,0.2606289832986447,0.11488548168831604,0.035115852415429534,-0.0047164001010010495,0.017774635285969394,0.00026270441772712134,0.023403849040475353,-0.07288161740556168,-5.385543838081305e-05
0.5137745719956184,0.42589250893265496,0.75501470534713,0.26196248155674073,0.11516483899299902,0.03437432713799597,-0.0044708356548498526,0.017031535434578245,0.00026561599456680584,0.024551377951835974,-0.07431054236026013,-5.023994917861336e-05
0.5164115142936332,0.42704882386691156,0.7553032959168327,0.26322064081576196,0.11542002679842653,0.03363399967363996,-0.004213106622920639,0.016275955793555345,0.00026843067938290947,0.02576821604735404,-0.07555847804366324,-4.664266711248959e-05
0.5190599363944483,0.4282073288324618,0.7555866484897203,0.2644023200034476,0.11564988568510724,0.032895861690161204,-0.003942737828919698,0.01550907649735524,0.00027112781033434506,0.02703259332511555,-0.07668839616787612,-4.304974924583509e-05
0.5217190712855599,0.4293677576959278,0.7558648627499692,0.26550656360196984,0.11585318294020297,0.03216009321939208,-0.003659722250924347,0.014730937007018932,0.00027369110962520904,0.028297682425485613,-0.0778143658144245,-3.948922661235866e-05
0.5243881422648741,0.430529832244875,0.7561380352346804,0.26653240993428856,0.11602868489694391,0.03142645858214216,-0.003364303515459123,0.013941200141320291,0.00027610453643279906,0.029538413974318403,-0.07897405200606655,-3.603963826792871e-05
0.5270663621272291,0.4316932626338538,0.7564062587058267,0.26747878950056836,0.11617521114946423,0.03069486598037207,-0.0030564825642060644,0.013140370361009854,0.0002783480393018327,0.030779057581827425,-0.08008329075251042,-3.276882624611431e-05
0.5297529334929806,0.4328577475161468,0.7566696252112154,0.26834462665395664,0.11629160726163645,0.02996581438413169,-0.002735811662979829,0.012330153112582162,0.00028039780087808324,0.03206448004267502,-0.08102198411701014,-2.969182685155924e-05
0.5324470508306048,0.4340229735107423,0.7569282289340276,0.26912904226972645,0.11637666711061767,0.02924016565303362,-0.0024017381687842293,0.011512515598904016,0.0002822304880022204,0.03340516497417105,-0.0817639580424013,-2.6777354274208427e-05
0.535147902891422,0.4351886144374217,0.7571821651202219,0.26983143678004223,0.11642909474656672,0.028518480534689302,-0.0020541612245911357,0.010688440891191923,0.0002838265505616546,0.034755923099640845,-0.08240762772627176,-2.400351826896032e-05
0.5378546740281077,0.43635433107261223,0.7574315500454455,0.2704513600692596,0.11644754743879644,0.027803085098876378,-0.0016937031249010688,0.009857695370906359,0.0002851671250637961,0.0360444332020334,-0.08307466349345156,-2.1625841606008852e-05
0.5405665432881958,0.4375197719616502,0.7576764950387661,0.2709883025847092,0.11643076901115265,0.027093724066237473,-0.0013211108682455012,0.009020021842104754,0.0002862340120266541,0.037258219091909746,-0.08376742487680568,-1.9587621805476182e-05
0.5432826836468384,0.4386845744097994,0.7579171016154931,0.27144165001700027,0.11637761761768214,0.0263899206504821,-0.0009366492637761742,0.008176315880794087,0.00028700782789315376,0.0384454955886617,-0.08437063628634169,-1.7865585984810794e-05
0.5460022628565302,0.43984836482543016,0.7581534666161286,0.27181083957466845,0.11628699942210069,0.025691973131567698,-0.0005400378580706817,0.0073286242920644505,0.00028746966669389654,0.03966078305483335,-0.08476917660838097,-1.6406277205180815e-05
0.548724445932514,0.44101075824765135,0.7583856853051637,0.27209556222338627,0.1161577713281471,0.025000480910348673,-0.00013104418099454306,0.006478892641543508,0.00028760342447474067,0.04089927593531699,-0.08497317164623994,-1.5136524149000916e-05
0.5514483975557871,0.442171357849596,0.7586138478212175,0.2722957873369122,0.1159887233698357,0.024315435562350367,0.0002898655349615345,0.005627801223427093,0.0002873953833511659,0.04209109815078505,-0.08510915021758189,-1.4045158355498589e-05
0.5568982660067109,0.4444855325223553,0.7590583260217092,0.2724429032690207,0.11552658472626873,0.022962910189302313,0.0011628967768237963,0.003920356713729798,0.0002859001781046022,0.044135582688898056,-0.08546221903927835,-1.2668830746989959e-05
0.559622510833261,0.445638262359808,0.7592747927941136,0.27238964540786986,0.11523157506789478,0.022295814604634683,0.001613526104222432,0.003065216032597224,0.00028458849830195824,0.04506339164329524,-0.0855141751844032,-1.2455489301545704e-05
0.5623451810190242,0.44678750965807296,0.7594875138209921,0.2722518036631122,0.11489281464120837,0.021636123241022168,0.0020735763947686914,0.0022117755512803777,0.00028289035440157525,0.046005477920122835,-0.08534422360139883,-1.2477479165638804e-05
0.5650654435845068,0.44793283088347796,0.7596964942127709,0.2720297062309071,0.11450945182333373,0.0209772199735769,0.002543222017335894,0.0013613072390550166,0.0002808044927481413,0.04696493576763108,-0.08504709359782349,-1.226342077122792e-05
0.5677824702511317,0.4490737731921125,0.7599017862799596,0.271723824976601,0.11408053746200983,0.020324242391823608,0.003021620510164126,0.0005139326105695944,0.00027832566578948236,0.04784008261498402,-0.08473783204320662,-1.210662161327381e-05
0.5704954373777581,0.4502098754502186,0.7601034543069921,0.27133465374486854,0.11360521122215309,0.019678701732717567,0.0035072789440906884,-0.00033087832811342787,0.00027544588370183196,0.04856587070506076,-0.08448159133083233,-1.2192888765784277e-05
0.5732035249056817,0.45134067011763446,0.7603015608557157,0.27086256905253897,0.11308280801264568,0.019040894207504426,0.003998999034401876,-0.0011729548465469928,0.00027215909494633645,0.049171762882776325,-0.08420829986266369,-1.2634199224370948e-05
0.5786017996620072,0.4535844419481201,0.7606873290903393,0.2696711582229077,0.11189479338901132,0.017790769056429317,0.004999564560181496,-0.002842137605784089,0.0002643742289900962,0.050313753605022264,-0.0831394164510916,-1.4442775837844132e-05
0.5812903715824139,0.45469645951390425,0.7608751111590011,0.2689531134499162,0.11122819229735054,0.01718003012481622,0.005507928522959538,-0.0036657886040113116,0.0002598911388682369,0.0508349385939962,-0.08236632570642244,-1.5577098129900524e-05
0.5839708380501993,0.4558012508485649,0.7610595054013685,0.2681547674167063,0.11051254907642896,0.016572668920153907,0.006020437086437694,-0.004482124308286466,0.00025502165660167106,0.05124887366895296,-0.08163502829424417,-1.6387893918482935e-05
0.5866424135437562,0.4568983255312214,0.7612405453023267,0.26727700215778255,0.1097474723174617,0.015972966720851266,0.006535497602504582,-0.005291721803661569,0.0002497659839499942,0.051503484348404224,-0.08096146065435071,-1.7291323210907488e-05
0.5893043199751412,0.45798719145923256,0.7614182726639884,0.2663205827326784,0.10893278884445529,0.01538224511086991,0.007052064075224548,-0.006094117198405058,0.00024412984962678662,0.05165343983163149,-0.08024152369120399,-1.8465656891050947e-05
0.591955787006998,0.4590673561058995,0.7615927293978575,0.26528628569685153,0.1080684618352833,0.014801234643546435,0.007569926082205082,-0.006887597985278494,0.00023812969084183264,0.051782307264553004,-0.07935035149835856,-1.9878976180758974e-05
0.5945960540927009,0.4601383264993219,0.7617639557951185,0.26417509187429505,0.10715445339119556,0.014230510080956747,0.0080889973649228,-0.00767027851567931,0.00023178722226028882,0.051902512833624764,-0.07827062637870423,-2.1420170213469646e-05
0.5972243720868983,0.46119960796535686,0.7619320674746721,0.2629882271446022,0.1061906478385753,0.013678170590370907,0.008607853830951504,-0.008441397117749067,0.0002251188670638107,0.051880275905436,-0.07711474621761813,-2.303551377235385e-05
0.599840005290764,0.46225070691275044,0.7620971210881597,0.2617270368456753,0.105177096398324,0.013138648112364624,0.009124466777786621,-0.00920126307820668,0.00021813307640110253,0.05165513351502017,-0.07598980904067788,-2.4823934048659835e-05
0.6024422304868496,0.46329113280421286,0.7622591488903254,0.26039278561784707,0.10411407353877804,0.012609799513525992,0.009636891990892352,-0.009950207677343973,0.00021083945302049646,0.0512355383568864,-0.07489801214756613,-2.674621669656471e-05
0.6050303359816742,0.4643204002888024,0.7624181742686681,0.2589866376047286,0.10300209252571946,0.0120912058471173,0.010144099998122385,-0.010687467787675313,0.0002032593330192436,0.050712980145317506,-0.0737299073562553,-2.8759662643333475e-05
0.6076036222740805,0.4653380302301408,0.7625742144302675,0.25750981384631366,0.10184178233785222,0.01158286947831233,0.010645914071294506,-0.011411266534024835,0.00019542655094950597,0.05017275381675443,-0.07238411110083395,-3.081234015712345e-05
0.6101614042128897,0.46634354955921364,0.7627272804891939,0.25596375439708413,0.10063375566998436,0.011084742443057322,0.011142096147744774,-0.012119982047701986,0.0001873763051542771,0.04960873726361234,-0.07087612022315806,-3.2861342293102366e-05
0.612703012962279,0.46733649115559234,0.7628773796774808,0.25435011165127425,0.09937860590837558,0.010596770349990021,0.011631558369172065,-0.012813114763403395,0.00017913400997974921,0.04893594808765755,-0.06931816732244116,-3.48708641277669e-05
0.6152277953179597,0.46831639365788263,0.7630245955397346,0.2526705881655314,0.09807699218983172,0.01012675444471108,0.012111935580419014,-0.013491219735367986,0.00017071578307191593,0.048026650573566865,-0.06781571606286589,-3.6680429487788136e-05
0.6177351145982628,0.4692828061363982,0.7631689514217822,0.2509267974966217,0.09672989324962443,0.0096688560299873,0.012581433057956705,-0.014154477995437113,0.00016214086881637934,0.046937896017961625,-0.06633136085045885,-3.846094255541898e-05
0.6202243496410255,0.47023528971201256,0.7633104451271866,0.24912027648042895,0.09533849639743024,0.009220858800000604,0.013039353588311708,-0.014801923741519266,0.00015344276523768152,0.04577946098524303,-0.06475040728713126,-4.02670694462423e-05
0.6226948956746402,0.47117341800800083,0.7634490605397962,0.24725265509366057,0.09390405207762272,0.00878179469710272,0.013485694752984397,-0.015431866083009733,0.00014466560974609092,0.04462084937857389,-0.06300033676301055,-4.2100036271819105e-05
0.625146166790596,0.47209677715985415,0.7635847537055357,0.24532579360424564,0.09242778870018264,0.008349089353221519,0.013920451347023834,-0.01604335963251967,0.00013584832629846846,0.04346178436088128,-0.06115569776832834,-4.3628547491425246e-05
0.6275775956508642,0.4730049641967063,0.7637175227880971,0.24334163881140392,0.09091085906855795,0.0079270916076766,0.014342349044845363,-0.016636139072439562,0.00012701690947464474,0.042175340735061156,-0.059284506293953224,-4.52831701962536e-05
0.6299886348823017,0.4738975895884841,0.7638473427217471,0.2413021791846544,0.08935458001794788,0.00751346511621896,0.014749767816243202,-0.01721056490789097,0.00011818971855261758,0.04072693984926195,-0.057449347140000225,-4.696562190610195e-05
0.632378756063633,0.4747742790214308,0.7639741768170418,0.23920931258083514,0.08776046560846627,0.007107078230447305,0.015141655214310915,-0.017766502561266,0.00010939275642286092,0.03917335649444131,-0.05560070402867395,-4.860602304857048e-05
0.6370942252245674,0.47647843423447755,0.7642187218519501,0.2348709836733548,0.08446528942393072,0.006315214687906067,0.01587874576404423,-0.01881818119669387,9.206260392572456e-05,0.03606944522366007,-0.051539896188953965,-5.129640532571286e-05
0.639418615194886,0.4773052320687425,0.7643363442134414,0.23262970123275106,0.08276743497099402,0.0059294131698602775,0.01622405841157164,-0.019311694130480558,8.361711362024704e-05,0.034515164795650456,-0.04935849078369702,-5.216334705687151e-05
0.6417201739372878,0.47811475758509847,0.7644507959373203,0.2303433449195547,0.08103816212252123,0.00554921306469691,0.01655301444434849,-0.019783512515316487,7.535484360243981e-05,0.03287945384429317,-0.047189041450571685,-5.2751564011882354e-05
0.6439984782634832,0.478906716996115,0.7645620202639664,0.22801415991982057,0.07927914141644796,0.00517418933691004,0.0168647979930607,-0.02023410881154803,6.729172502086292e-05,0.03116222285816509,-0.04506681030109795,-5.317584359720924e-05
0.6462531262774017,0.4796808341052075,0.7646699607065051,0.22564429511141298,0.07749214607582468,0.004804209004364906,0.01715911872699352,-0.02066328283729455,5.945308459822297e-05,0.029416045724721774,-0.04292452518661333,-5.3512918414675614e-05
0.6484837375478979,0.4804368506982845,0.764774557630484,0.22323590626679324,0.07567898540088482,0.004438893749219462,0.01743629127065769,-0.02107011163640427,5.18761824909516e-05,0.02770144519834751,-0.04068989743496294,-5.372657755987663e-05
0.6528714421004114,0.48189363617875997,0.7649734698408197,0.2183127447882471,0.07198113401092791,0.003720775737795611,0.0179404837294319,-0.02181346390874795,3.765221251059431e-05,0.024359644161758075,-0.03599060374711814,-5.33377692560046e-05
0.6550278913239584,0.4825939740703322,0.7650676479765488,0.21580278510163406,0.07009981674901138,0.003366453284053961,0.018167199207497604,-0.022149841116803355,3.105030734477241e-05,0.022657036993421704,-0.03364415497635691,-5.26663753121358e-05
0.6571590156149135,0.48327534990678495,0.7651582055494502,0.21326375652280438,0.06819919601022528,0.003014016828405622,0.01837666756990376,-0.022462913046167793,2.480970909032589e-05,0.020932916957481486,-0.031313366652369924,-5.1789316684783935e-05
0.6592645515112865,0.48393759105529477,0.7652450807191217,0.21069799252024773,0.06628103172420463,0.002664813223066899,0.018569062389638104,-0.022752371531880856,1.895104110142648e-05,0.019226238093744342,-0.02895172946674188,-5.093481244975712e-05
0.66134425912808,0.4845805423044862,0.76532820481448,0.20810785396546916,0.06434706848114645,0.0023179408793300603,0.018744928902033452,-0.023017495672225115,1.3502303257024044e-05,0.017574182972663235,-0.026517962615610298,-5.0023011265829095e-05
0.6633979230122061,0.4852040651075971,0.7654075037866279,0.20549579121598208,0.0623989764690419,0.0019725991993160613,0.01890474902671808,-0.023257736884447138,8.488000010402338e-06,0.015970411635028808,-0.02402930103259292,-4.898378864628155e-05
0.665425352723422,0.4858080369417768,0.7654829003894222,0.20286431900234764,0.060438364472689694,0.0016281144739205755,0.019048724126264495,-0.023473028314943606,3.923139912269266e-06,0.014386844979598317,-0.02153392653518516,-4.775088455159396e-05
0.6674263828036662,0.4863923511545181,0.7655543133900936,0.20021594749202629,0.0584668239499711,0.0012836846415795718,0.019176957110650046,-0.0236635484404553,-1.8288279469743457e-07,0.012813622159183077,-0.01905637801594906,-4.629735608880911e-05
0.6694008715803247,0.4869569162182789,0.7656216963087702,0.19755315926450165,0.05648594742348174,0.0009423318295278491,0.019289836271584985,-0.023829639644275227,-3.828466117380771e-06,0.01127925990029475,-0.016613057774934818,-4.495803604317973e-05
0.6713487022728034,0.4875016567407371,0.7656849673662447,0.1948783813807505,0.05449729342277057,0.0006001506895140208,0.019388058182122955,-0.023971158884388822,-7.001596736974583e-06,0.009814607874788434,-0.014155412126532676,-4.3496866929847196e-05
0.6732697825796384,0.4880265122069967,0.7657440347693236,0.19219405900842437,0.05250234178970453,0.0002557875022530093,0.01947246260720235,-0.024087812465832588,-9.688027760938226e-06,0.00843398777856717,-0.011668374166823474,-4.1868167536418135e-05
0.6751640448938417,0.48853143591350007,0.765798803051866,0.18950267473892515,0.05050247701691032,-9.150778065184948e-05,0.01954379320399178,-0.02417949853306531,-1.187804383937654e-05,0.007127774885639607,-0.009171132952395345,-4.004516717327075e-05
0.677031446385094,0.4890163941823863,0.7658491731189722,0.18680672015748107,0.0484990045338173,-0.0004425163940578406,0.019602641871219646,-0.024246362823520797,-1.3567958690391498e-05,0.005880775345165035,-0.006688454796494985,-3.804301607069307e-05
0.6788719687682319,0.4894813658380622,0.7658950406459192,0.18410866035759174,0.046493173973153175,-0.000798178959135725,0.01964959356564722,-0.02428858098464587,-1.4756263539634862e-05,0.004692286011197152,-0.004223334396062058,-3.592007721465401e-05
0.6806856171944872,0.4899263409450185,0.765936335367773,0.18141094521631726,0.04448618633900717,-0.0011555604504764217,0.01968552334740816,-0.02430659853352356,-1.5452997274134462e-05,0.0035912854480023115,-0.0018027762407223408,-3.420550186872314e-05
0.682472421101893,0.4903513210643306,0.7659729604692694,0.17871596332975512,0.042479147634356035,-0.0015177289891045596,0.019711358182098463,-0.024300590421549716,-1.5660163428262587e-05,0.002582980030521043,0.0006002866971288724,-3.254075783577953e-05
0.684232433673841,0.4907563179594284,0.7660048093064952,0.17602609055867172,0.040473065966345055,-0.0018860654232507334,0.019728006602712574,-0.02427072146584063,-1.5378709742129916e-05,0.0016655255229978377,0.0029868696572787424,-3.076521621286646e-05
0.6859657315850699,0.49114135257564795,0.7660317688556241,0.17334368655651428,0.03846885346910531,-0.0022616065615471983,0.01973628023896454,-0.024217254267435016,-1.4611966897343992e-05,0.0008292223335276595,0.005347191388181046,-2.885856636699192e-05
0.6876724146245092,0.49150645420636374,0.7660537207269421,0.17067107676884863,0.03646734041442222,-0.002645271784568881,0.0197369244134599,-0.02414044977051061,-1.3364283861673514e-05,6.743390995397983e-05,0.007681415471453449,-2.68685984465036e-05
0.6893526053081762,0.49185165974520645,0.7660705423864065,0.16801055236535617,0.034469284100179014,-0.003037829006425056,0.019730701751083726,-0.024040469386101472,-1.163908797750644e-05,-0.0006181105634275551,0.009999495038083218,-2.4850667277947962e-05
0.6910064486220308,0.49217701287340454,0.7660821099881953,0.16536438710181775,0.03247536528799103,-0.00343974854575329,0.01971842498974473,-0.023917453717796335,-9.439994624101471e-06,-0.001222403441733549,0.012303509997348442,-2.282395061459987e-05
0.6942357844612598,0.4927683654866721,0.7660889841215033,0.16012415469074878,0.028502240983681114,-0.004273387374920017,0.019678936041012673,-0.023603627059364706,-3.6510099160350246e-06,-0.0021902165198030973,0.0168094141681361,-1.8753417813386338e-05
0.6958116771806407,0.49303447877960266,0.7660840375483688,0.1575344959603045,0.026523980494276563,-0.004706081581768233,0.01965323061104055,-0.02341364854009072,-8.047530308040083e-08,-0.002562149929949505,0.01900119779938012,-1.6703479017323836e-05
0.697362020890815,0.49328096494855267,0.7660733661217541,0.15496798328941383,0.024551746570974083,-0.005146377424013814,0.01962426233209931,-0.023201774587388133,3.937035166978824e-06,-0.0028874648445466086,0.021191196938872836,-1.4502661163364704e-05
0.6988870675044944,0.49350788912370863,0.766056870519957,0.15242674477426607,0.022585855591245638,-0.005595105465576449,0.019592608476737668,-0.022967970484808555,8.400445597470053e-06,-0.003155082725406364,0.023384664892713295,-1.2287548530153436e-05
0.7003870901319377,0.4937153191072616,0.7660344442232593,0.14991291938009355,0.02062656095933298,-0.006053245654316257,0.019558862432555328,-0.02271243666237522,1.3303492463670572e-05,-0.003363406733255318,0.025558081352590727,-1.0111416361551651e-05
0.7018623828887028,0.4939033247381632,0.7660059745143736,0.14742862851865338,0.018674053939615735,-0.006521717561603275,0.01952358057698678,-0.022435742573113322,1.863251255934366e-05,-0.0035161568010602428,0.027674536604515406,-7.995119180593158e-06
0.7033132601750606,0.49407197731100494,0.7659713440294718,0.1449759253245272,0.016728470108962362,-0.00700128366119367,0.01948729053895695,-0.02213857658626223,2.437154341575219e-05,-0.003616214192451037,0.029722136809374345,-5.947030319212472e-06
0.7047400557849013,0.4942213490604379,0.765930430816107,0.1425567769967253,0.014789892807331806,-0.007492638468851148,0.019450512000801747,-0.02182133289164473,3.051067251263037e-05,-0.003664361124280887,0.03173030611844407,-3.951294076597632e-06
0.7061431223777819,0.4943515126155334,0.7658831099097279,0.14017310581012726,0.012858353072316538,-0.007996248929532813,0.019413751555604174,-0.021484025457913464,3.704763347719771e-05,-0.003661891354096584,0.0337370743359413,-1.9995208079176732e-06
0.7075228315232994,0.4944625404547461,0.7658292546672292,0.13782684340105192,0.010933829543890869,-0.008512435262712502,0.019377457612244717,-0.02112666072886806,4.398043356563062e-05,-0.0036146248850665924,0.035743194349379066,-9.473660145491772e-08
0.7088795738193632,0.49455450442148413,0.7657687379851696,0.1355199337116644,0.00901625469955276,-0.009041443309434655,0.019341984495786668,-0.020749684523618035,5.1298639067063566e-05,-0.0035319897804843787,0.03770472053805907,1.7532046907418533e-06
0.7102137584294231,0.4946274753530791,0.7657014333752923,0.13325427317876373,0.007105526015117173,-0.00958345399856771,0.019307603965887227,-0.020353986034936707,5.8983320362812336e-05,-0.003422260671327461,0.03957730741462373,3.5307984088697397e-06
0.7115258119766846,0.49468152280867367,0.7656272157207951,0.13103164939231723,0.005201515060933448,-0.010138544489578745,0.019274541956142737,-0.019940396849494054,6.701675425074131e-05,-0.003290016956281502,0.04136671686044758,5.222482876109459e-06
0.712816177483101,0.49471671484648294,0.7655459614716016,0.12885374938878993,0.003304071269511868,-0.010706685218103857,0.019242994128391196,-0.019509220613133302,7.539145749203102e-05,-0.003138264904209615,0.043125752902766754,6.811164612270482e-06
0.7140853120940048,0.49473311555937455,0.7654576571357566,0.1267222379245615,0.0014130095629362636,-0.011277003876492768,0.019212779318003963,-0.019060947254029587,8.409862470367438e-05,-0.0030046902343133586,0.044835788225880614,8.512068647603087e-06
0.715333690061775,0.49473078874265525,0.7653622275273335,0.12463873963035664,-0.0004718190071674717,-0.011855788321309896,0.019183743024514987,-0.01859597761823518,9.312943794846231e-05,-0.002886626720488417,0.04650572937062874,1.0148853877773428e-05
0.7165618017608233,0.49470979726325987,0.7652595743387786,0.12260485527549388,-0.0023505512292006,-0.012445522024566556,0.019155714955082007,-0.01811523715689761,0.00010246432752803643,-0.002785673148351935,0.04808310486574195,1.1650233515811031e-05
0.7189592601106659,0.49461206628835735,0.7650321827068736,0.11869176216884057,-0.006090189036039755,-0.013660156646837167,0.019101872216941214,-0.01711129118722205,0.00012194535321452767,-0.0026455814020055718,0.0508822963780711,1.4173575947945967e-05
0.7201296551848771,0.49453544736552585,0.7649072398041505,0.11681512822249357,-0.007951273604652856,-0.01428500075512988,0.019075573242225353,-0.016589291717906206,0.0001320642500653144,-0.0026128476419018084,0.05220974988624453,1.519192067071369e-05
0.7212818789846264,0.49444040504273257,0.7647746868625442,0.11499339112296575,-0.009806607516019158,-0.01491913364299136,0.01904944920043515,-0.016053661121806614,0.00014243741953787588,-0.002595474386143131,0.053573099370609195,1.6005770287688184e-05
0.7224164848519949,0.4943269974755079,0.7646344687421361,0.11322782288124261,-0.011656223382997972,-0.015560247447825507,0.0190234041014446,-0.015504329347135137,0.00015306372992720155,-0.0025877433442350476,0.05494345061772487,1.6638013961033703e-05
0.7235340388586372,0.49419528254358674,0.764486528159688,0.11151971787669714,-0.013500149449581085,-0.016208653843650948,0.018997225393915768,-0.014942157028914896,0.0001639250781510131,-0.0026013368964701456,0.05622771951187296,1.716985170030488e-05
0.7246351191855978,0.4940453183389047,0.7643307866389902,0.10987026929519297,-0.01533839610927391,-0.016866630770390297,0.018970423886900047,-0.014368634723476423,0.0001749921517089162,-0.0026639320472343453,0.05736290399341582,1.7689837928883214e-05
0.7257203138554973,0.49387716342761023,0.764167161966355,0.10828047943846615,-0.01717091257727665,-0.017534632203063557,0.018942502976841285,-0.013784668605819875,0.00018624540767722144,-0.002776250712086281,0.05840745020979975,1.8085019507457367e-05
0.726790219630644,0.4936908772380706,0.7639955723339521,0.10675125988116237,-0.018997599502665694,-0.01821260188602172,0.018912944611817743,-0.013190346170483931,0.00019768004816165952,-0.0029404144896706588,0.05944323945884572,1.830533602635197e-05
0.7278454421203672,0.4934865205534372,0.7638159368504508,0.10528353738191402,-0.020818305540538956,-0.018900411472167235,0.018881217313624795,-0.012585567584171254,0.00020929420604484642,-0.003157761956642676,0.06048900673190589,1.8325032101635825e-05
0.7288865962000035,0.4932641560008913,0.763628176928575,0.10387826987660206,-0.02263282599325207,-0.019597863030290864,0.01884677760595619,-0.011970897642134798,0.00022107293870274466,-0.0034295089279395845,0.0614782763515388,1.8130494697029615e-05
0.7299143055337717,0.493023848520383,0.7634322190151835,0.10253635236164547,-0.024440901896338157,-0.020304565892748722,0.018809053496486938,-0.011347725765493826,0.00023298533593643398,-0.003758522226120062,0.06232857030777105,1.7714227717097664e-05
0.730929200966434,0.49276566594419435,0.763227993274762,0.10125851150089338,-0.026242216363632536,-0.02102025875950351,0.01876744393887904,-0.01071750758365994,0.0002449987239650924,-0.004147702119091507,0.06303326566452816,1.705376180270802e-05
0.731931918742165,0.49248967959433715,0.7630154332384584,0.1000453077889444,-0.02803639126855629,-0.02174462865009859,0.018721339118637863,-0.01008091612974586,0.00025709461867010763,-0.004597903473844402,0.06367063496048476,1.612953758739264e-05
0.732923099797202,0.4921959649252598,0.7627944739750351,0.09889724473103567,-0.029822986310040076,-0.022477462936071006,0.01867015856110243,-0.009437824955782406,0.00026926897042424256,-0.005106174541657104,0.06432063939844114,1.4927402957949658e-05
0.7348734365688216,0.49155566591985883,0.7623276464918068,0.09679863862601995,-0.03337136363569636,-0.023929651616267405,0.018548322233413718,-0.008134953883313535,0.0002937845382211158,-0.006434215287301565,0.06539643726702433,1.253460942576522e-05
0.7358338977163779,0.49120925770979507,0.7620817632906338,0.09584895353265274,-0.03513182230917606,-0.024660926458048165,0.01847607672197398,-0.007477992036240714,0.00030605564052187866,-0.007214971841052072,0.06570764486346133,1.0751195291738626e-05
0.7367854291383519,0.49084547346424684,0.7618275250781499,0.09496597307342947,-0.03688212522563603,-0.025397907926802826,0.01839533458233634,-0.0068193813700121566,0.0003182846480931003,-0.008065471907738568,0.06587242028723282,8.535266429466463e-06
0.7377286877346708,0.4904644207957078,0.7615648832341906,0.09414970540979152,-0.03862142740231339,-0.026142013234314837,0.0183057001309466,-0.006159298455463286,0.0003304574949824902,-0.008955545825855556,0.06601951644518775,5.8358179884767835e-06
0.7386643302232851,0.49006621574028586,0.7612937941958674,0.0934001695829533,-0.04034885079168875,-0.026892611537307355,0.018207015715785153,-0.005497069788438613,0.000342576281178021,-0.009861378512006963,0.06623395653349393,2.734912088539467e-06
0.7395930143095444,0.48965098222702597,0.7610142449182834,0.09271749169713532,-0.042063516383160936,-0.02764661525225219,0.0180988479195956,-0.004832844382972225,0.00035463030462768114,-0.010810553805438414,0.0664334794056389,-5.099387934572043e-07
0.7405153989160972,0.48921885339403104,0.7607262099097111,0.09210176798496778,-0.04376448955769933,-0.028405322679751942,0.017980729472163812,-0.0041677028168705214,0.0003665908602576266,-0.011806462197491365,0.06652491169026208,-3.987388073558377e-06
0.7414321429711377,0.488769971798523,0.760429662637733,0.09155296096281669,-0.04545078985073789,-0.029168945446133736,0.01785211981637037,-0.0035032934139920605,0.0003784187589865237,-0.012856429019597092,0.0664514695178441,-7.729051727700231e-06
0.7423439033945387,0.48830448989387726,0.7601245801307498,0.09107084166586511,-0.047121380333311175,-0.02993719102983671,0.017712527669894763,-0.0028408171934021097,0.00039008301377628805,-0.01395551471008467,0.06625789136329294,-1.1739359851938457e-05
0.7432513336811465,0.4878225705916209,0.7598109417225759,0.09065506493177261,-0.04877517491141383,-0.03070979346720662,0.017561672591922158,-0.0021804835964233417,0.0004015704183921936,-0.015082623743031655,0.06604335147889788,-1.601839905416947e-05
0.7441550838674272,0.48732438758619867,0.7594887263125861,0.09030529536665463,-0.05041106546257058,-0.03148670946539583,0.01739948566089293,-0.0015220296438473785,0.00041287600777523007,-0.01621660018482377,0.06585509968459866,-2.0572730864075002e-05
0.7459541300618118,0.4862799789714421,0.758818481426841,0.0898025969053911,-0.05362470658083556,-0.03305325059285284,0.017040719395549925,-0.00021285412022675637,0.00043486721197048286,-0.018518504507982984,0.06529722456331932,-3.051244356987709e-05
0.7468507106170577,0.48573415444434453,0.7584704216677106,0.08964886360193558,-0.05520021324398747,-0.0338420557328079,0.016843579860315417,0.0004350163415376191,0.0004454859081271002,-0.019714071540959784,0.06479574035218037,-3.5862088699575296e-05
0.7477461770790645,0.48517286537640064,0.758113936390209,0.0895593679088471,-0.0567532943290025,-0.03461295649105412,0.016634014918622687,0.0010762546276062294,0.0004558084307379667,-0.02095727425238176,0.06413212587375369,-4.119827828819299e-05
0.7486411557278951,0.48459633973462973,0.7577490843739534,0.08953328902460092,-0.058282733528044084,-0.03538034823759165,0.016411988149298114,0.0017108591263194058,0.00046582865245171413,-0.022204073398189226,0.06346834557892224,-4.662496440043695e-05
0.7495362652138432,0.48400481812404034,0.7573758843029708,0.08956986071658543,-0.05978731905847469,-0.036148133245170154,0.01617787947831266,0.002339135367023653,0.0004755434406308412,-0.023412834446179358,0.06283511505445812,-5.2378803143441766e-05
0.750432117235473,0.48339855276731547,0.7569943411658826,0.08966836167405093,-0.06126589457329675,-0.036917638137403584,0.015932011749117455,0.0029606835681267106,0.00048493838148343634,-0.02458926261489342,0.06216189502618921,-5.8479667470842446e-05
0.7513293162783227,0.48277780688344235,0.7566044581863013,0.08982800911034271,-0.06271733650945215,-0.03768909134568856,0.01567443443956826,0.0035742252953787287,0.0004939863588742532,-0.025760687477639637,0.0613608120151553,-6.487338102702367e-05
0.7522284581194182,0.482142854595523,0.7562062434547818,0.09004786065515066,-0.0641405177309451,-0.03846207331977735,0.015405132782534808,0.004178388412356907,0.0005026609416026616,-0.02693352839234296,0.06042249888794756,-7.147159422991092e-05
0.7531301281314979,0.4814939811436779,0.7557997082527539,0.09032683077913019,-0.0655343068120774,-0.03923624152323613,0.01512445049252903,0.004772594720619259,0.0005109499022965039,-0.028071938890072274,0.05942636268705859,-7.821711549929089e-05
0.7540349006651927,0.4808314826857719,0.7553848633829748,0.0906638036591528,-0.06689761915052464,-0.040011515372822395,0.014833231979362023,0.005357070602399976,0.0005188544150328524,-0.029125855009082692,0.058452873217638555,-8.509193569949587e-05
0.7549433395786879,0.48015566538265886,0.7549617170951596,0.09105771689567899,-0.06822947368861142,-0.04078801037353282,0.014532479359314466,0.005932007492365888,0.000526375753087622,-0.030079507657814832,0.05749853681719955,-9.210044741316774e-05
0.755855998787427,0.47946684416996194,0.75453027785123,0.0915075286184487,-0.06952899760544404,-0.04156565714297818,0.014222869376889064,0.006496787780577581,0.0005335043737314588,-0.030965428469959668,0.05648244234881304,-9.922010376494897e-05
0.7567734217351292,0.47876534192408127,0.754090562091908,0.09201210728521518,-0.07079537646680205,-0.042343700042394405,0.013904691192759248,0.007050106192482482,0.0005402232691010868,-0.03182236965506044,0.055335820131531925,-0.00010634152032752476
0.7576961398239302,0.4780514893600546,0.7536425926211466,0.0925701674353337,-0.07202781249590007,-0.04312152990180076,0.013578288021463283,0.007590837418272237,0.0005465203028804078,-0.032644927104328494,0.05407667198135371,-0.00011339480920495855
0.7586246728506003,0.4773256220215727,0.7531866180393347,0.0931802932873439,-0.07322554100174379,-0.0438765430200678,0.013244474606265478,0.008118067334068418,0.0005523883683208967,-0.03338595082671055,0.052726121500055026,-0.00012033127240769526
0.7595595255683225,0.47658808419646537,0.7527227666994335,0.09384102073400336,-0.07438791401673961,-0.0446206029103859,0.012904703853867022,0.00863190786957162,0.0005578357257325595,-0.03398163766874561,0.05138678530819266,-0.00012713617141253163
0.7614501384669639,0.4750794030695207,0.7517716704319852,0.09530863000518533,-0.07660480542191474,-0.04609774653055646,0.012211964002991318,0.009618904084457217,0.0005674974966113058,-0.03484865949830259,0.04865411228479353,-0.000139998382443508
0.7624068383317237,0.4743089721458245,0.7512845193639383,0.0961125948137409,-0.07765863294007413,-0.046830031744928044,0.011860102304409235,0.010090227894287908,0.0005717098255401999,-0.035190321221629135,0.04713403828900793,-0.00014609127427882754
0.7633717348917759,0.4735282946993832,0.7507896662305144,0.0969611958170225,-0.07867568180006729,-0.04756349761581369,0.011505127015345066,0.010545701066241532,0.0005755131599812858,-0.03550145347672557,0.0455486534589794,-0.000151812407193642
0.764345258607944,0.4727377345170768,0.7502871401599591,0.09785275032797201,-0.07965571132012395,-0.04829564888387932,0.011148175107053411,0.010985393575164721,0.0005789208263541545,-0.03569885967687684,0.04397029129587028,-0.00015728868273098243
0.7653278237783634,0.4719376569694561,0.7497769788572194,0.09878561375437354,-0.08059863179860709,-0.04902542787956438,0.01079088834957428,0.01140970480490245,0.0005819501764977842,-0.03573206818701123,0.04243189421170104,-0.00016254241996893024
0.7663198291963388,0.47112842719505504,0.7492592230749829,0.09975819340145223,-0.08150453625565016,-0.049752383763197856,0.010434691681014144,0.011818628937315053,0.0005846147830390556,-0.03562276188171144,0.04089293924547883,-0.00016754677317144708
0.7673216582865502,0.47031040855995737,0.7487339137172234,0.10076887920284747,-0.08237364844932908,-0.05047647345500165,0.010080398240702941,0.012211483831512231,0.0005869220191718612,-0.03543211649238744,0.03928579024997953,-0.0001722707882921557
0.7683336782910634,0.4694839619865149,0.7482010896271986,0.10181596988574888,-0.08320624912025669,-0.051197927453816086,0.009728535384830199,0.012587375377687098,0.000588878134433716,-0.03518871135961737,0.03758924918509326,-0.00017670755573609632
0.7693562391471924,0.46864944570763073,0.7476607870587982,0.10289767457271767,-0.08400266468610801,-0.05191696051831992,0.009380005420995714,0.012945869446429616,0.0005904947442851826,-0.03485506054504428,0.035849315978336,-0.0001808692867211065
0.7703896730153696,0.4678072145137191,0.7471130411347029,0.10401218486041279,-0.08476333136772782,-0.052633529888979395,0.009036349334084254,0.013287144840358863,0.0005917897885692302,-0.03436730762648831,0.03412728577246737,-0.00018476020061069517
0.7714342946745061,0.4669576180924367,0.7465578877995922,0.1051577368541679,-0.0854888645391282,-0.053347367060562416,0.00869930550722405,0.013611508419360027,0.0005927826716493455,-0.03370571832577051,0.03243596366285285,-0.00018836083325715855
0.7724904020903821,0.4661009990626303,0.7459953643623417,0.10633260018593402,-0.08618005524927537,-0.05405823480690603,0.008370139470752557,0.013918833296839028,0.000593489255041557,-0.03291757653779501,0.03073197209762739,-0.0001916410018685902
0.773558276306183,0.465237691679079,0.7454255050961346,0.10753501417935227,-0.08683779655836724,-0.054766444469400856,0.00804948216370391,0.01420853070508919,0.0005939220093417172,-0.03206633957146335,0.02896912035475644,-0.00019456373141171692
0.774638180691769,0.46436802140411376,0.7448483389331038,0.1087631462292019,-0.08746301944886553,-0.05547255844425358,0.007737821969613633,0.014480026264419528,0.0005940937342988015,-0.031166265979919124,0.027148846131248426,-0.00019713673216934042
0.7757303629947604,0.46349230333415853,0.7442640830447628,0.11001509085762211,-0.08805669485598616,-0.056157732462930675,0.00743611011589203,0.014732887179852246,0.0005940172419708982,-0.030171073876814204,0.025285306181801148,-0.00019949107745544312
0.7768350510762791,0.46261084330209,0.743672868321733,0.11128894380216614,-0.08861992971606503,-0.05683047587015306,0.007145751207663925,0.014967301735966972,0.0005937108293032487,-0.02903543601781303,0.023440609545274844,-0.0002015455903228265
0.7779524538912523,0.46172393596077876,0.7430747829928187,0.11258284463161863,-0.0891539810283099,-0.05749494062870641,0.006868070548628563,0.015183491287909464,0.0005931933807666706,-0.027767286037302486,0.021618062250796186,-0.00020321855933243935
0.7790827621052349,0.4608318631390147,0.7424698895957815,0.11389495270474083,-0.08966022301558661,-0.05815367704827791,0.006603807484417308,0.015381314787982266,0.0005924805012316411,-0.026425217166061457,0.01978142132350736,-0.00020452971002079645
0.7802261480767324,0.4599348930448584,0.7418582339271967,0.11522339831158702,-0.09014007203641108,-0.05880842422816602,0.006353182981939147,0.015560362357963545,0.0005915850185355203,-0.025061065047415714,0.017903801383887943,-0.0002055307480374873
0.7813827654100768,0.4590332802079007,0.7412398512752504,0.11656626608436294,-0.09059494635389051,-0.059460289136216836,0.006116443416338822,0.01572036058262856,0.000590519793427654,-0.023672290687922856,0.015998847571567703,-0.00020626267207393657
0.7825527486859153,0.4581272653895175,0.7406147720955103,0.11792162763653882,-0.09102629548433538,-0.06010973501947563,0.005894272737502417,0.0158614108756429,0.0005892992542685403,-0.022215140715655744,0.014104042186721155,-0.00020674174263224712
0.7837362136840723,0.45721707487603935,0.7399830254567793,0.1192875850845811,-0.09143565633473454,-0.06075683235397117,0.005687643700298849,0.015983826737116288,0.0005879382607609407,-0.020660736827333145,0.01224059292516665,-0.00020696993588051056
0.7861439605452772,0.4553849930214988,0.7386996387824475,0.12204386847177429,-0.09219501953557994,-0.06204455593831926,0.005323446051896648,0.01617326757860245,0.0005848446381457389,-0.017382677801358902,0.008545813398561409,-0.00020674469184723496
0.7873683829485323,0.45446347355575034,0.7380480454247674,0.12343049083079857,-0.09254839799619073,-0.06268596711223388,0.0051659681444516355,0.016240091322520096,0.0005831312529944269,-0.015745014070191746,0.006681384011092358,-0.00020636059433496739
0.7886065678794947,0.45353852230385266,0.7373898790937745,0.12482027870339366,-0.092886463376528,-0.06332613642745116,0.005024853408815627,0.016288292736924764,0.0005813183017071704,-0.014108525098209826,0.004819155233372506,-0.00020582929254932158
0.7898585396654138,0.4526102844927351,0.7367251453429251,0.12621137940759922,-0.0932108835131125,-0.06396652534861842,0.004900363884893854,0.016318027085316784,0.0005794126580787604,-0.012445845744587616,0.00297245266434491,-0.0002052926251155813
0.7911243047873204,0.45167888879458573,0.736053863518181,0.1276019621389945,-0.09352335962548808,-0.06460577565995068,0.004792829271124446,0.01632948853644508,0.0005774207456939188,-0.0107502099821611,0.0011451663861588946,-0.00020471724271898064
0.7924038521155468,0.450744446907948,0.7353760642613061,0.12899021843123415,-0.09382561992650781,-0.06524281544669941,0.004702312975890071,0.016322781534568905,0.0005753472497664253,-0.009048244462542003,-0.0006716769017713736,-0.0002041354384778486
0.7936971529048072,0.4498070535148348,0.7346917818750914,0.1303743501016512,-0.09411937952074449,-0.06587737187061041,0.004628556102262026,0.016297976406608704,0.0005731954041436823,-0.007372177779997062,-0.00248148959442854,-0.00020358097079529092
0.795004160787329,0.4488667866424859,0.734001050682002,0.1317525701808014,-0.09440631068546584,-0.06650953711076564,0.004571187910069594,0.01625522464087165,0.0005709675128526253,-0.005733193131271421,-0.004276156009461493,-0.00020309206602474696
0.796324811954201,0.44792370811936744,0.7333039056274933,0.13312311508283092,-0.09468804387473541,-0.06713932455242477,0.00452991613653444,0.016194759585125687,0.0005686652434644259,-0.004123442087722148,-0.006047490491906023,-0.00020267940934895422
0.7976590254412733,0.44697786388324434,0.7326003814346889,0.13448425046662552,-0.09496618225565295,-0.0677668280485091,0.004504509446825297,0.01611679045309416,0.0005662892039959204,-0.002536830462125282,-0.007797906822904436,-0.00020235031917567188
0.7990067033916792,0.44602928416477367,0.7318905127657783,0.13583426328787787,-0.0952423029167432,-0.0683921437462205,0.004494636652098493,0.016021445918925254,0.0005638388729111486,-0.0009833421761550859,-0.009535459304676244,-0.00020209816856540816
0.8003677311624146,0.44507798379636365,0.7311743333961528,0.1371714537731091,-0.09551793862446956,-0.06901546494788863,0.004499781904495616,0.015908864585160915,0.0005613129981749087,0.0005185576666442437,-0.01125915533143159,-0.00020192271896752868
0.8017419774440194,0.44412396276069854,0.7304518775593509,0.1384941428410473,-0.09579455808638287,-0.06963683788780506,0.004519327140168533,0.01577933242900797,0.0005587103811853042,0.001958647006831641,-0.012954257438455845,-0.00020181335257129192
0.8031292945784226,0.4431672068540811,0.729723181134377,0.139800691513829,-0.0960735618073584,-0.07025616794390517,0.004552659575542144,0.015633266070162563,0.0005560299384383745,0.0033374533481827086,-0.014607701338232974,-0.00020175308102549582
0.8045295230794468,0.4422076867534348,0.7289885555827061,0.14108947854072265,-0.09635623695190075,-0.0708460898250535,0.004598046631233656,0.015470917355763822,0.00055327054576698,0.0045429968297454465,-0.016235963913291074,-0.00020162300008609693
0.8059424857976818,0.44124536189359936,0.7282481706251389,0.14235894800438015,-0.09664369985760993,-0.07142094821989144,0.004654228038845337,0.01529239485234033,0.0005504288044096926,0.005622511659135681,-0.017853373836224887,-0.0002015508125366022
0.8073679890745185,0.4402801813261412,0.7275021231676169,0.14360754245852106,-0.0969369587455568,-0.07198818700069635,0.004720101440988919,0.015097737061203601,0.0005475002605480805,0.0065917899872402754,-0.019466937852526497,-0.00020157838346796
0.8088058232822736,0.4393120846628098,0.7267504765204582,0.144833708845792,-0.09723691488199274,-0.07255128926142239,0.004794666139239995,0.014887165423914618,0.0005444810410977518,0.007460996209060855,-0.02105836172329994,-0.00020170796729696082
0.8117175691017973,0.43736685993096697,0.7252305735519045,0.1472127622955181,-0.09786004512414027,-0.07367039075358076,0.004966377652355258,0.014420460624184315,0.0005381611773425555,0.008938627023108114,-0.02407539567729199,-0.00020222571745173357
0.8131909868024735,0.43638957200389866,0.724462396509968,0.14836281159291037,-0.09818456359373903,-0.07422763243113148,0.005061755163852857,0.014165312595776546,0.0005348555494207436,0.009542475692682082,-0.025516139564406532,-0.00020259249554646828
0.8146757484104613,0.4354090503412763,0.7236887411541901,0.1494847102043394,-0.09851846702586456,-0.07478807926067375,0.005162534322042513,0.013895644121107494,0.0005314486871563534,0.010082695661452274,-0.026968236747553772,-0.0002027904183801951
0.816171572636352,0.43442520058855355,0.7229096302227599,0.15057705571156133,-0.0988622282234616,-0.07534887567582314,0.005267853607411294,0.013611402298411032,0.0005279358986770231,0.010536759716150096,-0.028425627763138245,-0.0002030038989592864
0.817678164425921,0.4334379240016104,0.7221250966024877,0.1516384612178769,-0.09921622456409819,-0.07590906843932589,0.005376886788245703,0.013312932497787514,0.0005243140943720784,0.010908193680624255,-0.029848485056873833,-0.00020328655862198738
0.8191952151930912,0.4324471183276548,0.7213351758959702,0.15266760467115206,-0.09958075375678677,-0.07646837469306193,0.0054888941966207755,0.01300096939911525,0.0005205824553490556,0.011205650406802827,-0.031197876943719102,-0.00020364079968822918
0.8207224036698013,0.4314526784968211,0.7205399033059522,0.1536632525753315,-0.09995604036762186,-0.07702682605287023,0.005603084061122996,0.012676215185738277,0.0005167404631719292,0.011423918904322072,-0.03247705281612923,-0.00020405423979176504
0.8222593967687624,0.4304544973482827,0.7197393121531296,0.1546242276869388,-0.10034222157062309,-0.07758468043228724,0.005718484678464971,0.012338940215437482,0.0005127857189061166,0.011545008045240114,-0.033729195525807436,-0.0002045140930098497
0.8238058498610525,0.42945246659849734,0.7189334334377676,0.15554935400053307,-0.10073932677868111,-0.07814230256796002,0.005834006681628445,0.011989062640769056,0.0005087143082038104,0.011557152671717615,-0.03498952576010697,-0.00020500740351610082
0.8253614065305902,0.428446477987791,0.7181222961078964,0.15643744176317245,-0.10114727545214139,-0.07869999702953712,0.00594865104039364,0.01162664688360913,0.0005045236569163994,0.011469384034364986,-0.03624341590634171,-0.00020551884201123381
0.8269256984113993,0.4274364243750314,0.7173059206707026,0.15728733443363577,-0.10156590041654721,-0.07925859407035866,0.006061684018176452,0.011252291668937061,0.000500214869676932,0.011308226706840003,-0.037437434279794776,-0.00020603754135145187
0.8284983458461066,0.426422200435057,0.7164843203941713,0.1580979686455078,-0.10199497686360531,-0.07981872394247692,0.006172547665723659,0.010866952914312005,0.0004957917943709579,0.011091256420684533,-0.03853586051333417,-0.0002065575011642524
0.8300789590915308,0.4254037031268364,0.7156575034988878,0.15886838189795846,-0.1024342289888221,-0.08038082938416435,0.006280659661107878,0.010471357451699128,0.0004912574765056022,0.010816037191376445,-0.039561603125124425,-0.0002070771720879093
0.8316671392458469,0.42438083222113043,0.7148254760603753,0.15959765533573017,-0.10288331718585052,-0.080945160223332,0.006385336448502991,0.010065652406100604,0.0004866120497484046,0.010472448824106185,-0.04057263336995625,-0.0002075776669000335
0.8332624807625435,0.4233534890328892,0.7139885199500214,0.1602848284126963,-0.10334177064066721,-0.08148431346806881,0.006484955000223317,0.009649682982648431,0.0004818551396617245,0.009966544308328704,-0.04159914268321441,-0.00020797751612453973
0.8348645672842532,0.422321580928232,0.7131467812265971,0.1609289799228708,-0.10380898672247962,-0.08201191423669055,0.00657864953204484,0.009223654914347386,0.0004769898552548892,0.009374044328808092,-0.0426050764555723,-0.000208225275342402
0.8364729723792854,0.4212850217338223,0.7123003351309988,0.16152923809200556,-0.10428432124454262,-0.08253492984141743,0.006666024671713258,0.008788434595266964,0.00047202396821440895,0.008741986212152466,-0.04352436672360932,-0.00020834222415898812
0.8380872609275385,0.4202437318127408,0.7114492278071072,0.1620848454708216,-0.10476711074511971,-0.08305609134982556,0.006746857976839346,0.008345136966397514,0.00046696791939739317,0.008087661872854682,-0.0443321574169925,-0.0002082822415543023
0.8397069906644733,0.41919763813042255,0.71059349361743,0.1625951447562357,-0.105256672178122,-0.08357646813835684,0.006820903308608209,0.007894423578792586,0.0004618301823237902,0.007408704864154002,-0.04507378768147315,-0.00020798871959526048
0.8413317128985016,0.418146674591797,0.7097331414587134,0.1630595026633919,-0.10575229681861123,-0.08409860671557412,0.006887897946400213,0.007436275165098017,0.00045661512215071343,0.006703461268490322,-0.045817340424077695,-0.00020744763556303008
0.8429609726130601,0.4170907821026845,0.7088681970478129,0.16347725018232145,-0.10625324858547822,-0.0846208357191894,0.0069476738944041225,0.0069705332503315325,0.0004513262535344156,0.005981404555174662,-0.04657673652415827,-0.00020667277754129665
0.8445943079115503,0.4160299088902447,0.7079986842516224,0.16384772440909623,-0.10675878734245185,-0.08514323966226084,0.007000247038286521,0.006497587071311404,0.0004459711559267416,0.005260920517245461,-0.047297203200170626,-0.00020565648355517854
0.8478713257927878,0.41389304977225855,0.7062459955392852,0.1644446892893191,-0.10778074876051162,-0.08619108438700242,0.007084446423211013,0.005534418301883431,0.0004351140849344009,0.003870328955700677,-0.04841065299249476,-0.00020282002347307023
0.849514056939125,0.4128169959471262,0.705362872591198,0.1646703872724145,-0.10829578450135105,-0.08671402750684423,0.0071164656478971,0.005045858964781477,0.0004296349627831851,0.003204820987027878,-0.04885859346098414,-0.0002009942516615241
0.8511589626666609,0.41173582541652975,0.7044752324056349,0.1648470914061675,-0.10881263569550274,-0.08723957499493838,0.007141917741217401,0.00455245407225253,0.0004241258245186665,0.0025478532437806373,-0.04934316388065361,-0.00019913866534150036
0.8528055580577768,0.41064952114536213,0.7035830697127975,0.16497438052870805,-0.10933064943421562,-0.08776752864462019,0.0071610667516934364,0.004053981615755538,0.0004185897973186846,0.0019172833134869917,-0.049849931015012734,-0.00019710429548170093
0.8544533538700817,0.4095580722837984,0.7026864078604015,0.16505185051872615,-0.10984921014888833,-0.08829484135560749,0.00717427972034032,0.003550986040000593,0.0004130358565139588,0.0013234087366944232,-0.050302247379691176,-0.0001948481030378014
0.8561018569477403,0.40846147404291727,0.7017852561560128,0.16507921334239994,-0.11036775021572415,-0.08882262080875723,0.00718197103020576,0.003044631295319037,0.0004074776547791142,0.000770963971869931,-0.05063816073839566,-0.00019233817893416855
0.8577505717080816,0.4073597270853126,0.7008796434729683,0.16505630988706965,-0.11088574593722621,-0.08934862297148816,0.007184623560823593,0.002535959860268615,0.0004019281993571434,0.0002668015219164327,-0.05086981853045238,-0.00018953840251888484
0.859399001366402,0.40625283732964346,0.6999695776722478,0.1649830501210125,-0.11140273490670911,-0.08987476921162883,0.00718284871854088,0.0020252589042429863,0.0003963949065791806,-0.00017622230138148983,-0.05107275388200944,-0.00018644263544926714
0.8610466482251667,0.4051408151317717,0.6990550816894934,0.16485931670963422,-0.11191832390115598,-0.09039944076980515,0.007177390653577184,0.0015122936959097112,0.00039088084694464427,-0.0005448311830475974,-0.051299158811257885,-0.00018307890304294382
0.8626930131236847,0.4040236747325613,0.6981361598615166,0.16468496667121485,-0.11243220547970179,-0.09092433496592359,0.007169049294563533,0.0009970847400650289,0.000385389480226589,-0.0008334469056659132,-0.051523510265580566,-0.0001795545738358759
0.8643375952286173,0.4029014332174026,0.6972128357189531,0.16445990171777228,-0.11294415058416457,-0.09144723877903956,0.007158623985261214,0.0004804299666833325,0.0003799288199674802,-0.0010421275199723275,-0.0516680646366871,-0.00017593200098624826
0.865979892895804,0.4017741099571101,0.6962851132489335,0.16418415796230304,-0.11345401238878967,-0.09196973833452196,0.007146880591535892,-3.640940144743851e-05,0.0003745096974217925,-0.0011742190624499885,-0.05168649197786674,-0.000172219143473886
0.8676194051997261,0.4006417256629986,0.6953530154723025,0.16385789108736265,-0.11396171957416838,-0.09248961290182231,0.007134660894552246,-0.0005525417124899918,0.0003691399391021174,-0.0012221278246397963,-0.05161575075026208,-0.0001684070096223541
0.8692556330619409,0.3995043018195134,0.6944165443889282,0.16348129696165112,-0.11446729697683367,-0.09300876590236129,0.007122904426240447,-0.001067873833793949,0.0003638211380858248,-0.0011760777645533358,-0.05153569545455171,-0.00016450046420674174
0.8708880784948967,0.3983618578967556,0.6934759689787668,0.16305451214290678,-0.1149708379008605,-0.09350035083602391,0.007112481404315066,-0.0015825867453019195,0.00035854824763522004,-0.0010430009717801738,-0.051473741532209176,-0.00016092148383831434
0.872516244891071,0.3972144128906764,0.6925314462820971,0.16257771138446478,-0.11547255319023357,-0.0939753532690128,0.007104253770389713,-0.00209649569798494,0.00035332163773683575,-0.0008237248484650874,-0.05139331327176209,-0.0001573446122687786
0.874139637071403,0.39606198427307343,0.6915830467957828,0.16205113185999756,-0.11597273500282433,-0.09444209947688965,0.00709901057652382,-0.0026086347353363733,0.00034814834542041775,-0.0005255364362635661,-0.05121628726110001,-0.0001536155144806539
0.8757577622039959,0.39490458675528245,0.6906308321080006,0.16147513777592812,-0.11647174499974444,-0.09490110748784557,0.007097540146701608,-0.0031177549598479523,0.00034303677126709854,-0.0001485065235468763,-0.05091436923291982,-0.00014975793172779123
0.8773701315004444,0.3937422317069707,0.6896748269407266,0.16085020018090063,-0.11697002939528121,-0.0953557769001532,0.007100687149655426,-0.003623165134970294,0.0003379905999414109,0.0003129995066632986,-0.0505433273092082,-0.00014580814576164221
0.878976261190969,0.3925749261467465,0.6887150167872473,0.160176786042725,-0.11746810722830178,-0.09580994124617029,0.007108975767859681,-0.0041251632811673935,0.00033300301825005474,0.0008269295541556113,-0.050202092207148226,-0.0001420836247151888
0.8821678857872811,0.39022546553129134,0.6867841358053071,0.1586861414658923,-0.1184660632496526,-0.09670020089123338,0.007145127431036895,-0.005119003922955867,0.00032319782018600044,0.0021616666751379044,-0.049511285749616704,-0.00013419995029350453
0.8837524325988175,0.3890432957376995,0.6858131007734419,0.15786986149000265,-0.11896742322401364,-0.0971395365645158,0.007174672444743699,-0.0056093114837591175,0.000318384500550144,0.002951919442639149,-0.04903294652260144,-0.00013026040077344537
0.8853288455304807,0.3878561443671876,0.6848383102519962,0.1570071025982129,-0.11947146597114405,-0.09757850806227636,0.007212571013604476,-0.006093896121782374,0.00031363249954376946,0.0037870762196018037,-0.04846062926753611,-0.0001265908252953156
0.8868966646548126,0.3866639848497923,0.6838597754602077,0.15609856117430532,-0.11997905697591311,-0.09801316079617713,0.007259428683992098,-0.006572402031915974,0.0003089401805678374,0.004682795343838815,-0.047852734488108555,-0.00012296636242169277
0.8884554371295468,0.3854667820440641,0.6828774913686951,0.15514492080739456,-0.12049113390743323,-0.09844502233265659,0.007315830961941373,-0.007045076380217445,0.00030430193918031743,0.005637069763134411,-0.047269560628890955,-0.00011933655913540453
0.8900047164013879,0.3842644914083922,0.6818914746506102,0.15414681875888336,-0.12100868395380115,-0.09887181957223595,0.00738229857287812,-0.0075120834062801685,0.0002997119661499339,0.006643420276984315,-0.04670281544438889,-0.00011576935777694199
0.8915440621531099,0.3830570588030003,0.6809017168606749,0.15310492144553225,-0.12153274483606524,-0.09929586188873553,0.007459309262065336,-0.007972902432606928,0.00029516942397900936,0.007697551897508696,-0.04608400546094439,-0.00011226647574706694
0.8930730403769633,0.38184441974922123,0.6799082330381837,0.15201999750379314,-0.12206439447934016,-0.09971451174498012,0.007547356245398807,-0.008426435503171582,0.00029067707365118046,0.008801014801652761,-0.045355401803180005,-0.00010890952996743314
0.8945912251421871,0.38062649924934067,0.6789110149859349,0.15089293824052383,-0.12260476276832304,-0.10012984084099849,0.007646916957607126,-0.008871771370257454,0.0002862365336035568,0.009952230607816977,-0.04453567572524328,-0.00010570010008992565
0.8960981994897302,0.3794032111192461,0.6779100553083249,0.1497246733846217,-0.12315501429437703,-0.10054164674333661,0.007758321025050705,-0.00930870289313464,0.0002818440200860755,0.011136413911814623,-0.04369524010483025,-0.00010267180244014751
0.8975935556044902,0.3781744576609658,0.6769053442524072,0.14851609918689457,-0.12371632805051767,-0.10095014228169583,0.00788168858526682,-0.009737499493829887,0.0002774919974052811,0.012332611624551763,-0.04288175281095025,-9.985350277928204e-05
0.9005478247158516,0.37570010617211147,0.6748846083077116,0.14598152608991566,-0.12487685043225989,-0.10175852819527537,0.00816448927691087,-0.01057014215832905,0.0002688919287019749,0.014740120177788276,-0.04119712527767143,-9.494723809192313e-05
0.902005965034653,0.3744542549521424,0.6738685514947435,0.14465745053214155,-0.12547843253704247,-0.10215813213595075,0.008324233308340786,-0.01097234085260385,0.00026464698215533525,0.015969830930810187,-0.04022200268824877,-9.287223061408827e-05
0.9034509399265781,0.3732024289819902,0.6728489850351997,0.1432969409884753,-0.12609574752874897,-0.10252421075623755,0.008495382143034075,-0.011364024757992598,0.0002604381127648634,0.017110183066420443,-0.039170545417373165,-9.145106209542006e-05
0.9048823872109317,0.37194447156077004,0.6718260283847026,0.14190114805300783,-0.12672985102719247,-0.10287368051494263,0.008677346848010109,-0.011745320979282584,0.0002562617149218204,0.01819164496397964,-0.03813180291566989,-9.02057039176573e-05
0.9062999563424718,0.37068021592359474,0.6707997352346837,0.14047114546404546,-0.1273817405031822,-0.10321323250633256,0.00886944275851269,-0.01211658580716907,0.0002521119438362249,0.01920464015411811,-0.037128694989376765,-8.921049502568016e-05
0.9077033074152222,0.3694094857844127,0.6697701279096397,0.13900798052359345,-0.12805234359961534,-0.10354604911532232,0.009071102473433068,-0.012477778035985501,0.0002479871063466116,0.02016089930038391,-0.03612147004901444,-8.844104012115075e-05
0.91046604812481,0.36684785216092197,0.6677009981594598,0.1359866507803121,-0.1294532316722134,-0.10419596578582506,0.009502119916545888,-0.013167158832431388,0.00023983425819661296,0.022001876979240147,-0.03389361280031264,-8.742278277536557e-05
0.9118248126669819,0.3655565518038907,0.6666614752693912,0.13443093088506744,-0.13018523638152865,-0.10451403910840201,0.009730889911751143,-0.01349410362339718,0.00023581808270714462,0.022871645963283914,-0.032696829621357955,-8.71615262929568e-05
0.9131681107103627,0.3642579838386867,0.6656186246490302,0.1328468276038907,-0.13093934492825898,-0.10482970211376907,0.009967792932240283,-0.013809333413882827,0.00023184451269601887,0.02368487772213252,-0.03152536380523064,-8.682514192586095e-05
0.9144956602571476,0.3629519293245103,0.6645724383200343,0.1312355222490187,-0.13171625442145884,-0.10514174386359765,0.010211934524305005,-0.014113102093765555,0.00022791307693536056,0.0244086707428261,-0.03037928850863767,-8.659199667350474e-05
0.9158071907701744,0.3616381625290004,0.6635229118191516,0.129598198764268,-0.13251656940603132,-0.10544988983546545,0.010462584415813641,-0.014405210054751988,0.00022402806965896957,0.0250594497771567,-0.029213251385376074,-8.648627944094925e-05
0.9171024433726532,0.3603164517718945,0.66247004058039,0.12793610289649643,-0.13334084681895375,-0.1057541341799594,0.010719335204961307,-0.014685016469205099,0.00022019931762461977,0.02566951028882455,-0.027983127111901512,-8.647692627751413e-05
0.9196431428070289,0.35764824410710294,0.6603542133393975,0.12454290299213527,-0.1350633562853586,-0.10635403900501733,0.011249480474676908,-0.01520579794494954,0.00021274916786943407,0.0267648265925288,-0.02539158531338638,-8.65457161117814e-05
0.9208881308605222,0.35630125260148604,0.6592915889444018,0.12281442552131394,-0.13596230547326668,-0.10661326426910726,0.01151945731900493,-0.015446873719113342,0.00020913626650513354,0.026992147559458262,-0.024110128049093703,-8.67782598630186e-05
0.9221159265732718,0.35494533372018605,0.6582260656586117,0.12106643533964116,-0.13688645621015533,-0.10685690579043755,0.011789996613700433,-0.015675330580772185,0.0002056026250384637,0.027048431120756247,-0.022848252667425916,-8.704316340438639e-05
0.9233263343229405,0.35358023649054326,0.6571576956724139,0.1193002282446457,-0.13783570964482814,-0.10709197276142478,0.012059988974817162,-0.015890940390267866,0.00020215704473859308,0.026993798295263403,-0.021563556446046434,-8.738217237888989e-05
0.9245191719111909,0.3522057113088784,0.6560864907162762,0.11751714839036619,-0.13880990620690178,-0.1073225988471342,0.012328808884137522,-0.016093207644475964,0.00019881231390460184,0.026876642403480897,-0.020229299875604262,-8.775880482751218e-05
0.9256942709135014,0.35082151021761937,0.6550124390495435,0.11571858464750039,-0.13980883479759512,-0.10755125276150135,0.01259577249126823,-0.01628177357333301,0.0001955800852475923,0.026691128932903204,-0.018859156297444113,-8.816516513701731e-05
0.9268514769627023,0.3494273873232521,0.6539355146964055,0.11390592914871754,-0.14083218123709407,-0.10777959688943248,0.012859719605875983,-0.016456638448929195,0.00019246764215925284,0.026389617019218846,-0.01748903221009172,-8.861984174910439e-05
0.9279906495813214,0.34802309991514163,0.6528556831075013,0.11208054560150327,-0.14187947554213348,-0.1080088057401008,0.01311914760822975,-0.01661798830433958,0.00018947984800088156,0.025937859597160003,-0.016137504875662775,-8.913493070811358e-05
0.9302143789916772,0.34518307087511113,0.6506883263583718,0.1083968913776902,-0.14404271461271945,-0.10838909754915986,0.013614742742520627,-0.016900368135707593,0.00018391021272906924,0.02433876288104971,-0.013443309963618871,-8.993975246597054e-05
0.9312987178898238,0.3437468740363656,0.6496009280200307,0.10654137838277168,-0.14515675286619334,-0.10856944924091273,0.013848607000291242,-0.017020904133638527,0.00018135136963011247,0.023382086130983165,-0.012055976605580627,-9.031247478147519e-05
0.9323645856668751,0.34229960258850206,0.6485110239444808,0.10467861085167703,-0.1462910468307172,-0.10875161886570794,0.014072393072891107,-0.017127444255552304,0.0001789566382819455,0.022374518745967985,-0.010656316643991312,-9.068439126799455e-05
0.9334119094730774,0.34084105421066113,0.6474185829405522,0.10280997772069597,-0.14744448550568692,-0.10893581092131178,0.014285015652168982,-0.01722008821230726,0.0001767316998147451,0.0212584371383571,-0.009266618616721688,-9.10859501073323e-05
0.934440630265994,0.33937103772935134,0.6463235699535684,0.10093684539884389,-0.14861581432936463,-0.10912275949496601,0.014485180313203344,-0.017298974080547674,0.00017468124802496983,0.02001292736227943,-0.00789071973892065,-9.151924735521799e-05
0.9354507025700093,0.33788937458701596,0.6452259462207204,0.09906057278737669,-0.1498036621986514,-0.1093131353816243,0.014671878839422784,-0.01736409048690662,0.00017281198074846924,0.018666613111719427,-0.0065136733188904325,-9.195201034593437e-05
0.9364420882281607,0.3363958946061163,0.644126014143854,0.09718249451147462,-0.15100646229586523,-0.10947326891974363,0.014843128432389026,-0.017415424868026247,0.00017113237571256702,0.01712203869320319,-0.005135357364949373,-9.216284035377557e-05
0.9374147664110126,0.33489044601360946,0.6430238664515974,0.09530399459022344,-0.15222255041335295,-0.10962446003076251,0.014997872448901387,-0.017452926234559386,0.00016964952049036152,0.015471816577235011,-0.003751931318399188,-9.229464489151871e-05
0.9383687316607926,0.33337289468978676,0.6419194993204282,0.09342644276113947,-0.15345019515105648,-0.10977669236867697,0.015135191594780592,-0.017476652767203227,0.00016836766488993323,0.013729675989472386,-0.0023743149228326265,-9.240516072085101e-05
0.939303992834853,0.33184312428743895,0.6408128655134147,0.09155118645351637,-0.1546875707784266,-0.10993465791058805,0.015254108555317293,-0.01748673899520384,0.00016728914105542783,0.0118898107211427,-0.0010101448357652263,-9.249837468532687e-05
0.9411185062775029,0.3287465540061648,0.638592530449434,0.08781287160806636,-0.15718380269661747,-0.11027509664546663,0.015433899457385951,-0.017466303636119257,0.00016575227049667735,0.008006868624557123,0.0016964952978122567,-9.252352469156658e-05
0.9419978433729808,0.32717961636449516,0.6374786828474417,0.08595245683395766,-0.15843871962346084,-0.11045897472171115,0.015494195169931191,-0.01743583758516837,0.00016529889335470654,0.006028780104856415,0.0030455398564689868,-9.243635845234518e-05
0.9428586458675811,0.32560018443627603,0.636362283003588,0.08409962148481648,-0.15969553235058337,-0.11065233044459898,0.01553454954523362,-0.017391982723881184,0.00016505589341348227,0.004035014394262608,0.004384581430088367,-9.232872127414641e-05
0.9437009884754981,0.3240082379486479,0.6352432792907781,0.08225566038705362,-0.1609522361549981,-0.11085316409403641,0.015554701748667863,-0.01733483123508312,0.00016502171139414024,0.0020151609948423047,0.005714405279932212,-9.22535458832851e-05
0.9445249537379162,0.32240377213545396,0.6341219026525536,0.08042182656952955,-0.16220671564225378,-0.11103359785726111,0.015553625024703206,-0.017264620775580868,0.0001651944846233521,-0.00010737351842327305,0.007020465345653735,-9.192944452968916e-05
0.9453306399502643,0.32078680586074293,0.6329982097338117,0.07859938538378924,-0.16345684205126254,-0.11121131787472917,0.015531086828357809,-0.01718146903887977,0.0001655719492727743,-0.0022531695577139945,0.00831475592726516,-9.149587737036336e-05
0.9468876357595232,0.3175155570117525,0.6307438264460605,0.0749936539591664,-0.1659356444865207,-0.1115805887557562,0.01542231427796329,-0.016976910669036727,0.00016691683132423848,-0.006490853735075816,0.010857471740858446,-9.101052050960329e-05
0.947639207223495,0.3158614196680495,0.6296130651469515,0.07321277934880932,-0.16716020093705833,-0.11177597009747316,0.015336580617409638,-0.016856041611686988,0.0001678665811685929,-0.008571759495181023,0.01208693674296719,-9.093243863513294e-05
0.9483730220970978,0.3141950712485538,0.6284798772551144,0.07144813006341727,-0.1683721517233505,-0.1119783213631854,0.01523017914934403,-0.016722980401889895,0.00016899225658131248,-0.010638256951406848,0.013306287118287049,-9.08160538260615e-05
0.9490892407317837,0.3125166353511905,0.6273442253317293,0.06970087846900079,-0.1695695066731601,-0.11218816693593942,0.01510361383798108,-0.016577710880627927,0.00017028855298504764,-0.012654372874585944,0.014527247092404464,-9.072356777052233e-05
0.9497880351807224,0.31082625541909814,0.6262060685976248,0.06797219928202498,-0.17075036029737647,-0.11240588091302982,0.01495766694973009,-0.01642023329822211,0.0001717494836325656,-0.014592278574942644,0.015748174971360968,-9.063329835835209e-05
0.9504695893052911,0.3091240938702855,0.6250653604884795,0.06626325018308682,-0.17191289719706268,-0.11263208683547488,0.014793118432088756,-0.01625076420778501,0.0001733654064133637,-0.016452212228174928,0.016947437532229062,-9.052978772560458e-05
0.9511340985380656,0.30741033124900263,0.6239220496004901,0.06457514363432962,-0.17305537447824518,-0.11286733132416933,0.014610655514631712,-0.01606973028015056,0.00017512332223190114,-0.018243451084512776,0.018104020477599046,-9.03948141337133e-05
0.9517817693132342,0.30568516558860903,0.6227760819705068,0.06290894335244923,-0.17417612494493737,-0.11311189293451097,0.014411105577048021,-0.015877521675934692,0.0001770107051035866,-0.019951979117943504,0.0192215752986398,-9.020748116216506e-05
0.9524128145846846,0.30394880853884465,0.6216276486023297,0.06126565977227312,-0.1752735720358157,-0.11334118968302785,0.014195783882226353,-0.015674473921285553,0.0001790133717622802,-0.021529010289877987,0.02030556267471703,-9.019706939384855e-05
0.9530274592853664,0.302201488646453,0.6204768314764295,0.05964631178737453,-0.17634635791136385,-0.11356596875141073,0.013966261327696171,-0.015460650227030652,0.0001811230950282593,-0.022948971361584403,0.021383220133975287,-9.014982798704871e-05
0.9536259394937248,0.3004434489639123,0.6193236552980672,0.05805191255597139,-0.17739327770108546,-0.11379180247419875,0.013724044225130542,-0.015236199160832674,0.00018333103334508574,-0.024218321670469535,0.022446012147924247,-8.999933628674315e-05
0.9547754032038818,0.29689624376161583,0.6170101829548345,0.05494176974367544,-0.1794052808052732,-0.11425735285186554,0.013206119873990504,-0.014757463765099675,0.00018798725284489062,-0.026415619668839842,0.024413529444382413,-8.934491303270569e-05
0.9553269089528331,0.2951076221375372,0.6158498257061154,0.05342776516050158,-0.18036851413490443,-0.11449987562330055,0.012932863051059488,-0.014504269955250434,0.00019040825141079288,-0.027322140458642275,0.02532038265846082,-8.884874316563656e-05
0.9558632893427372,0.2933093633599752,0.6146872599054404,0.0519422123082504,-0.18130225754253348,-0.11472347596294766,0.012652721388457982,-0.014242302436785186,0.0001928745859156074,-0.02801062163214969,0.02619776337936491,-8.853266733435883e-05
0.95638482485483,0.2915017585833016,0.6135225518494973,0.05048593078609586,-0.1822060783686924,-0.11494306218394365,0.012367138639089989,-0.013971467864128126,0.00019538310991713527,-0.028554736502161726,0.027084476228665163,-8.799550496422832e-05
0.956891804774059,0.2896851043954019,0.612355736098778,0.04905973562413819,-0.18307963489953707,-0.11516158368117707,0.012077522123751077,-0.01369196554741942,0.00019792642544428615,-0.02895813400640245,0.027951252643642427,-8.732023145474928e-05
0.9573845269372139,0.28785970117662874,0.6111868219371479,0.0476643794013883,-0.18392270435761546,-0.11538140813133324,0.011784974682246669,-0.01340442084232066,0.0002004920631873535,-0.029251268489731242,0.02875548514556939,-8.654662284552195e-05
0.9578632968955576,0.2860258520385208,0.6100157992441009,0.04630052871998825,-0.18473516522186595,-0.11560430178210067,0.011490632977593375,-0.013109565420423039,0.0002030669269125818,-0.029430757282637887,0.029486542251652974,-8.56928991464341e-05
0.9583284269148643,0.2841838618398627,0.6088426435841177,0.044968797355832826,-0.1855170458974659,-0.11583140005837153,0.011196139208275778,-0.012807794665968875,0.00020564258382441117,-0.029446039526518305,0.03017805590297582,-8.477538149629435e-05
0.9587802354432873,0.2823340355621338,0.6076673209477429,0.04366980062422556,-0.18626859230680876,-0.11606323737752153,0.010903656300057326,-0.012499095488212205,0.000208215848157675,-0.02924503505123926,0.030870876903146164,-8.381236910865894e-05
0.9596451933008875,0.2786120812066254,0.6053100128906335,0.04117250731222658,-0.18768276643400258,-0.11654151381949611,0.010332850901626216,-0.01186121594141279,0.00021334157500124147,-0.02824625098634582,0.03222313706450177,-8.179450517656449e-05
0.960059011012778,0.2767405432824694,0.6041279357505455,0.039975330658156526,-0.1883468093595949,-0.1167883084743724,0.01005736012178977,-0.011533239400542102,0.0002158782472934846,-0.02754611102211622,0.032798536152410226,-8.073305852443066e-05
0.9604608428725583,0.2748623468720608,0.6029434831769045,0.03881307898098104,-0.18898323690907765,-0.117043009425991,0.009789458151172433,-0.011200094396213816,0.00021839024838941223,-0.026787341975387763,0.033315353305899575,-7.941647781751715e-05
0.9608510353665394,0.27297776888923386,0.601756606783324,0.037686166595855206,-0.18959295710536547,-0.1173024413935667,0.009530505554223185,-0.010861973866481819,0.00022087623106854015,-0.025892517599180518,0.03381287727220489,-7.804719385307619e-05
0.9612299390126345,0.271087077237876,0.6005672630331089,0.03659502759863074,-0.19017707894389405,-0.11756571394996158,0.009282289434595243,-0.010518733651328226,0.0002233379115150125,-0.02481898051679868,0.03432481901577676,-7.671754045360445e-05
0.9619552943735041,0.26728836115978355,0.5981819175742062,0.03452166995430708,-0.19127369602701763,-0.11803665458040391,0.008823867200427936,-0.009818303789869627,0.000228170813576807,-0.02225280565383814,0.035232848184391465,-7.48470126660085e-05
0.9623024665138795,0.26538081028847665,0.5969860352043382,0.03354007207918903,-0.1917890568776805,-0.11826307906218692,0.008615254344992003,-0.009462723990400938,0.00023053163182024645,-0.0208590097043355,0.0355586871818064,-7.398415866596675e-05
0.9626397877689575,0.263468090704465,0.5957880045992386,0.032595466917800756,-0.19228441458979148,-0.11848979328076487,0.008420985079241293,-0.00910442456977592,0.00023285501777416085,-0.019424769734488288,0.03583062172046646,-7.287989001194743e-05
0.9629676253690547,0.261550404667163,0.5945878036189037,0.03168803570489247,-0.19276131061216584,-0.11871706597292139,0.008242009283840262,-0.008743468727404934,0.00023514483616494605,-0.01789553619323331,0.03609623967763061,-7.176200447901976e-05
0.9635963285820495,0.25770086504920414,0.5921807502854841,0.029985538182290702,-0.1936664723062278,-0.11917628826213675,0.007934001516656084,-0.008013175949086718,0.00023964250819421165,-0.01453963410378646,0.036650647050934106,-6.984383596572223e-05
0.963897939411315,0.2557693354754919,0.5909738079868,0.02919083063475214,-0.19409828522737566,-0.11940939689457018,0.007806208098103906,-0.007644656690598518,0.00024185234618362048,-0.01277761182657521,0.03685252416398484,-6.905534122360522e-05
0.9641915561731539,0.25383348632123615,0.589764521188643,0.02843390747273006,-0.1945186647092423,-0.11964520506977937,0.007696403629978334,-0.0072750194207300695,0.00024403430551489367,-0.010978819132329735,0.03696430826735587,-6.833097702175447e-05
0.9644775542820317,0.2518934354535341,0.5885528420913874,0.027714753043581203,-0.19492945646488927,-0.11988321270649423,0.007604954683462433,-0.006904635608121762,0.00024619338511885225,-0.009143363920559627,0.037038949531389545,-6.746979135558492e-05
0.9647563089805062,0.2499492825776396,0.5873387270793683,0.027033371233744972,-0.1953325522631522,-0.12012280948223712,0.007532419684645109,-0.006533392431766539,0.0002483370143628799,-0.0072520595882283835,0.03712487715145879,-6.662771803730909e-05
0.9650281937040761,0.2480011063762247,0.586122441459164,0.026389754358057724,-0.19572978428035456,-0.1203331112219163,0.007478369067284737,-0.006161460903656794,0.000250475805678211,-0.005403704164342062,0.03719371089534263,-6.527785957837594e-05
0.9652935832315515,0.2460489681550537,0.5849040909890908,0.02578386583827978,-0.1961229799101633,-0.12053007944646493,0.007442429189030211,-0.005789238182647943,0.00025261527937713734,-0.003592709423105393,0.03722283278061213,-6.375283322570474e-05
0.9655528526976223,0.24409291163476943,0.5836837123880896,0.025215590830109016,-0.1965139160395868,-0.12072063512724114,0.007424229819447434,-0.005417554810790047,0.0002547555719576002,-0.0018187376737883658,0.03716890167348457,-6.226196750278385e-05
0.9658063763644497,0.24213296315373617,0.5824613092250853,0.02468471611086648,-0.1969043317911627,-0.12090809245493536,0.007423489672706533,-0.0050472688439147494,0.0002568962052999228,-7.289461165991152e-05,0.03702916586377565,-6.0838077691601724e-05
0.9660545264380196,0.24016913183771113,0.5812368698910085,0.02419098007145455,-0.19729593671254564,-0.12109395375649581,0.007439938053749213,-0.004678764322719315,0.0002590404929494019,0.0016458808708528076,0.03685102845014455,-5.9439186379932705e-05
0.9662976709752205,0.23820140709401827,0.5800107298924062,0.02373409898594838,-0.1976902372595311,-0.12124378305067199,0.007471796875427699,-0.004312181162602162,0.00026119597950357616,0.0031868511579757,0.03665890458555106,-5.7776526511219386e-05
0.9665361766453148,0.23622976431319853,0.5787830231534971,0.02331381268313619,-0.19808863031328064,-0.12137792692524489,0.0075177473501003905,-0.003947544415821745,0.00026336739428288084,0.004595944230053863,0.0364642783816367,-5.615084538923227e-05
0.9667704082594237,0.23425416543694313,0.5775537940597385,0.022929830462213276,-0.19849240108003482,-0.12150549340246897,0.007576708949130186,-0.0035853203603312287,0.000265554152192286,0.005896983530335803,0.036223024708539206,-5.470815094558728e-05
0.9670007280495787,0.2322745597515275,0.5763230475703668,0.022581768390744824,-0.19890274052008064,-0.12163055338041366,0.007647786823320316,-0.003226388320630204,0.0002677516969847863,0.007108535872319054,0.03589383724337161,-5.347848894939451e-05
0.9672274932964859,0.2302908816258683,0.575091149128042,0.022269113362269406,-0.1993205695392435,-0.121717495475661,0.007728545332321063,-0.002871723089841162,0.00026995602168023857,0.008076523014313853,0.035467170005825596,-5.224490258634021e-05
0.9676717682034395,0.22631100530000503,0.5726243855262735,0.021747883064970268,-0.20018159378544445,-0.12185360292445505,0.007911947574430495,-0.0021761251019398525,0.00027437859587066437,0.00947855664755659,0.03455494296567779,-5.040250253211208e-05
0.9678899697203277,0.22431463921985,0.5713895492497483,0.021538303436349528,-0.2006258707213262,-0.12191990018155024,0.00801187004663588,-0.0018350002223772358,0.00027659465020201036,0.00999269167214425,0.034113171486143234,-4.9999684839013535e-05
0.9681060005988168,0.22231386705037276,0.5701537258095404,0.02136205871485399,-0.20107987192290877,-0.1219865953896466,0.00811587726484336,-0.001498766461030229,0.00027880781264797626,0.01040109073832038,0.033624067949482334,-4.982297654318468e-05
0.9683201944431428,0.22030859282205173,0.568916905980149,0.02121852985524976,-0.20154387521764255,-0.12205372011516594,0.008222926239897779,-0.001168229366351592,0.0002810102587829262,0.010705191211315027,0.033054406079597524,-4.9788959742833666e-05
0.9685328786663869,0.21829871757085173,0.5676790721704087,0.0211070258661353,-0.2020180429834885,-0.12212231661576468,0.008331831997704165,-0.0008439686261626225,0.00028319555786179227,0.010890795654089971,0.032426772354462285,-4.987753157253751e-05
0.9687443737917723,0.21628414045347538,0.5664401976525099,0.02102684811306728,-0.20250239086307428,-0.12219355778167107,0.008441115900422498,-0.0005260622990174646,0.00028536079071309674,0.010928538604499174,0.03179133091704769,-5.0092567405208255e-05
0.9689549934583217,0.2142647602271217,0.565200248233769,0.020977327922677546,-0.20299676250615367,-0.12226848801248151,0.008549114801040798,-0.0002143582457464676,0.0002875042612104308,0.01079996942580651,0.031171101775501114,-5.045370278319624e-05
0.9693748282911588,0.21021119372189762,0.562716965005718,0.02096754178246805,-0.20401416510187179,-0.12243234225426555,0.008755227454735694,0.0003895199096615566,0.0002917027760446697,0.010096475388805426,0.029849943058648153,-5.168748092948483e-05
0.9695846373852776,0.20817681772629348,0.5614735357812081,0.021005750209631812,-0.20453618186650074,-0.12252316762110631,0.008850824228816874,0.0006804077225708632,0.0002937379003342571,0.009559568543616297,0.02908944594603641,-5.256147139316587e-05
0.9697947572730344,0.20613726193315324,0.5602288229114187,0.021071583821202583,-0.2050662479662471,-0.12262261450536739,0.008940302117070215,0.0009634285355720067,0.00029571872655324974,0.00894762602362101,0.028302723770769252,-5.368491371351995e-05
0.9700054648071786,0.20409244503451465,0.5589827705716757,0.02116422151177317,-0.20560362554240877,-0.1227290811683988,0.009022472006051574,0.0012386917302964152,0.0002976417366064531,0.008216777167829165,0.027526936572848486,-5.4928072820640184e-05
0.9702170287014835,0.2020422928922232,0.5577353237969502,0.021282870995544236,-0.2061474354844548,-0.12284274371021645,0.009096030974946163,0.0015063521529143026,0.00029950409451694204,0.007355641280143894,0.02676663123436391,-5.624901785619265e-05
0.9704297098525979,0.19998673995633248,0.5564864239373565,0.021426731158798003,-0.2066966801989173,-0.12296421277107272,0.009159839673031724,0.0017662260175815036,0.0003012996554840595,0.00638057600516807,0.025987942961039828,-5.765951256610253e-05
0.9706437611856671,0.19792573049731546,0.5552359984195332,0.021594944668456326,-0.20725027862051743,-0.12309508424865835,0.009213011877710784,0.002017780222734811,0.00030301862778266044,0.005316895239254658,0.025155938322216985,-5.91954840149454e-05
0.9708594276858702,0.19585921616506405,0.5539843085561058,0.021786570849976,-0.20780691549526023,-0.12320244150226091,0.00925339718162111,0.0022604124067464137,0.0003046507932849282,0.004038181255923316,0.024263691274676143,-6.081485523817406e-05
0.9710769447573805,0.19378716288575615,0.552731409980218,0.022000655391577705,-0.20836516811048625,-0.12330718138915023,0.009279549348533528,0.0024939054886975757,0.0003061892053232116,0.002614850986739043,0.023349731377671133,-6.252847939298566e-05
0.9712965381415527,0.19170955126308248,0.5514772694922208,0.022236265943810757,-0.20892351055418065,-0.12341844246846113,0.009290371027731309,0.002718383651806606,0.00030763023975492493,0.0010817923658058173,0.022448186764841015,-6.432734372311683e-05
0.9717428104475377,0.18753765292498087,0.5489649603257097,0.022768418763314906,-0.21003400647833245,-0.1236743785177297,0.009263235935989387,0.0031404093991336916,0.00031020313090594683,-0.0021862980924526004,0.020645901274056716,-6.81889237805541e-05
0.9719698948752757,0.18544340646301102,0.5477066105377344,0.023063067451130365,-0.21058283158450047,-0.12382149917731375,0.009224431412419371,0.0033373145186870235,0.00031132080320758364,-0.003880814355486418,0.019690703904235624,-7.025135656129626e-05
0.9721998659943694,0.1833436825949473,0.546446700235434,0.02337542936827169,-0.2111251019001652,-0.12397899308051784,0.009168371320963816,0.0035243769303110917,0.0003123170807222292,-0.005606350953799756,0.01870636639943071,-7.240472479636581e-05
0.9724329021412335,0.1812385429689184,0.5451851569358889,0.023704497386716046,-0.21165908573366948,-0.12414761417169848,0.00909479355717189,0.003701615386847813,0.0003131892005787513,-0.007358091478397491,0.017723903125866216,-7.463672821813565e-05
0.9726691727236527,0.17912806376401041,0.5439222145023598,0.02404927662244994,-0.21218292076616901,-0.12429697887646561,0.009002711439605156,0.0038691633587417144,0.0003139378881190055,-0.00920849516989021,0.016754788765010638,-7.674279159851003e-05
0.9729088368233729,0.17701234084360742,0.5426579312237454,0.02440879698803214,-0.21269476858174485,-0.12444473351462346,0.008891932746605817,0.004027072761520598,0.00031456247179384786,-0.011078115903631669,0.015790867093974877,-7.882936324694993e-05
0.973152043657388,0.17489148890411935,0.5413922954560074,0.024782071711539923,-0.213192806333004,-0.12459791470461787,0.008762504937100131,0.00417514974437213,0.00031505942448293336,-0.012942984773893319,0.014807560102202593,-8.101618119279196e-05
0.9733989325634913,0.17276564089544752,0.5401252806291682,0.025168076028270522,-0.21367521473977213,-0.12475806646689548,0.008614449115477232,0.0043130662556108675,0.0003154248842243073,-0.014805737293932236,0.013791448145460334,-8.328267105051268e-05
0.9736496326211395,0.17063494798359038,0.5388568553313755,0.02556576163675898,-0.2141401859467613,-0.1249256898754344,0.008447927078214755,0.004440643085619569,0.00031565747169703186,-0.01665230556456099,0.012757417226099117,-8.557919542920474e-05
0.9739042624561092,0.1684995794662766,0.5375869874636244,0.02597409036221776,-0.2145859644918423,-0.12510077963123795,0.00826348580839712,0.0045579558934648766,0.0003157592688812765,-0.018444172835498228,0.011730956380854507,-8.784273825502146e-05
0.9744257346926218,0.16421557980684678,0.5350427930591901,0.026818638564135848,-0.21541343075988242,-0.12547289914171617,0.00784461123317027,0.004762338422472707,0.0003155860737977246,-0.02174315311087359,0.009715996782739527,-9.208942090108011e-05
0.9746927637112008,0.16206737110823458,0.5337683998190634,0.027252840690199218,-0.21579211965830708,-0.12566971062295917,0.007612001801442802,0.004849308858580588,0.0003153180099761793,-0.0232608144513778,0.008696576789945275,-9.401802253165912e-05
0.9749640955920487,0.15991532958210988,0.5324924161085864,0.027693619638880604,-0.21614553178042922,-0.12587515248838427,0.007364375488918473,0.0049259147740643005,0.00031493302670059973,-0.024762443214832897,0.0076600885591746526,-9.586020772646164e-05
0.9752397982324331,0.15775970324854932,0.5312148124208951,0.02813993451150256,-0.21647226813033535,-0.12608719761644874,0.0071024181161435515,0.004992141600336143,0.00031443606992288456,-0.02619549098603059,0.006622149970062621,-9.75978411272712e-05
0.9755199304897579,0.15560075282361827,0.5299358345036985,0.02859075726525722,-0.2167710463166265,-0.12627801627202803,0.00682761064572874,0.005048148513073076,0.00031383451509307223,-0.027480445226436993,0.005600136504674406,-9.916184671695437e-05
0.9758045405748247,0.15343875224876868,0.5286556115614655,0.029045093311614808,-0.21704085247987234,-0.12645889683705608,0.00654169357216662,0.005094092509244598,0.00031313586057330747,-0.028591353256374265,0.004593829999131517,-0.00010057472812817282
0.976093666506598,0.15127398643816647,0.5273742091728746,0.02950195469699079,-0.21728082392362005,-0.126635884451266,0.006246169892642267,0.005130013896395794,0.000312347123560654,-0.02955196496270319,0.003591561024368062,-0.00010183879276392851
0.976685567924791,0.1469373437771665,0.5248079672512519,0.030419272939767525,-0.2176682965444722,-0.1269898866857435,0.005630577479701209,0.005171635646588005,0.00031052683748590115,-0.031152761343258537,0.0015764184392355154,-0.00010394459947895266
0.9769883693768551,0.14476607890871052,0.523523132705376,0.03087774463937126,-0.21781459817332177,-0.12716981676079778,0.005313198157879735,0.005177411187381034,0.00030951030021916906,-0.03173740644130505,0.0005769892125905857,-0.00010481114062113276
0.9772957385708724,0.14259327009693887,0.5222370991827757,0.03133479113406062,-0.21792875424849906,-0.12735678501059017,0.004991418554539268,0.0051732948281728785,0.00030843251306940703,-0.03217740282127348,-0.0004121857617414276,-0.00010565497660880488
0.9776076639415847,0.14041923661106542,0.5209498485026476,0.03178944925095569,-0.21801057496724502,-0.1275466722404232,0.004667145924322974,0.005159361315423135,0.0003073010219941007,-0.03242667874295447,-0.0013938814650628292,-0.0001064174190868985
0.9779241244023084,0.13824429969290755,0.5196613723104089,0.03224076108737921,-0.2180600578167232,-0.12773813722145935,0.00434196741107805,0.005135646322247121,0.0003061235688336816,-0.032517245519229,-0.0023720056706502193,-0.00010706004602539208
0.978245089323964,0.13606878096872263,0.5183716623111282,0.03268777448220058,-0.21807731522393228,-0.12793089856909604,0.004017077027720822,0.005102208373178532,0.0003049081592654802,-0.032488416464874166,-0.003344273720948282,-0.00010756287989416106
0.9785705185747327,0.13389300150096753,0.5170807067617803,0.03312955046884514,-0.21806257851443353,-0.12812498560738989,0.003693839226538838,0.005059164527404618,0.0003036629018069263,-0.032323147726073434,-0.004304832739343351,-0.00010792788119541827
0.9792345677971209,0.12954193263522204,0.5144960268451437,0.033993735644755246,-0.21793910583775147,-0.12844233029166385,0.003061814154490856,0.004945056511654809,0.0003011195075997569,-0.031274936976490975,-0.006168022629861654,-0.00010794210378459698
0.9795730627041563,0.1273672673153168,0.5132025097547881,0.03441437183913047,-0.21783211470502836,-0.12858524799271215,0.0027578224014780293,0.004874235950409497,0.00029983589385132524,-0.030398545328960826,-0.007082399730531904,-0.00010775181842152005
0.9799157725466542,0.12519358402387332,0.5119082642401384,0.03482620553299725,-0.21769640609482468,-0.12872301884252663,0.002464161618943056,0.0047944091999936825,0.0002985528651976437,-0.029365458209496865,-0.007982982915284136,-0.00010745825295344024
0.9802626120930593,0.12302117155547944,0.5106132518136178,0.0352283836994501,-0.21753314356321768,-0.12886271888987677,0.0021812235634094406,0.004705719187037431,0.00029727476819882984,-0.028293198640105443,-0.008869274325534166,-0.00010720796934256324
0.9806134877084525,0.12085030805466628,0.5093174662265066,0.0356200704674797,-0.21734352181260352,-0.12900088119869324,0.0019100550116737587,0.004608350585105087,0.00029600643438139844,-0.027116264674372153,-0.00973709937015593,-0.00010691365225336819
0.9809682974650379,0.11868126007399575,0.5080209039096895,0.03600044587254801,-0.2171289348067212,-0.1291368384264199,0.0016524465184992597,0.004502412810103725,0.0002947522173012114,-0.025760278118124577,-0.010593984196745797,-0.00010655004444981968
0.9816892717933533,0.11434960732239151,0.5054256846769953,0.03672400431007626,-0.21663148315484135,-0.12937484431660157,0.0011858100979348421,0.004265100381720381,0.0002923023945859359,-0.022463490760187905,-0.012283436265245888,-0.00010539583617578606
0.9820551932892649,0.11218745992011075,0.504127424602124,0.03706561720606191,-0.21635229664206343,-0.12946202254902664,0.0009795095356432226,0.004134196380098627,0.00029111496372767083,-0.020629557624583267,-0.013090521135746937,-0.00010456952241532771
0.9824245617607242,0.11002803968877987,0.5028288076287801,0.037392798858512155,-0.21605536168838585,-0.12954230098963002,0.0007917871856945141,0.003995498482187482,0.0002899539370698048,-0.018771763111669726,-0.013869887260171054,-0.00010381790680444558
0.9827972358183575,0.10787152955825176,0.5015298608454528,0.03770483836798617,-0.21574262181733025,-0.12961602029542238,0.0006234743650721438,0.0038492363189043424,0.00028881985295300776,-0.01683083727365113,-0.014626292994863024,-0.00010305755160681872
0.983173066920217,0.10571809331471277,0.5002305982745544,0.03800103293272277,-0.21541616467538666,-0.12968421837328456,0.00047586132948870114,0.0036954710257592065,0.000287712816288649,-0.014760885972752208,-0.0153765879136074,-0.00010225087926820742
0.9835518994277143,0.10356787417085841,0.498931021928599,0.03828067454570415,-0.21507821488646517,-0.129747842296468,0.00035019911117004977,0.003534188377590157,0.0002866324090508563,-0.012565831300431644,-0.016128308131797976,-0.00010137854863631261
0.9839335705359317,0.10142099341252565,0.49763112569928303,0.03854306409395542,-0.214731077929889,-0.12980753716441165,0.0002473246971757815,0.0033655115506229516,0.0002855776593064485,-0.010287077536382349,-0.016867713517948985,-0.00010043492165034844
0.9847047430711894,0.09713761855569324,0.4950306036668065,0.03901350795693745,-0.21401853360499712,-0.12988880743641207,0.00011137034324559288,0.0030076947369141313,0.0002835344141112155,-0.00563703486154399,-0.01820977480079381,-9.870891743456157e-05
0.985093886459681,0.09500125284687908,0.49373035872204585,0.039220433610396545,-0.2136577387698798,-0.1298976812762634,7.837750903042421e-05,0.0028195554291636175,0.00028253602517334215,-0.003298992529121155,-0.018813940220501372,-9.805351853536759e-05
0.985485152688656,0.09286848193924806,0.49243021310739965,0.03940776619607863,-0.21329706111202965,-0.1298968357619988,6.899549950138509e-05,0.002625301861834753,0.0002815473616750554,-0.0009379317966598448,-0.019425364026536274,-9.74345970131318e-05
0.9858783481729908,0.09073931181094376,0.4911301871896245,0.039574931073732646,-0.21293885088217648,-0.12988928256790663,8.32559832875973e-05,0.0024248491998037037,0.00028056359715461027,0.0014262967863552048,-0.02004527370160987,-9.685017787697286e-05
0.9862732734515814,0.08861372499792412,0.48983028581087357,0.039721368296037306,-0.2125854303892212,-0.129876619856051,0.00012099593352874772,0.002218370329797111,0.0002795793617899785,0.0037742235254023602,-0.020647897021588684,-9.631458599369785e-05
0.9866697233648292,0.08649168086907623,0.4885305047926723,0.039846568922660905,-0.21223909122528803,-0.12985978684195787,0.00018203031597055567,0.0020063126169510568,0.00027858856461785597,0.006103647536117064,-0.021205786142388265,-9.586654296069173e-05
0.9870674876166902,0.08437311588147962,0.4872308359096561,0.03995007845103525,-0.21190210385397495,-0.12983921493951106,0.00026620954128205303,0.0017891212598805685,0.00027758428688303533,0.008418113119494617,-0.021719157774017405,-9.555989967709453e-05
0.9878660969024747,0.08014605625325981,0.4846330597866244,0.040090348810337774,-0.21126432772307047,-0.1296987022072292,0.0004977680449404648,0.0013403764386553606,0.00027549908099388685,0.01258867094270591,-0.02267645780334454,-9.591091729512882e-05
0.9882664994465578,0.07803732587339511,0.4833351776091913,0.04012628166186005,-0.21096735968987415,-0.1296082414554919,0.0006426969491079033,0.0011088682953363882,0.0002744052514346266,0.014493024394893512,-0.0231508731058302,-9.61815110986876e-05
0.9886673314672043,0.0759316058149848,0.4820380098102121,0.040138882173368695,-0.21068736587561981,-0.12951208328577815,0.0008056853614073714,0.0008729779251847924,0.0002732700130071804,0.016298953759411112,-0.023589113230122284,-9.644078779598908e-05
0.9890683609890963,0.07382873193620815,0.4807415387286077,0.040127817946695635,-0.21042604918500296,-0.12941422248073722,0.0009864072935038995,0.0006331984133870151,0.00027208987208849695,0.018072282133849305,-0.02397804751266717,-9.652865994614826e-05
0.9894693526417645,0.07172852267540845,0.47944575832321884,0.04009280106020098,-0.21018506748134042,-0.12931359459659672,0.0011842566794109583,0.00038993183236836287,0.0002708601223064004,0.019785001564953143,-0.024326777481763304,-9.657239596345377e-05
0.989870068175513,0.06963077957823662,0.4781506649592909,0.04003355114755236,-0.20996596120075342,-0.12921017196666662,0.001398122501419435,0.00014322990710066827,0.00026957529619387534,0.02138661653337015,-0.024670338123593906,-9.662861402123754e-05
0.9902702664760361,0.06753528842448069,0.4768562529554136,0.039949764833357,-0.20977010451090328,-0.12910446333558823,0.0016264720472290873,-0.00010704693649642292,0.00026822956023887237,0.022834957114826054,-0.025027859548995824,-9.672415866441187e-05
0.9906697030363164,0.06544182016780492,0.47556289030810744,0.039841148516048766,-0.20959848671154882,-0.12895974450034617,0.0018660560941970395,-0.0003606606441338469,0.00026681559127834725,0.023958371745196824,-0.02536157932888182,-9.710905015190576e-05
0.991465298416204,0.06125998470085482,0.472979769859321,0.03954862905119278,-0.20933112259758874,-0.12863335866834896,0.0023712838024474952,-0.0008755721515335636,0.0002637705546471934,0.025645276625445936,-0.02585129455519329,-9.794211154927365e-05
0.9918609558581785,0.05917111298965553,0.4716900395709752,0.03936447452627394,-0.20923661365861992,-0.12846718720783531,0.0026337681054450215,-0.0011357874677267023,0.00026213629561207095,0.026248266096350014,-0.026021859485533337,-9.830582072415242e-05
0.9922548501311566,0.05708325799685756,0.4704014944469508,0.03915491171367656,-0.20916873441941286,-0.12830327544108364,0.0029001993145147662,-0.0013977228970637546,0.0002604250890765277,0.026642904296658446,-0.026193916531544723,-9.864284899986119e-05
0.9926467276513804,0.05499615439025549,0.46911406125090094,0.038919794203229684,-0.2091276492918716,-0.12814606049046962,0.0031691239861753053,-0.0016616205475768137,0.0002586361227867739,0.02689219367511169,-0.026390186818457163,-9.881171287332001e-05
0.9930363331870556,0.052909534608813154,0.46782769851516537,0.03865897413663414,-0.2091133899910945,-0.1279926192457191,0.0034390976452468333,-0.0019273583609533463,0.0002567685769761622,0.026997030942174313,-0.02657425373703286,-9.89507044176311e-05
0.9934234099609993,0.05082313046614641,0.4665423723595235,0.03837236620508302,-0.20912586852982296,-0.12784237420306735,0.0037089432719015574,-0.002194389769930914,0.0002548232833041528,0.026984161928961248,-0.026703666000733615,-9.90903450523838e-05
0.9938076993531321,0.048736672722606095,0.465258404920278,0.038059972938353885,-0.20916467697819244,-0.12766026296313815,0.0039757296512041304,-0.002461925804589031,0.000252800754810661,0.02667816721236152,-0.026754183494060717,-9.94547171791667e-05
0.9941889432955061,0.046649895860459645,0.4639758863531461,0.037721856383452775,-0.2092292057331191,-0.1274699412784099,0.00423701240331673,-0.0027296222248943377,0.0002507030783904022,0.026127730851108092,-0.026770278098958364,-9.983939530651863e-05
0.9945668844171961,0.044562540118997684,0.46269480453722306,0.03735805251606723,-0.2093186118600734,-0.12728211052952604,0.004490362015691602,-0.0029975604442824947,0.00024853204815819763,0.02533433967949786,-0.026794514576442243,-0.00010018058110523386
0.9949412657005603,0.04247435391066285,0.46141510441883365,0.03696857029624413,-0.20943183007089733,-0.1271014836797646,0.00473362524140324,-0.0032658301089432545,0.00024629007584803703,0.024325620574848713,-0.026827715502085323,-0.00010046838945280341
0.9953118301723334,0.04038509606089283,0.46013671281253954,0.036553440740038856,-0.20956763812757592,-0.12693016156842996,0.004965230997885631,-0.0035341367083510256,0.0002439818704871237,0.02315979096727061,-0.026831464131314233,-0.0001007036430501064
0.9956783211620441,0.0382945373147636,0.45885954774320664,0.03611276568807538,-0.20972471225075676,-0.1267692176141416,0.0051840161210377125,-0.003801842030936933,0.00024161436135451846,0.021877644004575463,-0.02677138929315813,-0.0001008964835462129
0.9960404830810778,0.036202461300030575,0.4575835215572035,0.035646714347856254,-0.2099016205086899,-0.12661944087650953,0.005388730227723045,-0.004068390827004629,0.00023919456847598688,0.020470458525793916,-0.026655786636852537,-0.00010106705082109677
0.9963980621607861,0.03410866570374772,0.45630853260569376,0.03515547117118499,-0.2100967820882684,-0.12648253334034168,0.005577835875125105,-0.004333655298785045,0.00023672776004363553,0.018909528487679135,-0.026527401278042716,-0.00010122367050561836
0.9967508049408246,0.03201296192408232,0.45503479942372105,0.0346392057244297,-0.2103082763603424,-0.12632709337049253,0.005748344570198526,-0.004597635969862443,0.00023421691413653834,0.0170497482975549,-0.026399065950211638,-0.0001015842260013291
0.9970984604798534,0.029915180963562184,0.4537623422985544,0.03409809577358035,-0.21053402770764335,-0.12617332411040236,0.0058984349474830895,-0.004860287256066786,0.00023166798493808656,0.015007832382274374,-0.026266167812688417,-0.00010193453293158759
0.9974407798178856,0.027815174749960522,0.4524910961439582,0.03353235078880897,-0.21077188517631262,-0.12602994877853102,0.006027165939632758,-0.005121176911169278,0.00022909007194423973,0.012871812670760098,-0.02609003904702238,-0.00010222113436866745
0.9981084259360609,0.023608002083306562,0.4499518277213157,0.03232813643265977,-0.21127511251932102,-0.12578628623192772,0.006218222006886574,-0.005635247077717732,0.0002238884123014994,0.008423947124099657,-0.025561422157931692,-0.0001026661589841243
0.9984332686058538,0.02150064846468222,0.4486835834820175,0.0316903350722398,-0.21153592691552706,-0.12568742631068028,0.006279204065196896,-0.0058879936880523835,0.00022128103656598492,0.006096703570302617,-0.025275796975555233,-0.0001027950806725727
0.9987518070956345,0.019390696504043653,0.4474161482528706,0.031029143358940442,-0.2117997277949243,-0.12560106936636503,0.006316436846027064,-0.006138149241285341,0.00021867738838166095,0.0037217125006091425,-0.02501669905986147,-0.00010281251481906674
0.9990638072380971,0.017278110583815322,0.44614942972037125,0.030344842843835425,-0.21206413654289005,-0.1255284210978227,0.006329759031661818,-0.006385721658033498,0.0002160848423805907,0.0013305951385213814,-0.024758386135973868,-0.00010270291513246635
0.9993690377142534,0.015162878888608441,0.44488333064550045,0.02963775684399686,-0.21232678751850115,-0.12546997658818917,0.006319214384002674,-0.0066303136241341225,0.00021351284975149005,-0.0010561386114610397,-0.02446033416869335,-0.00010249784099889343
0.9999582815514658,0.010924549036630192,0.44235259835635315,0.028156805557198506,-0.21283742702835545,-0.12539583135733665,0.00622686207418869,-0.007108750790070571,0.00020846759632154772,-0.005802523479460785,-0.023735414738373022,-0.0001018581310132079
1.0002418509299424,0.00880154507839006,0.4410877817985094,0.027383763790005042,-0.21308078087404625,-0.12537899961272236,0.0061455968799586915,-0.007342431510708996,0.0002060086048344601,-0.008128296178738377,-0.023369146188606225,-0.00010132869148761386
1.0005177626683193,0.006676083037134203,0.4398232355544077,0.026589520540481724,-0.21331314647163616,-0.12537317391072933,0.006041491399960865,-0.007572662013372016,0.00020359752420778525,-0.010412346067187528,-0.023024092115542353,-0.00010080577818055708
1.000785804444063,0.004548267160332457,0.43855889264020076,0.02577445207580782,-0.21353234231089444,-0.12537828538308862,0.005915167214556628,-0.00779931389828311,0.00020124059794691439,-0.01263423007009035,-0.02266619260100641,-0.00010018230033848996
1.001045767660712,0.0024182234975928074,0.4372946913418137,0.024938984440896858,-0.21373625646336478,-0.12539369102310471,0.005767212616530394,-0.008021953371910265,0.00019894481220344716,-0.01479727592268501,-0.022264908661803924,-9.952027053614199e-05
1.0012974479913204,0.00028609930753363154,0.4360305734821656,0.024083594995351124,-0.21392283888537802,-0.12541891640672875,0.005598234669666323,-0.008240165233819801,0.00019671618186227686,-0.01689960681921571,-0.021822100437171272,-9.88489665068755e-05
1.0015406459020726,-0.001847937403268741,0.43476648435835946,0.023208774472137955,-0.21409013467042834,-0.12545341454904121,0.005409236642214395,-0.008453849046915296,0.00019455831732306675,-0.018901603951634392,-0.021369245435391558,-9.81703415218043e-05
1.0017751667577917,-0.003983698782085127,0.43350237052112534,0.022314989856410332,-0.2142363504875275,-0.1254967421189472,0.0052017856825449195,-0.008663166487032883,0.00019247290517317796,-0.020746880821194465,-0.020932555975476927,-9.747756323051938e-05
1.002000820552489,-0.0061209787740961336,0.4322381779338855,0.02140268691422694,-0.2143598920067006,-0.12554857490695143,0.004977720876620292,-0.008868223095103912,0.00019046136607926657,-0.022408243917432624,-0.02050641918265508,-9.677527354671762e-05
1.0022174193144213,-0.008259555793409819,0.43097410725359675,0.02047233834005855,-0.21445932503873325,-0.12558302045479458,0.004738996229140262,-0.009068684986964662,0.00018852863051143428,-0.023874198203184302,-0.02004689176568818,-9.587231292407318e-05
1.0024247808044988,-0.010399193670829743,0.4297102432820489,0.019524480316077935,-0.21453344174346622,-0.12561134012671554,0.004487086503605826,-0.009264088288698171,0.00018667754313447148,-0.02519266944119251,-0.019540976355700897,-9.495896125074749e-05
1.00281109218086,-0.014680643282240512,0.42718321152821154,0.01757852126761239,-0.2146015695604873,-0.1256686393742711,0.003950351018516402,-0.009638711440148743,0.00018322205797237424,-0.02731805106882102,-0.01846126246623829,-9.324308447729219e-05
1.0029897069237093,-0.01682192354694721,0.4259200214685642,0.01658153790511077,-0.21459405358512706,-0.12570115360798337,0.0036701532081303825,-0.009818065919321215,0.00018161420288186105,-0.028021345381212825,-0.01793593055077383,-9.243832192687154e-05
1.0031584107907165,-0.018963206870399946,0.424657293184115,0.01556927994864135,-0.21455823339809033,-0.12570895698736817,0.0033858951559272684,-0.009992061061206859,0.00018008552574814158,-0.028427319551401948,-0.017399945416271757,-9.147348504422309e-05
1.0033170490641206,-0.021104212643479378,0.4233950853417592,0.014542329240430118,-0.21449398202082195,-0.12571100561064574,0.0030987353016400563,-0.010160429653083934,0.00017863403001135925,-0.028717448164053964,-0.016837241497436792,-9.05511342768168e-05
1.0034654728542551,-0.02324465755371085,0.4221334439407562,0.013501302354576781,-0.2144011846034883,-0.12570830312567416,0.0028098392111778068,-0.010322821035523571,0.00017725725302434453,-0.028891019265946873,-0.01623947430060517,-8.96948693170311e-05
1.0036035395913157,-0.025384256592766954,0.4208723974404726,0.012446838890802656,-0.21427988659078942,-0.1257022429440387,0.0025208474878644412,-0.010479043781913822,0.00017595191015977037,-0.02890053018630985,-0.015622567242650145,-8.888808705362968e-05
1.003731113230391,-0.02752272456369986,0.419611959568266,0.011379570216072143,-0.21413037372176205,-0.12569378540457435,0.0022341346215702692,-0.010629148989860426,0.00017471382381090267,-0.028672593489863823,-0.015010772891161919,-8.81140454930589e-05
1.0039542686270302,-0.03179514085611521,0.41709291777183094,0.009209053017484923,-0.2137492466261711,-0.1256710830983506,0.0016780869000093917,-0.010911382189283223,0.0001724211942104118,-0.02743457819886893,-0.013811765046123609,-8.664375489138876e-05
1.0040496100182736,-0.03392854196946613,0.4158342410687495,0.008107035496845435,-0.21351938701998954,-0.1256635216925414,0.0014119633507784658,-0.011043305460948416,0.00017135773562163323,-0.02661352245178871,-0.013192475853794638,-8.595685670946414e-05
1.0041339771290052,-0.036059720629634834,0.41457608870959844,0.006994705443178963,-0.2132645974194086,-0.1256549325772403,0.0011551881570425252,-0.01116881825264273,0.0001703436753249355,-0.025678645713184282,-0.012551399104087849,-8.52891799419576e-05
1.0042072651789262,-0.03818842480542288,0.41331846113146253,0.005872723349289752,-0.212986020968436,-0.12564339739183694,0.0009095348556599133,-0.011287858868474014,0.00016937450803010713,-0.024566418452798323,-0.011904155390267889,-8.462127651882226e-05
1.0042693759712302,-0.04031441341202022,0.4120613594831602,0.004741736250459984,-0.2126850471286874,-0.12562836170971534,0.0006773508009939472,-0.011400520133085096,0.00016844573168798456,-0.02321945916980456,-0.01126619669099074,-8.393260319960793e-05
1.0043202178217618,-0.04243745881545321,0.410804777884917,0.003602375521591876,-0.21236331422191104,-0.12561005366512973,0.00046096969524760123,-0.011506892203996661,0.0001675528623676944,-0.021639133302998267,-0.010637256255758096,-8.32267864797476e-05
1.0043597053933102,-0.04455734932485168,0.4095487043312988,0.0024552740261358313,-0.21202264174362054,-0.12558873014704608,0.00026219102397189505,-0.011606927349104148,0.00016669141235710084,-0.019878862740877818,-0.010003545060832827,-8.252216885311928e-05
1.0043877566175936,-0.04667389045230329,0.40829338305287116,0.0013010950605580665,-0.21166493348020143,-0.12553848159419506,8.250595412888094e-05,-0.011700324154987923,0.00016585858227372369,-0.01796947755969859,-0.009339694846877076,-8.166767254702896e-05
1.0044042980180081,-0.048786907261607074,0.4070388903693062,0.00014053042667336223,-0.21129223521776738,-0.1254760019379784,-7.743699278032501e-05,-0.011786883839823839,0.0001650502500415787,-0.015995243976568395,-0.008655968721507179,-8.080571128234067e-05
1.004409262926105,-0.05089624396579828,0.40578530796880435,-0.0010257288786020555,-0.21090666702954913,-0.12540045394989938,-0.00021600415315977216,-0.011866580872751336,0.0001642619840993099,-0.013857648299422244,-0.00796969166564534,-7.999040032641744e-05
1.004384234043762,-0.0551033620090614,0.40328092953479033,-0.003372640348321785,-0.21010633783316826,-0.1252300992266867,-0.00042300500722584016,-0.01200572773090386,0.00016272923105948745,-0.009140917501449533,-0.006622158280066205,-7.852871452253998e-05
1.004354142803733,-0.057200944310408064,0.4020301252253906,-0.00455196460104406,-0.20969651706238362,-0.12513726259910798,-0.00048944677652062,-0.012065217609862114,0.0001619775381379143,-0.006645081608043823,-0.005948952990053413,-7.787792245826532e-05
1.0043122801084579,-0.059294450475577,0.4007802134369522,-0.005734304592748025,-0.20928361325700612,-0.12504194196453752,-0.0005306623322433176,-0.012117879150231214,0.0001612320298041188,-0.004122456985896825,-0.005266115332025044,-7.723139965375347e-05
1.004258614397195,-0.06138384288186354,0.39953115684930207,-0.006918980347097487,-0.2088701649276439,-0.12494483529025575,-0.0005461841145988516,-0.012163687961692272,0.00016049057605552704,-0.0015530783964193273,-0.00458084056440018,-7.660635241240357e-05
1.004193117510835,-0.06346910891451557,0.39828319381608523,-0.008105305946288057,-0.20845866567130447,-0.12481846311890459,-0.0005361271796671453,-0.012202547282882366,0.00015975179586250244,0.0010047934508464582,-0.003885891574013268,-7.597541978019666e-05
1.004115769544432,-0.0655502614947532,0.39703645099690066,-0.009292596916140015,-0.20805164724574707,-0.12467407105782533,-0.000500539230806089,-0.012234490665240351,0.00015901496289054547,0.0035578946081171485,-0.003194299617817519,-7.533351871935083e-05
1.0040265585113775,-0.06762733907488189,0.3957909640236828,-0.010480179298017932,-0.207651620352641,-0.12452087067747714,-0.0004396298713512372,-0.01225955195182186,0.00015828005336421155,0.00609003592460385,-0.002506093838173933,-7.46635255084148e-05
1.0039254791412833,-0.06970040515864719,0.394546771567505,-0.011667379715001003,-0.20726103975937887,-0.12435868524438064,-0.00035370691246295184,-0.012277721113585958,0.00015754784904863653,0.008591397601787024,-0.0018168869931494498,-7.393562858761753e-05
1.003812533247447,-0.07176954795697811,0.39330388690488066,-0.012853524212185257,-0.20688233175465234,-0.12419016674900316,-0.0002430178758483656,-0.012288996186038088,0.00015681959726014547,0.011068009157461353,-0.0011274854701104665,-7.315608758203113e-05
1.0036877291545327,-0.07383488007703158,0.39206234572681814,-0.014037943499406253,-0.20651787691564014,-0.12401320857932863,-0.00010793707908781341,-0.01229342316600023,0.00015609688622399612,0.013507191419671563,-0.00044268530941359604,-7.234332712705709e-05
1.003551082162272,-0.07589653830173028,0.3908221636156297,-0.015219979386735272,-0.20616999212955875,-0.12383001906444295,5.083683760701234e-05,-0.012291089079439698,0.0001553817236011912,0.015876512628757125,0.00023341069833723619,-7.150419566151124e-05
1.0034026139704681,-0.07795468286671443,0.3895833742459161,-0.01639898454171826,-0.20584086832479775,-0.12363907069353633,0.0002321692925083053,-0.012282082541932462,0.00015467653704218212,0.018132379128092502,0.0009006437675611501,-7.064077806394205e-05
1.0032423531236785,-0.08000949625694817,0.3883459844826329,-0.017574320952115214,-0.20553256915433213,-0.1234433335569349,0.0004348626792395264,-0.012266480248431228,0.00015398419205661036,0.020268488960130424,0.001560206182320013,-6.974964118795e-05
1.0030703343801357,-0.08206118183174153,0.38711001975672166,-0.01874535843967082,-0.20524703817363266,-0.12324120396336756,0.0006578634187423015,-0.012244362252478288,0.00015330785217239806,0.02229924518041104,0.0022117623290686616,-6.883734517808901e-05
1.0028865948291559,-0.08410996322150453,0.38587583392654956,-0.019911464511393744,-0.2049859357687913,-0.12300040816320745,0.0008985434807187708,-0.0122157118735402,0.00015264929647216342,0.02406720091783309,0.002864985802020314,-6.808020765847867e-05
1.0026911801744718,-0.08615608162786392,0.38464359722775554,-0.021072015735773084,-0.2047507315526582,-0.12273978613762639,0.0011546976939885677,-0.01218058276884417,0.00015201191382836705,0.02561464399757168,0.0035128432174239515,-6.733991502998336e-05
1.0024841437754177,-0.08819979375416725,0.38341336751869554,-0.022226398862408583,-0.20454267490095418,-0.12247108216161416,0.0014239429273159665,-0.01213904830892103,0.00015139976039916782,0.026923779146444435,0.004153363657984041,-6.656588782503156e-05
1.002265545427224,-0.090241369319115,0.3821851835844815,-0.023374008408391128,-0.2043627477982317,-0.12219673096340226,0.0017037603917267779,-0.01209118346110731,0.00015081706596570854,0.027981040699853264,0.004786387858098882,-6.575044565097204e-05
1.0020354515837375,-0.09228108829925272,0.38095904059538044,-0.024514250235342327,-0.20421171498990137,-0.12192153313071488,0.001992033998246156,-0.01203709904170883,0.0001502680688515386,0.028826698549749973,0.005408331321595751,-6.488986228892167e-05
1.0017939346303097,-0.09431923872124277,0.37973494180877765,-0.025646546206575943,-0.20409017155357048,-0.12164501942556136,0.0022871053894531943,-0.011976957601458263,0.00014975674789474203,0.029506525405012845,0.006014020933962328,-6.399596406900362e-05
1.0015410731449113,-0.0963561151123072,0.37851286157604186,-0.026770339118925467,-0.20399857506101335,-0.12137040373050555,0.00258737401945704,-0.011910946391336927,0.00014928682957195323,0.030026301971132374,0.00660098696107202,-6.307683991861189e-05
1.0012769511488704,-0.09839201716145231,0.3772927901774976,-0.0278850880148693,-0.20393717398966738,-0.1210965273326473,0.0028906818485091045,-0.011839215329094053,0.00014886182446109154,0.03033027845257549,0.007172963000824453,-6.2144669554118e-05
1.0010016584110744,-0.10042724756190362,0.3760746937520142,-0.02899026298218198,-0.2039059513358887,-0.12082634408037535,0.0031943494411868396,-0.01176186591979771,0.00014848513027412738,0.030366314991928156,0.007734790620241555,-6.120026483040082e-05
1.0007152898616087,-0.1024621092068035,0.37485855678272645,-0.030085342550008245,-0.20390460054137802,-0.12055855806399966,0.0034956964899204427,-0.011679003525490688,0.00014815978237334574,0.030134323788242746,0.008286084349492798,-6.024998370036516e-05
1.0001097322474781,-0.10653192199627565,0.37243201966994466,-0.03224322781299215,-0.20398929651995615,-0.12003729996722326,0.0040835092747881965,-0.011497550433627862,0.00014767198188278484,0.02908701556777224,0.009326037196571,-5.8346458903946175e-05
0.9997907591114018,-0.10856745766092846,0.37122154883061687,-0.033305107496465654,-0.2040738480904813,-0.11978532424692659,0.00436652208126324,-0.011399464056232062,0.0001475123238562983,0.02830109805578824,0.009808482848823555,-5.7406139426293514e-05
0.999461142102716,-0.11060379000552749,0.37001283284428244,-0.03435502396284,-0.20418528513339643,-0.11954502465791712,0.004640222627080667,-0.011296616239153205,0.0001474096426340324,0.02736993823204085,0.01028463128583918,-5.658340261058136e-05
0.9991210004266845,-0.11264119083041219,0.3688058453559933,-0.03539253436696067,-0.20432242441033216,-0.11931005059581566,0.00490238418938705,-0.011189032132338642,0.00014736512552952888,0.02621610633204391,0.010758267086034182,-5.578282575708364e-05
0.9987704579447235,-0.11467992014872436,0.3676005426396323,-0.036417205306124,-0.20448386501539179,-0.11908255597181183,0.005150978275467018,-0.011076805591712802,0.00014737968334399836,0.02485942494278283,0.011222519694277181,-5.4956794627017636e-05
0.9984096427916745,-0.11672022412203538,0.3663968927054173,-0.037428625654825985,-0.20466805192262125,-0.11886167139550706,0.005384521815102342,-0.010960173221156368,0.0001474531014492221,0.023354434963709862,0.011663113998357946,-5.4097470812579604e-05
0.9980386875964694,-0.11876233352930246,0.36519483155043103,-0.03842642075184417,-0.20487333843818845,-0.1186508384700568,0.0056018449402720424,-0.010839463948979309,0.00014758413141619507,0.02173245541996589,0.012070817156108478,-5.320546297532243e-05
0.9976577286311447,-0.12080646300369058,0.3639943058628373,-0.03941024579614348,-0.20509794935530454,-0.11844928609111673,0.005801520259793495,-0.0107149440356162,0.00014777120170198987,0.019967733624051187,0.012451895667730683,-5.229127983710064e-05
0.9972669058988063,-0.12285280954847452,0.36279523524303475,-0.04037977004893326,-0.20533994507083259,-0.11826009697466235,0.005981798088946074,-0.010586734131806334,0.00014801303766221705,0.01802804053480571,0.01282091040502746,-5.1354664227711994e-05
0.9968663625568411,-0.12490155089636215,0.3615975572603845,-0.041334663279998726,-0.20559719820668565,-0.11808185294833398,0.006140943365645504,-0.010454884651162158,0.0001483082366593581,0.015914838271043525,0.013184884837147443,-5.040064534180634e-05
0.996456245331161,-0.12695284345525804,0.3604011885283503,-0.04227460673383416,-0.20586745953838126,-0.1179169248599007,0.006277731142194209,-0.010319548534602537,0.0001486543135375701,0.013679137147286542,0.013533565686863968,-4.942906546979011e-05
0.9960367039900715,-0.1290068212960022,0.3592060647488428,-0.043199312373671715,-0.2061484075447619,-0.11776358109430017,0.006391394140340954,-0.010181051843282269,0.00014904715865626133,0.011366702497901624,0.013849640142278477,-4.844935010619986e-05
0.9956078914006693,-0.13106359533634895,0.3580120991019854,-0.04410853623165842,-0.20643768296018875,-0.11762421792737872,0.006481323211728317,-0.010039782691342002,0.0001494818185326592,0.008993346596583997,0.014126902363439267,-4.7462399650241964e-05
0.9951699626584026,-0.1331232530776074,0.3568192229166985,-0.04500206361482761,-0.20673285559175708,-0.11749720238295798,0.006546759347568733,-0.009895994615805507,0.00014995377634704926,0.006544084020882203,0.014378809938963837,-4.6471048087515845e-05
0.994723072591813,-0.1351858593328668,0.3556276128916511,-0.045879673144036875,-0.20703131789458595,-0.11735836774375676,0.006586100244339222,-0.009749642540902962,0.00015045840123127782,0.003934585353455586,0.014635223339923092,-4.5641405894779646e-05
0.9942673795003527,-0.13725145222930404,0.3544373200292195,-0.046741141751313046,-0.20733040205288744,-0.1172204892930144,0.006598567370755717,-0.009600691433590701,0.00015099194472911954,0.0012472288458569266,0.014895138808598277,-4.48421375641124e-05
0.9938030446189231,-0.13932004282241556,0.3532483331864182,-0.04758625526325394,-0.20762743510966933,-0.1170898495325947,0.006584007954501597,-0.009449300091996822,0.00015154963586522225,-0.0014554104328975217,0.015139172900434227,-4.402029330286153e-05
0.9933302314846848,-0.14139161532017316,0.35206063031239165,-0.04841483433009527,-0.20791976605480827,-0.11696753653878221,0.006542556423534523,-0.009295828447939468,0.00015212275326401256,-0.00414461594719802,0.015347210021848683,-4.3419059383620504e-05
0.9928491053927316,-0.1434661273815863,0.3508741926730416,-0.04922674429451602,-0.20820477080008742,-0.11685319797069106,0.006474409711148085,-0.009140673673241086,0.00015270141234267909,-0.006814137826366943,0.015515525491207962,-4.3119285789492106e-05
0.9918625815982358,-0.14762366927047357,0.348505061149436,-0.050800125196399454,-0.20874248625274858,-0.1166463126216003,0.00625958287141251,-0.008825960297959365,0.0001538435922727994,-0.012028907002676207,0.01580888791905164,-4.325905242906694e-05
0.991357520109602,-0.14970648396840927,0.34732236099701425,-0.05156137405349182,-0.20899022356351005,-0.11655191718009739,0.006114458970401449,-0.00866642954545717,0.00015439562001627187,-0.014511907318503426,0.01595311151679972,-4.3501774318217715e-05
0.9908448182478554,-0.1517918096191727,0.34614091305161804,-0.052305529890563064,-0.20922073983355532,-0.11646230605170019,0.005945499756406343,-0.008505706325970894,0.0001549268937364312,-0.01689546529007928,0.01607235018462255,-4.379073464283879e-05
0.9903246470039949,-0.15387947816949193,0.3449606940211135,-0.05303254021382097,-0.2094317711075858,-0.1163805547253222,0.005753036827822772,-0.008344135195630953,0.0001554323522266128,-0.01924586707802681,0.01615713238954866,-4.396355977448975e-05
0.9897971776489054,-0.15596929853319833,0.3437817137957063,-0.053742385406544246,-0.20962107455120366,-0.11630320530849354,0.005537710218801869,-0.0081820404241263,0.00015590616952830227,-0.021532269470340516,0.016209486457615923,-4.4128709773874604e-05
0.9892625814820533,-0.15806105706132775,0.34260399624628496,-0.054435061263392585,-0.20978652985001736,-0.11622861212730909,0.005300702790806097,-0.008019513049337781,0.00015634374020669163,-0.02370038844815488,0.016252736095409635,-4.432152030406084e-05
0.9887210298274971,-0.16015451867497676,0.34142757061191925,-0.05511055307145595,-0.20992619473630092,-0.11615588516888341,0.005043710320713523,-0.007856483917234066,0.00015674150181225246,-0.025698931410907462,0.016302901039183693,-4.454728369151252e-05
0.9881726942271526,-0.16224942870184095,0.3402524688268616,-0.05576884152092959,-0.210038320959707,-0.11608437280232696,0.004768506436543099,-0.00769298897013588,0.00015709562865483614,-0.027520113269216145,0.01634947186858513,-4.480088388228795e-05
0.9876177464855442,-0.16434551481748058,0.3390787256596975,-0.05640993418425317,-0.21012131653938143,-0.11601345562763346,0.004476540299375154,-0.007529333116774246,0.00015740136729712717,-0.02919638122383479,0.016365552023546386,-4.507737975339524e-05
0.9870563583412905,-0.16644248845610538,0.337906378589927,-0.05703388858642292,-0.21017370986666228,-0.11594254891777014,0.004169081802511158,-0.007365966672002898,0.00015765380942656018,-0.03074566192027498,0.016336601190389433,-4.537673097577482e-05
0.9864887009259998,-0.16854004586212948,0.3367354662111271,-0.05764080107873414,-0.21019417584050953,-0.11587115520702221,0.003847751402906107,-0.007203197347857608,0.00015784923999977792,-0.03213289787524305,0.016276880231124103,-4.5702170284137496e-05
0.9859149444052129,-0.1706378695323358,0.33556602703060495,-0.05823077289015591,-0.21018161256403256,-0.11579876407905149,0.003514849391885334,-0.007041057109241499,0.0001579855511650372,-0.03329010432779423,0.016213964434711826,-4.6057879944197005e-05
0.9853352580020238,-0.1727356305844836,0.3343980993791637,-0.05880389060174774,-0.21013519623993898,-0.1157247999385414,0.0031730366708123676,-0.006879470198798093,0.0001580614760421388,-0.034181219594805516,0.016158626360877514,-4.644138103157153e-05
0.9847498101850813,-0.1748329916626868,0.3332317218710121,-0.05936024226625297,-0.21005435569309713,-0.11564869473933599,0.00282465321856229,-0.006718537325268499,0.000158075684546139,-0.03483833591707849,0.016093219528671005,-4.684039072492064e-05
0.9841587670352694,-0.17692960937340327,0.33206717807847586,-0.059899932561179633,-0.20993870245255727,-0.11554540249333042,0.0024720413945707796,-0.00655847393241294,0.00015802897575308187,-0.035261213771933156,0.01600627106652803,-4.7061056823314346e-05
0.9829605572011577,-0.18111922325509164,0.3297441277954497,-0.06092997301775096,-0.20960254995483354,-0.11530424913784693,0.0017608121529187597,-0.006242106508912829,0.00015775241138066078,-0.03562163483730982,0.0157526176783628,-4.7383950373687926e-05
0.9823537184377521,-0.18321151901509253,0.3285857891359679,-0.06142065312804218,-0.20938221698261894,-0.11516780540655813,0.0014066052357305972,-0.00608585143001561,0.0001575235827835214,-0.035420833137724844,0.015625452332063347,-4.7628639527121295e-05
0.9817419396356416,-0.18530167475786677,0.3274297129030941,-0.06189530802198228,-0.20912769390311317,-0.11502149524078698,0.0010574078898669943,-0.005930789615039101,0.0001572352378035494,-0.03491990818706895,0.015506134473480591,-4.793766904656068e-05
0.9811253816502622,-0.18738934759929513,0.32627587378808076,-0.06235409196166838,-0.20883974219501533,-0.11487642382416907,0.0007145109783582418,-0.005777008930292926,0.00015688948648605764,-0.03428989388504138,0.015378032063997904,-4.8198869667639554e-05
0.9805042036045241,-0.18947420127634673,0.32512430495742134,-0.06279718433333902,-0.20851914154536427,-0.11472645361327441,0.0003790067816693464,-0.005624862919759937,0.00015648792739921268,-0.03355064890863052,0.015214577067317969,-4.847396876875014e-05
0.9798785626804026,-0.19155590709497153,0.32397505805454824,-0.06322481027412429,-0.20816680076844712,-0.11456940112256611,5.222324537885506e-05,-0.005474702404200624,0.00015603246895218921,-0.03267860668810156,0.01501604161532687,-4.878282915731299e-05
0.9792486137613133,-0.19363414505226584,0.32282818798959484,-0.0636372121380227,-0.20778381865234685,-0.11440448362899376,-0.00026384006473163275,-0.005326637620732587,0.00015552546326851881,-0.03160660508987669,0.014806483840331846,-4.913317951305118e-05
0.9786145093495687,-0.19570860584932234,0.32168374904602415,-0.06403461966815134,-0.2073715453483075,-0.11423123327096571,-0.0005667319078391021,-0.005180577186049852,0.00015496954843529116,-0.03028947659680886,0.014606065488292748,-4.952502706987043e-05
0.9779763997591777,-0.1977789935657256,0.3205417944653523,-0.06441724996537412,-0.2069315660849502,-0.1140492830469689,-0.0008542645310741142,-0.005036485327666085,0.00015436767147673176,-0.028753569990994616,0.014409225137976373,-4.994919593838848e-05
0.977334433244434,-0.19984502800745618,0.3194023756757345,-0.06478533572038299,-0.2064656178512575,-0.11385848192790997,-0.0011249581891180102,-0.004894572820871396,0.0001537232889115766,-0.027069685938410054,0.01419130765234372,-5.03936105602106e-05
0.976688755786876,-0.20190644609014688,0.3182655404394511,-0.0651391502427345,-0.20597552321269486,-0.11365895211506732,-0.0013777772456249886,-0.004755215203616145,0.00015304038195028302,-0.02528223527945929,0.013935836404029261,-5.085109052732494e-05
0.9760395106320395,-0.2039630026263214,0.31713133213526545,-0.06547900198883455,-0.2054631984943938,-0.11345086915243895,-0.0016115355871409859,-0.004618691687273025,0.0001523230787685601,-0.02337617045347984,0.013652443710075094,-5.1323883297605783e-05
0.9753868379404048,-0.2060144713670089,0.3159997913176822,-0.06580520506821246,-0.20493070602485441,-0.1132341966761478,-0.0018246612047233442,-0.004485034145625453,0.00015157525713352756,-0.02131290223589287,0.013365863015340542,-5.1817609343308696e-05
0.974730874803598,-0.2080606466860372,0.31487095341111215,-0.06611805854782166,-0.20438027339343875,-0.1130091461125323,-0.0020155849506612923,-0.0043541489074304576,0.00015080052622228862,-0.01909271705009714,0.013088648526298395,-5.23406308496636e-05
0.9740717545879456,-0.21010134462878904,0.3137450461804213,-0.06641783260897093,-0.20381420533870379,-0.11275631981060615,-0.002183340975819968,-0.004225841125889934,0.00015000498116442005,-0.016775943842599065,0.012830916959484897,-5.261587497581941e-05
0.9734096083963935,-0.21213640490573796,0.3126222136532575,-0.0667048134584703,-0.20323487606491553,-0.11248404753984,-0.0023276315424942172,-0.004100269435608602,0.00014919264493719404,-0.014429394871546588,0.012557320356376148,-5.291021424530976e-05
0.972744564708589,-0.21416569099353855,0.3115025466924134,-0.06697932218340392,-0.2026446353620778,-0.1121976582606555,-0.00244846271608146,-0.003977733031389358,0.000148367693477081,-0.012083450570518002,0.012253802520300148,-5.323199509043584e-05
0.9720767488753311,-0.21618908985558735,0.3103861122413528,-0.06724170339507236,-0.2020458231656325,-0.1118995394177474,-0.0025457053458385645,-0.003858418184190594,0.00014753437983863898,-0.009724589481123347,0.011931655632798794,-5.353657560023836e-05
0.9714062828512137,-0.2182065120147539,0.30927296504989604,-0.06749230038254052,-0.20144080088489286,-0.11159089749764221,-0.002619107885897368,-0.0037423124736909977,0.00014669661387399974,-0.007340572390083177,0.011610748699852097,-5.379253011356102e-05
0.9707332852148399,-0.22021789186809435,0.3081631598386332,-0.06773144223267964,-0.20083193943887892,-0.1112717719533816,-0.0026686284944618397,-0.0036293400580570483,0.00014585796495872872,-0.004952369968179917,0.011297423820772002,-5.39956460642176e-05
0.9700578713255955,-0.22222318778993552,0.30705675373150626,-0.06795945692360282,-0.20022157455305056,-0.11094203259538542,-0.002694630357967125,-0.003519564042870346,0.00014502251989866147,-0.0026004849758704224,0.0109777860936375,-5.4105848028644395e-05
0.9687002396228567,-0.22621547826238392,0.3048544066655752,-0.06838353772723489,-0.19900530953521606,-0.1102482192999707,-0.002678614270492585,-0.0033106042883253826,0.00014337735720321553,0.0019118885459490683,0.010262913060374895,-5.411518294432319e-05
0.9680182350402711,-0.2282025044143266,0.3037586101107093,-0.06858038126559707,-0.1984037098757623,-0.10988371991008702,-0.002637973497299016,-0.0032117853798080197,0.00014257426302944143,0.004063815415723002,0.009882069431163794,-5.403976757780384e-05
0.9673342402615425,-0.23018350853949138,0.3026664944697946,-0.06876761524809911,-0.1978091970558362,-0.10950782801699291,-0.002576731804730972,-0.0031167294198673,0.0001417870427013423,0.006123920162358825,0.009505768949655895,-5.3936958383913245e-05
0.9666483523050465,-0.23215855965313856,0.30157807038638945,-0.0689456206288891,-0.19722372522558526,-0.1091268315376844,-0.002495503797766308,-0.0030253715451969607,0.00014101639127355256,0.008122564030360121,0.009135953545881726,-5.389512325135545e-05
0.965960664363545,-0.23412774658277458,0.3004933879899082,-0.06911477556259676,-0.1966491562704913,-0.10873699847226845,-0.002395259752779887,-0.002937808257375779,0.00014026366848198513,0.010024180076300966,0.008756486686232443,-5.385917416216663e-05
0.9652712657685435,-0.23609117696983367,0.29941251315706685,-0.06927548163596242,-0.19608723719195026,-0.10833697509808346,-0.0022770523083512997,-0.002854246513723353,0.00013953044675248086,0.011820532113898056,0.008356322873439598,-5.3800356160968814e-05
0.9645802417617543,-0.23804897626480442,0.2983355174046335,-0.06942816160832363,-0.19553960018014294,-0.10792643892088252,-0.002142047424346663,-0.0027748515457049583,0.0001388180488430177,0.013500287913348216,0.007939634850474593,-5.3696635223475575e-05
0.9638876733216953,-0.2400012866945603,0.29726246936852513,-0.06957324431471248,-0.19500773793927845,-0.10750598718343064,-0.001991738876051948,-0.002699665345729122,0.00013812730831648943,0.015030665784471332,0.007518746730464012,-5.3533473423662513e-05
0.9631936371545413,-0.24194826583673318,0.2961934305731337,-0.06971115337802612,-0.19449296066853605,-0.10707671371195907,-0.0018280039182911273,-0.002628666202034697,0.0001374586111033369,0.016373317660848763,0.007100029159403963,-5.330944712738089e-05
0.9624982057704344,-0.24389008466297452,0.29512845443653435,-0.06984231083837608,-0.19399637365307662,-0.10663982361638441,-0.0016528335532349822,-0.0025618907791633426,0.00013681207024393552,0.01751686875523489,0.00667764472664871,-5.303205667918526e-05
0.9618014474730981,-0.24582692541611895,0.2940675876142782,-0.06996714998997272,-0.1935188957916134,-0.1061963338302869,-0.0014680103769701292,-0.0024994799637897275,0.00013618760678266672,0.018482159647210308,0.006241171410079711,-5.270735362428948e-05
0.9611034261998341,-0.24775897981244185,0.2930108716872653,-0.07008612256976435,-0.19306129057736598,-0.10574704672265481,-0.001275119799574634,-0.0024416073677209203,0.00013558490350216228,0.019288908899029296,0.005787336856342282,-5.2332486949691866e-05
0.9604042013152884,-0.24968644758916939,0.2919583437291166,-0.07019969313423173,-0.19262416367725588,-0.1052927365645617,-0.001075895466085119,-0.0023883793455883127,0.00013500333524322784,0.01992229296663307,0.005322866926930346,-5.189962320953289e-05
0.9597038275029419,-0.251609534904478,0.29091003566152174,-0.07030832797684189,-0.19220792005964848,-0.10483432416201247,-0.0008724903835581904,-0.002339818147495315,0.00013444196724540043,0.020340375610008628,0.004856172218924192,-5.1405819740728714e-05
0.9590023541724245,-0.2535284522067571,0.2898662476203291,-0.07041245833277084,-0.19181258522284894,-0.10434575734146251,-0.0006688701456169945,-0.0022956530897882458,0.00013389583188138694,0.020361897284847198,0.004416546572182398,-5.1209660272654284e-05
0.9582998267062597,-0.2554434103779898,0.28882710427196595,-0.07051251711760859,-0.1914378699827087,-0.10384513582042988,-0.0004679781953105014,-0.0022558159136002397,0.0001333633686209812,0.020089073923813996,0.003983747262261145,-5.098173856461865e-05
0.9575962863091384,-0.2573546175757936,0.2877926546471367,-0.07060893805839424,-0.19108327460272603,-0.10334041189024296,-0.00027196001899591624,-0.002220344336515758,0.00013284379636084673,0.01960170140988315,0.003547176705614175,-5.0644753841579734e-05
0.9568917698687803,-0.2592622771145085,0.28676291581951996,-0.07070215980931839,-0.19074813273663405,-0.10283510242445267,-8.262540488853897e-05,-0.0021892946554964692,0.00013233649439602498,0.018933349616461054,0.0031049770613648456,-5.017958439790793e-05
0.9561863098565017,-0.26116658579388746,0.2857378905713441,-0.07079262245411352,-0.1904315992448979,-0.10233099218664041,9.80434563387475e-05,-0.0021626833340279558,0.00013184074563400355,0.018066778297571643,0.0026611317756139105,-4.9595273776897436e-05
0.955479934312718,-0.2630677319631475,0.28471757462636116,-0.07088076291056644,-0.19013260930547532,-0.10182920141711324,0.00026776060382307533,-0.0021404992460762554,0.0001313556856123847,0.01697161042415842,0.002218399894316188,-4.891164072410947e-05
0.9547726668816848,-0.26496589311535323,0.2837019592680718,-0.07096701580037901,-0.18984986514705912,-0.10133058136317759,0.00042426686027612526,-0.00212274921944576,0.00013088034911681073,0.01565052435344764,0.001774986115016399,-4.81477141526201e-05
0.9533555289638747,-0.2687539021525765,0.2816847739170636,-0.07113561130675343,-0.18932699907310507,-0.10034582517007544,0.0006906300936143344,-0.0021007204872101034,0.00012995498874041064,0.012492049160466057,0.0008753308467120808,-4.642630923522593e-05
0.9526456836628122,-0.2706440317930425,0.2806831636015071,-0.07121883955121325,-0.18908348269915964,-0.09986115259555461,0.0007976357479964454,-0.002096508476847287,0.00012950327040633152,0.01070047065022697,0.0004211673064972139,-4.548515102253782e-05
0.9519349968350861,-0.2725317370701262,0.2796861368635379,-0.07130194758914218,-0.18884945881269302,-0.09938615165470653,0.0008857428719060349,-0.0020968298312563434,0.0001290577954243126,0.008810618995361539,-3.2172924620033597e-05,-4.452033649575909e-05
0.9512234698756796,-0.2744171139771841,0.27869366685327884,-0.0713853733903074,-0.18862295003504,-0.098917366295998,0.0009535905375658421,-0.002101686030482945,0.0001286180673758946,0.006784674258391782,-0.00048566015780478883,-4.3526080968649296e-05
0.9505110997063985,-0.27630023833889966,0.2777057369702361,-0.07146955724613073,-0.18840184115810438,-0.09845399621676863,0.0009998964223829109,-0.0021110936880724524,0.00012818377811294094,0.004630497004351986,-0.0009408077292713527,-4.2509922571554134e-05
0.9497978787727168,-0.2781811644971833,0.27672233036398697,-0.07155494118232328,-0.1881839134096674,-0.09799624375421656,0.00102363396931069,-0.0021250610532955387,0.00012775483477704377,0.002373663839439974,-0.0013967792064210561,-4.1481046261628844e-05
0.9490837950392828,-0.2800599243764055,0.2757434253727332,-0.07164196578692555,-0.1879668683966071,-0.0975447464688543,0.0010238994826204135,-0.0021435663197404272,0.00012733142594762437,2.646096231498099e-05,-0.0018505690218555265,-4.0446257044278554e-05
0.9483688320403147,-0.28193652665433394,0.2747689861384066,-0.07173106797401405,-0.1877483313212016,-0.09710107198974496,0.0009998356136364471,-0.0021665786714203106,0.00012691422292639175,-0.0024064768087187927,-0.0023012762054816214,-3.939163909933033e-05
0.9476529689273611,-0.2838109559064729,0.2737989657893265,-0.07182268176061753,-0.18752585480593809,-0.09666644256374236,0.0009507159568437328,-0.0021940905629687533,0.00012650424618099095,-0.004912055068837275,-0.002751227831371101,-3.831438987113327e-05
0.9469361804826192,-0.2856831718279336,0.2728333119367404,-0.07191724192259022,-0.18729694357915402,-0.09624146809544226,0.0008761290598248164,-0.002226125889721524,0.0001261027483867833,-0.007458778440635198,-0.0032035680149776454,-3.7223486200091966e-05
0.9462184370858686,-0.28755310883365043,0.27187197065597896,-0.07201518570481306,-0.18705909216402547,-0.09582629877498709,0.0007759831765385311,-0.002262707160616613,0.00012571118342181265,-0.010014676220412645,-0.0036581581917856255,-3.613456664579107e-05
0.9454997046707929,-0.2894206760791271,0.2709148949827953,-0.07211694933458818,-0.1868098033672829,-0.09542022026345523,0.0006502685470830566,-0.0023038189253716925,0.0001253313923179266,-0.012571549678328391,-0.004111202522655595,-3.504721579168545e-05
0.9447799447422314,-0.2912857575382815,0.26996204610195634,-0.07222296346410947,-0.18654658186134282,-0.09502240936703614,0.0004989212493756195,-0.0023494072603872547,0.00012496545750717884,-0.015134814938428606,-0.004558853789195655,-3.397389376999332e-05
0.9440591144331458,-0.29314821185930573,0.2690134049472779,-0.07233365101996098,-0.18626693416183518,-0.0946308453705903,0.00032205702626471517,-0.002399425079195493,0.00012461577136315966,-0.01768650538716052,-0.005001795834216412,-3.2915335946953394e-05
0.9433371661397767,-0.2950078721193306,0.26806911817605855,-0.0724494055687635,-0.18596839660794406,-0.09422881920594087,0.00012038382360002464,-0.002453503517629328,0.00012428772771313243,-0.020167399933366192,-0.005407850996843546,-3.160794229762341e-05
0.94261404851401,-0.296864546784077,0.2671292695745761,-0.07257059806616686,-0.1856486587181444,-0.09382236867406563,-0.00010489853933199516,-0.002511517072730578,0.0001239842750871423,-0.02252831172083209,-0.005801355783334176,-3.030025147676422e-05
0.9418897064497737,-0.29871802105007406,0.26619391331904185,-0.07269759649502126,-0.18530554342007863,-0.09341419108819621,-0.0003525442498161359,-0.0025733721272727383,0.00012370732285494246,-0.024764641588474273,-0.006185499007344517,-2.9109890642474284e-05
0.9411640811324272,-0.30056805822850874,0.2652630882172866,-0.07283075754904234,-0.18493698275616144,-0.09300561000339377,-0.0006215855218046036,-0.002638939336515444,0.00012345858416478714,-0.026904192186234813,-0.006556708093064987,-2.8067330263353247e-05
0.9404371101711109,-0.30241440067812864,0.26433682512763673,-0.0729704219760193,-0.18454098867716848,-0.09259722633982925,-0.0009111754989129901,-0.0027080757727342706,0.0001232398224045988,-0.02895905639927289,-0.006913624901371037,-2.7174572921751003e-05
0.9389788648487186,-0.3060948703721714,0.2624980891170769,-0.07327056761836413,-0.18365932337059887,-0.0917812975991757,-0.0015462565072105077,-0.0028567748880957895,0.00012290005824395367,-0.0326200594733488,-0.0076082644365269726,-2.5812510981544278e-05
0.9382474491658759,-0.30792838675937884,0.2615856039486267,-0.0734317027920048,-0.1831704322215813,-0.0913793305070022,-0.0018882957569604601,-0.0029363578823931834,0.00012278352114491746,-0.03420395906415558,-0.007958267803118221,-2.532023516442483e-05
0.9375144048646217,-0.30975698966832366,0.2606777734476609,-0.07360064014287278,-0.18264763605610898,-0.09097128371382093,-0.002243768909820103,-0.0030193659226271014,0.00012270560467380611,-0.03554733886269655,-0.008300770345616557,-2.4941313650516188e-05
0.9367796530589355,-0.3115803372117033,0.259774570072692,-0.07377769778775485,-0.18208980356708707,-0.09056755992444575,-0.0026119476039964513,-0.003105678931369811,0.00012266835404919663,-0.03681788124161019,-0.008631266543438581,-2.468058895662627e-05
0.9360431116270134,-0.3133980750029618,0.25887600949994216,-0.07396316906447425,-0.18149580309241475,-0.09016359408239934,-0.0029918052418956105,-0.003195156073915468,0.00012267374238460798,-0.037985762549120866,-0.00894768080961188,-2.453152851313511e-05
0.9353046954551844,-0.3152098370433627,0.25798212249591923,-0.07415733727332253,-0.18086466320931094,-0.08975747338738371,-0.003381467212961886,-0.0032877281776978696,0.000122723785037607,-0.038966181378659696,-0.009257179505382263,-2.449509890889489e-05
0.9345643165418974,-0.31701524757314126,0.2570929444370312,-0.0743604851224354,-0.1801956675317955,-0.08934817861578984,-0.0037782265098687605,-0.003383401871716779,0.00012282055776426877,-0.039675897932049106,-0.009567342936028865,-2.4572487847146385e-05
0.9338218839699256,-0.3188139240338572,0.25620851196497785,-0.07457289765018686,-0.17948839726282373,-0.08893501842854398,-0.004179306117375207,-0.0034821686611718047,0.0001229658886356732,-0.04010791139943663,-0.009876658798714298,-2.476400783002629e-05
0.9330773038822826,-0.32060548013829765,0.255328861620354,-0.07479485342234632,-0.1787426762663315,-0.08851757279415388,-0.004582601239956682,-0.00358391558799686,0.0001231609032591462,-0.040329443905422604,-0.010174680692302943,-2.5073561781023036e-05
0.932330479611536,-0.3223895279944293,0.25445402578476395,-0.07502661266149552,-0.17795848359309138,-0.08809594397902488,-0.004986595107873076,-0.0036884505034219884,0.00012340578918970286,-0.04039929829629386,-0.010453489279732346,-2.5527415383321586e-05
0.9315813119204761,-0.3241656793261672,0.2535840312222512,-0.07526841522623494,-0.17713593473666697,-0.0876703456588266,-0.005389562381044044,-0.0037956127039357624,0.00012370034580256293,-0.040296617638624674,-0.010716228876253479,-2.614128596117122e-05
0.9308296992045512,-0.3259335469128189,0.25271889992333046,-0.07552049126090743,-0.1762753561400267,-0.08724076253609447,-0.005788971793374517,-0.003905360966022731,0.00012404461570265324,-0.03994080920367215,-0.010974847431947977,-2.691471902545647e-05
0.9293187205164921,-0.3294429034079376,0.2510033044138387,-0.07605640150852182,-0.17444289586882325,-0.08636824659085666,-0.006565381611934087,-0.0041327360506026155,0.00012488285923678685,-0.038358963779126336,-0.011499975291996837,-2.8896736196937927e-05
0.9285591386196794,-0.33118364719857263,0.25015304094784435,-0.07634067404311379,-0.17347305784447573,-0.08590817965001214,-0.0069373552584084015,-0.0042498268916501035,0.00012537703731004972,-0.03719715795298962,-0.011709151098274757,-2.9635493774190928e-05
0.9277966806819286,-0.3329146228398163,0.24930795133775432,-0.07663604660779356,-0.17246920941209293,-0.08543559229092047,-0.007296124705314197,-0.004368606219688012,0.00012591748810793641,-0.0358767121841663,-0.011878016831397402,-3.048823683932112e-05
0.927031234249504,-0.33463548833849066,0.2484680768656745,-0.0769426436623276,-0.1714328248547031,-0.08495510868391005,-0.007639919227371368,-0.004488822788119547,0.00012649982713865756,-0.03437919464384334,-0.012021756688532738,-3.1545455222010854e-05
0.9262626860156191,-0.3363459176789472,0.2476333750982272,-0.07726058287099165,-0.1703655566073003,-0.08447484256947782,-0.007967108871284262,-0.004610454074280702,0.00012712073894638516,-0.032718682191722255,-0.012163242979386887,-3.282553450921528e-05
0.9254909213117494,-0.3380456009997629,0.24680385104615044,-0.07758998008487523,-0.1692692084856876,-0.08398972003035286,-0.00827559510066878,-0.00473353955739282,0.00012777773150763241,-0.03084831623748467,-0.01230867611698342,-3.42645823365163e-05
0.9247158241234039,-0.3397342473107828,0.24597952631610281,-0.07793095434128458,-0.16814579335160978,-0.08349785201019438,-0.008563732444947066,-0.004858024363038032,0.0001284676587716701,-0.028813403754367143,-0.012448620353419865,-3.582129527126781e-05
0.9239372771753266,-0.34141158636432856,0.2451604241545262,-0.07828361022953416,-0.16699744189757867,-0.0829989806515292,-0.008830528763582342,-0.004983700720111716,0.00012918601216186927,-0.026679278531373602,-0.012567785276121334,-3.7469239020506e-05
0.9231551622077976,-0.3430773695080588,0.24434656220357137,-0.0786480252131101,-0.16582635085367362,-0.08249360756106607,-0.009075115778926664,-0.005110317861183031,0.0001299277457248625,-0.02445832730432871,-0.012661870828311727,-3.9187122953895217e-05
0.9223693602243015,-0.34473137016454386,0.24353796610553596,-0.0790242533202689,-0.16463480748468923,-0.08198081079392376,-0.009296223897809233,-0.005237717568039598,0.00013068885778000133,-0.02211041817936348,-0.012740132420475045,-4.0916543217525445e-05
0.921579751840526,-0.3463733853900713,0.24273463829630865,-0.07941234638138601,-0.16342525006492578,-0.08146273123413186,-0.009492248172424826,-0.0053659395860592846,0.00013146641521887188,-0.0196020152786303,-0.012822366529719126,-4.270179862020437e-05
0.9207862170931647,-0.3480032374369144,0.24193657912613803,-0.07981236596970961,-0.16220026802864002,-0.0809394500807554,-0.009661827386294206,-0.005495036819187906,0.00013225777657287398,-0.01695749168183464,-0.01290988921105014,-4.45036786302372e-05
0.9199886352256781,-0.3496207750577324,0.2411438042157155,-0.08022437112734834,-0.16096254331369056,-0.08040944232000845,-0.009804240031630596,-0.005624884526741354,0.000133058966214875,-0.014240819101711481,-0.012984935551279182,-4.6265285196741235e-05
0.9191868849920901,-0.3512258745353837,0.24035630918494377,-0.08064840075279872,-0.15971478882582626,-0.07987479967665721,-0.00991921234326037,-0.0057552394822891866,0.00013386414643014883,-0.011496773025579247,-0.01303565574615833,-4.803760144746517e-05
0.9183808439988026,-0.352818438317976,0.239574210615975,-0.08108443957521129,-0.15845969573132102,-0.07932360965178215,-0.010006775959082295,-0.0058853707562831125,0.00013466313507406303,-0.008755896554641318,-0.013013277591174946,-4.97540216357879e-05
0.9175703907065393,-0.3543983968316715,0.23879756313363357,-0.08153241198715692,-0.15719996917495327,-0.0787621929901418,-0.010066783670686892,-0.0060149884400769425,0.00013544820600570027,-0.006000304033711547,-0.01296190347557495,-5.159048183689681e-05
0.9167554043763237,-0.3559657081280473,0.23802641296096252,-0.08199223637946206,-0.15593832133995122,-0.07819151604318668,-0.010099195572685552,-0.006144029780556181,0.0001362127648411575,-0.0032407253887714077,-0.012904248989422539,-5.36594608159748e-05
0.9159357651756156,-0.35752035817250416,0.23726078421824026,-0.08246383686573523,-0.15467744949163562,-0.07761396617646692,-0.010104336713399128,-0.006272519251274183,0.00013695325349997217,-0.0005136543586235829,-0.0128490395025193,-5.5751190215710406e-05
0.9151113537935821,-0.3590623600183521,0.23650072408246983,-0.0829471331832067,-0.1534199828910769,-0.07702749016105571,-0.01008293078768576,-0.006400284833516319,0.00013766468709735068,0.0021410433613325156,-0.012776625469171018,-5.7821401998907775e-05
0.9142820518735906,-0.3605917534015878,0.23574626270411922,-0.0834420208969143,-0.15216846499582357,-0.07643405703969264,-0.010035773265900466,-0.006527069053720726,0.00013834245178618738,0.0047161902615533696,-0.012678462339645508,-5.9762935392415564e-05
0.9134477420998439,-0.36210860349439544,0.23499745078299258,-0.08394836590882526,-0.150925349814975,-0.0758318772211053,-0.009963707243760292,-0.006652648014429427,0.0001389820454920458,0.007207023697291606,-0.012557907791120227,-6.161882199848044e-05
0.9126083087587102,-0.36361300054257334,0.23425431763041032,-0.08446602429203141,-0.14969300653696183,-0.07522334402711942,-0.009867677089721649,-0.006777039450483143,0.0001395824526984923,0.0096034185722728,-0.012439127448672491,-6.330428222075133e-05
0.911763637559904,-0.3651050587571721,0.23351689254355917,-0.08499486454834462,-0.14847369327140256,-0.074608742734184,-0.009748941200091794,-0.006900371396554968,0.0001401438875193229,0.011873972922679759,-0.012333152055512464,-6.482637731270543e-05
0.9109136154221156,-0.3665849149980466,0.2327852063023474,-0.0855347682649623,-0.1472695239456198,-0.07398823943257152,-0.009608980380613103,-0.0070226768669761,0.00014066582962147953,0.013996445319038391,-0.012230479364588062,-6.618663642683106e-05
0.9091970717934075,-0.3695086727738141,0.23133918261177439,-0.08664724054367803,-0.14491430878833841,-0.07273008333911483,-0.009271210542088085,-0.007263422452004897,0.0001415814844521603,0.01780568050745008,-0.011963801667994293,-6.843723548913405e-05
0.9083303311374094,-0.37095294776138876,0.23062484691602173,-0.08721948812817401,-0.14376677985724126,-0.07209940920245078,-0.00907555149034545,-0.0073814803297393514,0.00014197103752999757,0.019566190482484487,-0.011805648450478193,-6.934484650588547e-05
0.9074578013917385,-0.37238576525356065,0.22991630324492113,-0.08780217445927153,-0.14264148743607993,-0.07146514388396509,-0.008863826686932225,-0.007498025346745761,0.0001423152145193242,0.0211727364772292,-0.011654341652311563,-7.012049350045869e-05
0.906579377148383,-0.37380735422337524,0.22921358520670024,-0.08839513802671721,-0.1415398550965408,-0.07082611742168786,-0.008638069427495919,-0.007613181237273531,0.00014261538718893363,0.02257595283592068,-0.011515410883697586,-7.075577513324051e-05
0.905694954517691,-0.37521795743986935,0.22851672534729373,-0.08899822939640832,-0.14046309192697415,-0.07018276033168816,-0.008400283787880358,-0.007726945369123711,0.00014287237501085621,0.023778761182953058,-0.011376219374179595,-7.121940759477122e-05
0.9048044311251698,-0.37661782938778415,0.2278257510525315,-0.08961129054731821,-0.13941222092790834,-0.06953587458625267,-0.008152181507747876,-0.007839139235452389,0.00014308603275329617,0.024810394429562985,-0.011219179312194861,-7.148879911788604e-05
0.9039077063445634,-0.3780072346483942,0.2271406837041905,-0.09023414001530244,-0.1383881102969462,-0.0688863319201586,-0.007895429903245908,-0.007949562023978604,0.00014325652835381515,0.025675295185051655,-0.011042060294358294,-7.155167003868616e-05
0.9030046815752785,-0.3793864464270646,0.22646153831831095,-0.09086658087933389,-0.13739145790626842,-0.06823507139995871,-0.007632100924355314,-0.008058176885746615,0.00014338568982452508,0.026333001419277767,-0.010861259213222918,-7.140984016344398e-05
0.9020952602994391,-0.38075574455922523,0.2257883230893689,-0.09150842345399957,-0.1364227346276906,-0.06758311679214658,-0.0073647583177170765,-0.008165127232536143,0.00014347698149169612,0.026734334874866154,-0.010694802565725515,-7.106660427918455e-05
0.9011793478730794,-0.3821154127972804,0.22512104007288328,-0.0921594987978807,-0.1354821445557189,-0.06693141588348861,-0.007096015327982079,-0.00827056413598107,0.00014353406455616387,0.02687434604469905,-0.010543456118032129,-7.052633169748263e-05
0.9002568512976511,-0.3834657359891082,0.22445968579411527,-0.09281964924861012,-0.13456964772320829,-0.06628079651087232,-0.006828029029427707,-0.008374474081813495,0.00014355957497694737,0.02679865124667109,-0.010390760622071967,-6.979085912545359e-05
0.8993276792183126,-0.3848069978924968,0.22380425195487214,-0.09348870677251411,-0.13368502161000947,-0.06563196130257747,-0.006562509251854947,-0.008476688605714804,0.00014355521351686818,0.026551974238530375,-0.010221220473345295,-6.887098489237314e-05
0.8983917421544969,-0.3861394796493245,0.2231547253256349,-0.09416648259777044,-0.13282789284187047,-0.06498562191946579,-0.006301213972711226,-0.008577064491592313,0.0001435229654216027,0.026129500565819058,-0.010037360320207769,-6.77845618162259e-05
0.8974489527032812,-0.3874634582097999,0.22251108785686674,-0.09485277929324618,-0.13199770633647553,-0.06434251684152824,-0.006046355068206852,-0.008675633501981505,0.000143465987411725,0.025485841437775065,-0.009856678101136185,-6.655147747540594e-05
0.8964992242825366,-0.38877920367248586,0.221873448316893,-0.09554739187803613,-0.1311936375741306,-0.06369041648661541,-0.005801499469161126,-0.008772157863110915,0.00014338108628038015,0.024485485960984075,-0.009652216534604942,-6.566963670376934e-05
0.8945786184219746,-0.3913870243452315,0.22061617980368223,-0.09696070599802226,-0.12965892059826362,-0.062392721041375915,-0.00535196731105163,-0.008958682979578822,0.00014313964171940385,0.021743406947893857,-0.00921164231545212,-6.345295440844255e-05
0.8936075810910752,-0.3926795800353756,0.21999648657954127,-0.09767894672184761,-0.12892532840909196,-0.061752871055718625,-0.0051506264414436865,-0.009048280080711141,0.00014298979621850134,0.02013395211751203,-0.008959507943123605,-6.203361799910456e-05
0.8926292855305217,-0.3939648602675926,0.21938265888866848,-0.09840456727196811,-0.12821207433841372,-0.06112384367776822,-0.004966268421430843,-0.00913523140638016,0.00014282495775157065,0.018435652188456036,-0.008694937985636902,-6.0466638259640845e-05
0.8916436585129981,-0.39524306466915454,0.2187746524476354,-0.09913729357531116,-0.12751741502863914,-0.060502027311502095,-0.0048004061856638455,-0.009219589743146184,0.00014264912174320708,0.01658606224506365,-0.008435647263524181,-5.877750849704529e-05
0.8906506294389355,-0.39651437429463554,0.21817243401023212,-0.09987686624997118,-0.1268394360247645,-0.05988646406519823,-0.004654690823441115,-0.009301484081621448,0.0001424663574023318,0.01457136700088173,-0.008189255959550534,-5.699124790699802e-05
0.8896501302242736,-0.39777894986693213,0.21757597144601729,-0.10062304036158111,-0.12617606562333494,-0.059277151442912526,-0.00453043033199921,-0.00938095419233325,0.00014228004310477845,0.012425875122441471,-0.007946841721272174,-5.512742201200638e-05
0.8886420952673877,-0.3990369304825307,0.21698522931200215,-0.10137556978809464,-0.1255251270696892,-0.05867449231602737,-0.004428526172775286,-0.009457895955848922,0.00014209261487759637,0.01019023938720693,-0.00769401521680196,-5.320758367810942e-05
0.8876264616029446,-0.40028843285725874,0.21640016671075676,-0.1021341930608031,-0.12488437553353665,-0.05807909410603217,-0.004349765849298084,-0.009532166708639312,0.0001419059795740687,0.00787585514364762,-0.0074269218354944605,-5.1260922519765874e-05
0.8866031690949765,-0.4015335506593793,0.21582073745822394,-0.10289863542959342,-0.12425149492338414,-0.05749155071094399,-0.004295040506985091,-0.00960372493758422,0.00014172207205096035,0.005472358273627072,-0.007155676565242076,-4.9319994082572735e-05
0.8855721604670159,-0.40277235360108715,0.21524689253393706,-0.10366862369031589,-0.12362408138059787,-0.056912196666337254,-0.00426522945090401,-0.009672648867738748,0.0001415429685029936,0.002980932987654504,-0.006892253231314127,-4.74096412575324e-05
0.8845333811565841,-0.4040048864727483,0.21467858277054724,-0.10444389677342478,-0.12299965234778275,-0.056341061188198295,-0.00426093503016305,-0.009739024394515688,0.00014137049417292332,0.000429274675957609,-0.006637418841687655,-4.554281116413958e-05
0.8834867791709259,-0.4052311685343543,0.2141157596288885,-0.10522420115914985,-0.12237568420001126,-0.05577806383218365,-0.004282417781157394,-0.009802833298382548,0.00014120577259554395,-0.002148436045237213,-0.006380761812399765,-4.372823719671638e-05
0.882432305103017,-0.4064511933572444,0.21355837428284624,-0.10600927715201813,-0.12174964557543845,-0.05522320602239781,-0.004329777488034798,-0.009863959845169173,0.0001410491748350148,-0.004736124674932292,-0.006112530581432123,-4.1980480299696616e-05
0.8813699122317904,-0.40766492877279137,0.21300638375987732,-0.10679885058786776,-0.12111900374948686,-0.054675867950834366,-0.0044030797305741765,-0.00992231490896571,0.00014090121172792588,-0.007330370636766137,-0.005835386152647172,-4.027568666250497e-05
0.8802995558946434,-0.40887231630484605,0.21245981266457786,-0.1075926337364272,-0.12048122028586702,-0.05412923199690749,-0.004501941223522096,-0.009977529523653012,0.00014076479149074733,-0.009886285037679635,-0.005521346007851484,-3.8225497084283566e-05
0.8792211947122041,-0.41007327197014537,0.2119186814907932,-0.10839030071622544,-0.11983382505902922,-0.053583580067473206,-0.004625617422872905,-0.010029488800619732,0.00014063957376627618,-0.012367745210422077,-0.005195816453717457,-3.6234000678282726e-05
0.8770403088115216,-0.4124554291080901,0.2108528059765817,-0.10999598347047357,-0.11850079214114562,-0.05249568717107102,-0.0049431851342577075,-0.010123422867666161,0.000140413837264149,-0.01701276148398783,-0.004527540235013212,-3.296510605735641e-05
0.8759377178814753,-0.41363634340076044,0.2103280941907599,-0.11080333576713537,-0.11781073079522503,-0.05195315515643491,-0.005135040795458517,-0.010165225841555738,0.00014030735710322497,-0.019185674194007876,-0.0041801906809104,-3.1712234805951535e-05
0.874826990277571,-0.4148102541111137,0.20980884479076267,-0.1116132424811698,-0.11710218873280598,-0.05141578114132248,-0.005348253474253613,-0.010203511391216797,0.0001402018845346441,-0.021321375375577076,-0.003828447112055859,-3.061440744374306e-05
0.8737081016615734,-0.4159769638626876,0.20929506678355522,-0.11242535318158504,-0.11637311527463212,-0.05087976222860766,-0.005581747358827599,-0.010238311030529593,0.00014009512644629288,-0.023349497678077587,-0.0034798536488128426,-2.96930016646309e-05
0.872581031066148,-0.41713625492984086,0.20878678161603711,-0.11323932573218413,-0.11562160196090289,-0.05034359380737114,-0.00583382134672745,-0.010269675669185399,0.00013998456740510663,-0.02520751228864331,-0.0031363496987130246,-2.8957305208833678e-05
0.8714457609032474,-0.41828789117064546,0.20828401419429465,-0.114054824447969,-0.11484593312432868,-0.04980665826643538,-0.006102628911529544,-0.01029762154681291,0.00013986721576424166,-0.02688087732024972,-0.002794467983134772,-2.841296474013705e-05
0.8703022769676846,-0.419431620083544,0.2077867903829817,-0.11487151429074555,-0.11404457852160167,-0.04926862968108092,-0.006386633150384131,-0.010322133168753756,0.00013973966421990426,-0.028400555578103916,-0.0024510347805467977,-2.8060732164731484e-05
0.869150568466924,-0.42056717433977836,0.20729513681457118,-0.11568905807297462,-0.11321614707053371,-0.04872922730519106,-0.006684522251861615,-0.010343206144480624,0.0001395984135512069,-0.029789056315088297,-0.0021071602810934223,-2.7896320492761357e-05
0.8679906280344895,-0.42169427288633315,0.20680908051615798,-0.11650711935507006,-0.11235937054916739,-0.04818816915045347,-0.006994665818332768,-0.010360869918982525,0.00013944008314655044,-0.031014520797032236,-0.001766227871101567,-2.7913032602696146e-05
0.8668224516906592,-0.42281262239321127,0.20632864857479005,-0.11732536651153577,-0.11147315493537147,-0.047645130944774884,-0.007314741151291752,-0.010375165068427745,0.0001392612743711987,-0.03200771895509257,-0.001429350450318551,-2.8107127508254027e-05
0.8656460387820454,-0.423921919638215,0.2058538683018251,-0.11814347281021673,-0.11055665897490341,-0.04709973628244759,-0.007642022021101945,-0.010386111494329553,0.00013905832570455567,-0.03272829794304413,-0.0010944602322275386,-2.847928480484541e-05
0.8644613919523211,-0.4250218544826947,0.20538476769015787,-0.11896111321135425,-0.10960932031119605,-0.04655160594289666,-0.007974067584326842,-0.01039371164765096,0.0001388273328336296,-0.03320479662280737,-0.0007598118266515509,-2.9031510095126312e-05
0.8632685171685396,-0.4261121124779826,0.20492137369618033,-0.11977796311605513,-0.10863080269059293,-0.046000604950593736,-0.008309045710621249,-0.010397994463440325,0.00013856431091499276,-0.033498086371478136,-0.000428053263861147,-2.9786739553050357e-05
0.8620674237083461,-0.42719237657218984,0.2044637109488804,-0.12059370244720052,-0.10762092669008991,-0.04544675020979931,-0.008645314704126305,-0.010399030265026431,0.0001382655305976763,-0.03362721034886659,-0.00010332317359206711,-3.0753400501136624e-05
0.859640630739262,-0.42932164691489505,0.20356597472884758,-0.12222054420100079,-0.10550732628304901,-0.04430871167202199,-0.009309316091895512,-0.010390336703942932,0.00013754683304181072,-0.032950479838104195,0.0006191053787825194,-3.2472701000390876e-05
0.8584149663405903,-0.43037002410029784,0.203125965399108,-0.12303094828085895,-0.10440457194301046,-0.04373365563875404,-0.009630755716101558,-0.010380394063006592,0.00013711558666553263,-0.03214441055445299,0.0009946278869739744,-3.370480290960975e-05
0.8571811530692044,-0.4314071552964552,0.20269187875951963,-0.12383886189019697,-0.10327232319001119,-0.043155981303610466,-0.009941812737501285,-0.0103666910718815,0.00013662925275104824,-0.031106206882299564,0.0013707094189163917,-3.521852393010949e-05
0.855939218576981,-0.4324327491474938,0.20226364709980135,-0.1246439332263624,-0.10211171688943203,-0.0425834595850427,-0.010241757560540753,-0.010349258439621652,0.00013608452095162783,-0.029995046750569042,0.0017437241686396794,-3.687514520207674e-05
0.8546891935907206,-0.43344652477358675,0.201841265381463,-0.12544580009638215,-0.10092389094852765,-0.04200973098232884,-0.010529425916047464,-0.010328185098785064,0.0001354785561446523,-0.028767462228054614,0.0021078497428540224,-3.870445678227205e-05
0.8534311121894356,-0.4344482132415232,0.2014247490848062,-0.12624411565388335,-0.0997101196607378,-0.04143259036530246,-0.010802922993470541,-0.010303543385873467,0.00013480869502630912,-0.027350398920181755,0.002464745578619586,-4.0695955325085805e-05
0.852165011861809,-0.43543755967303654,0.2010141187555038,-0.12703854145045892,-0.09847188765082514,-0.040851352654403275,-0.011059890038711804,-0.010275359790919451,0.00013407224067883493,-0.025697462423303827,0.0028189961192235536,-4.282911696472055e-05
0.8508909335390918,-0.43641432588396567,0.20060939514875004,-0.12782874079552745,-0.09721092341813178,-0.04026585905909719,-0.011298197263592321,-0.01024365945766201,0.00013326694565266882,-0.023831548779559064,0.0031707354461352716,-4.508303039325659e-05
0.849608921618989,-0.4373782926932645,0.2002105966366852,-0.12861437980803425,-0.09592915253187767,-0.03967628083019374,-0.011516355916378722,-0.010208529983742838,0.0001323917731827202,-0.02181676030923551,0.0035137171124329882,-4.743468412363301e-05
0.8483190239031074,-0.4383292613424133,0.1998177368425495,-0.12939513571844216,-0.0946286200809464,-0.03908306773362465,-0.011713273141190727,-0.010170125032405327,0.00013144699945206637,-0.019692685189078706,0.003841333362368228,-4.986046089758129e-05
0.8470212914245961,-0.4392670543761932,0.19943082353295058,-0.13017070359948035,-0.0933114593184578,-0.03848677923151081,-0.011887731364388384,-0.010128594022922119,0.0001304334255575201,-0.017446851058946774,0.0041540077833197905,-5.233757298986022e-05
0.8457157782515125,-0.4401915167274729,0.1990498601378511,-0.13094079357169747,-0.09197992140982762,-0.03788781546353998,-0.012038215000563322,-0.010084015149460545,0.00012935153818309037,-0.01504945701561921,0.004458862535114867,-5.4847156742681604e-05
0.8444025413783811,-0.4411025172825426,0.19867484865250923,-0.1317051213777718,-0.09063641186667297,-0.03728631050499961,-0.01216324864753242,-0.010036410109891087,0.00012820162787613651,-0.012504521527909885,0.004761546807811674,-5.737261757288734e-05
0.8430816407158587,-0.44199995047254453,0.19830579130075826,-0.1324634031016027,-0.0892834767802247,-0.03668228195306647,-0.01226181157144593,-0.009985827686695706,0.00012698479356944707,-0.009857510566277053,0.005059351074575794,-5.9895858299981985e-05
0.8417531387974949,-0.44288373711683754,0.19794270206559078,-0.1332153632746191,-0.08792374230012384,-0.03607467604520276,-0.012333302393396365,-0.009932046146802794,0.00012570394122678123,-0.007150357769772157,0.005379322347944808,-6.19327099133725e-05
0.8404171015083051,-0.44375382547515724,0.1975855706168871,-0.1339606981041167,-0.08655988112848446,-0.03546605352876743,-0.012377487592309454,-0.009875082427510538,0.0001243610449330521,-0.004419849816266328,0.005697596223458584,-6.389365991412711e-05
0.839073597856532,-0.44461019114849204,0.19723437741113928,-0.13469911296619877,-0.08519457206231222,-0.03485746437724241,-0.012394182700849365,-0.009815007172057869,0.00012295786301069677,-0.0016708922706021854,0.006008802578532291,-6.589431122196102e-05
0.8363644814076849,-0.4462817929146897,0.19654981326211607,-0.13615403138720125,-0.08247038561237464,-0.03363403224027607,-0.012344970057210254,-0.009685632650638265,0.00011998445367065136,0.003828968047634235,0.00662274211771751,-6.942160052873344e-05
0.8349990204913056,-0.4470971164374633,0.19621649307686254,-0.1368699636041261,-0.08111687836794909,-0.03301587762414613,-0.012279820889760946,-0.009616474919590935,0.00011842415672237056,0.006513410919632332,0.006917169880489042,-7.086302038350858e-05
0.833626396981031,-0.44789889143170636,0.19588920204968274,-0.1375778451924716,-0.0797725869866935,-0.03239212042905533,-0.012188508052768323,-0.009544589552217222,0.00011682350430263287,0.00912975021885126,0.007189956909118888,-7.210237119021783e-05
0.8322466935163412,-0.4486872277766903,0.1955679897423274,-0.13827742971281434,-0.0784400397846448,-0.03176231237745996,-0.012071729836504556,-0.009470221664650759,0.0001151898420200692,0.011676268474045461,0.0074382231693332105,-7.313990698866186e-05
0.8308599954022039,-0.44946226104390696,0.19525285892817312,-0.1389685035728719,-0.07712169046225627,-0.031131277289885063,-0.011929794323101506,-0.009393462663063736,0.00011352686052750406,0.01419198288948405,0.007677343021281299,-7.416433786342584e-05
0.8294663898707746,-0.4502241515359564,0.19494384712676718,-0.13965084774999703,-0.07581997684216372,-0.030495733463882534,-0.011763621241151115,-0.009314347268286338,0.00011183890391838378,0.01661572935771908,0.00791298388381831,-7.505292876029582e-05
0.8280659662625824,-0.4509730835866396,0.1946410035716708,-0.14032424788809608,-0.07453722699741537,-0.029854721972182925,-0.011574556007216656,-0.009232926289102626,0.00011013106382702882,0.018904939683581742,0.008143536383274223,-7.575633290243325e-05
0.826658816505323,-0.4517092645147551,0.1943443238238979,-0.1409885026612684,-0.07327561183570383,-0.02921375596504431,-0.011363275252319106,-0.00914928300163358,0.00010840713374667748,0.021126491108463215,0.008365755733216143,-7.64467120198745e-05
0.8252450338361458,-0.45243292264518814,0.1940539080242869,-0.14164339895002367,-0.07203726216770633,-0.028562545649491913,-0.011131296805140382,-0.009063699392392969,0.0001066764138113137,0.023196268765078125,0.00855976613852375,-7.679756777699171e-05
0.8238247135192877,-0.453144307055441,0.1937698257485789,-0.14228877507992665,-0.07082413219191548,-0.027904300663854575,-0.010880060842568479,-0.008976424148805735,0.00010494696068642274,0.02512203643306538,0.008728899142624171,-7.687741325960559e-05
0.8223979524219931,-0.4538436861545046,0.19349213314677172,-0.1429244917461388,-0.06963804613418102,-0.027240549376011655,-0.010611450800298076,-0.008887592434793867,0.00010322513521042604,0.02685946647302293,0.008884508738752173,-7.671118571026046e-05
0.8209648488374778,-0.45453134579942284,0.19322087927208412,-0.14355041907220498,-0.06848063805896862,-0.026572217682346366,-0.010327886165816688,-0.008797269328536425,0.00010151629782912481,0.028354952630161957,0.009033604686998865,-7.630412301772568e-05
0.8195255024418685,-0.4552075866811977,0.1929561085989739,-0.14416643003852084,-0.0673532884515998,-0.02589995840668521,-0.010031847753452434,-0.008705566111928112,9.982606084767193e-05,0.029602362274489303,0.009171567156178803,-7.565742692486717e-05
0.8166284855687271,-0.4565270733719048,0.19244623497210606,-0.145368261885831,-0.06519310734888373,-0.024539919035876184,-0.009411137404641237,-0.008518649215457752,9.652050271868369e-05,0.03142271946646777,0.009407473092154294,-7.403067735802874e-05
0.8151710194881373,-0.4571709728780286,0.19220126081153638,-0.1459538974851083,-0.06416190988504687,-0.023853134444786483,-0.00909157211492603,-0.008423427365135261,9.490869222030432e-05,0.031955163888924394,0.00952326874189608,-7.307651540241122e-05
0.8137077205566275,-0.4578047568788489,0.19196287307089194,-0.1465292368156475,-0.06316397148143432,-0.023174163207009185,-0.008768497041197261,-0.008326980090989538,9.332721274872415e-05,0.032306183148063446,0.009645755186891534,-7.200949155168585e-05
0.81223869393694,-0.45842876509159725,0.19173106752253252,-0.14709417115051246,-0.06219958384816826,-0.02249687299245569,-0.008444483398816895,-0.008229276930539516,9.177942865411268e-05,0.032400083260541744,0.009771286368177099,-7.068028373856779e-05
0.810764045730207,-0.4590433376840071,0.19150586176486578,-0.14764859295923966,-0.061268755522612156,-0.02181918826066378,-0.008121962920220804,-0.008130400330671441,9.026968721258648e-05,0.03225081320878074,0.009888571416755006,-6.906315764553423e-05
0.8092838830265588,-0.45964881279555153,0.19128728042703633,-0.14819240508688641,-0.06037125111226126,-0.021140447627333653,-0.007802814538508128,-0.008030572527459923,8.880304105954788e-05,0.03191365333359177,0.009983631756122017,-6.716924144369196e-05
0.8077983137175843,-0.46024552484671,0.19107534716935756,-0.14872553612683456,-0.05950666848265327,-0.02046076256237762,-0.007488718035994891,-0.007930064560452166,8.738428921441639e-05,0.03140851831237651,0.010051587760569297,-6.502122718996897e-05
0.8063074462060335,-0.46083380316111855,0.1908700808590894,-0.14924794432115485,-0.05867446091952285,-0.019780658609713394,-0.00718179796191546,-0.007829067743262018,8.601694526960228e-05,0.030690930252290725,0.010100413077886497,-6.264336540486911e-05
0.8048113891832702,-0.46141396995590156,0.19067149797689883,-0.14975960545689787,-0.05787387663808075,-0.019100466971937822,-0.0068848168986848125,-0.007727662875006251,8.470318207860396e-05,0.029697084658618093,0.010141160109740819,-6.004852292300008e-05
0.8033102515989307,-0.4619863374313571,0.19047960995695049,-0.15026049967017654,-0.05710387762087385,-0.01842078343303045,-0.006600609422859247,-0.007625911371548368,8.344444490845247e-05,0.028419781477601595,0.010175767854670866,-5.725954709401046e-05
0.8018041430607942,-0.4625512047247036,0.19029435318889557,-0.15075061971729783,-0.05636311273293132,-0.017749105791857994,-0.006330473785725015,-0.007523899110295337,8.224029787555015e-05,0.02701265175643345,0.010201791524365867,-5.445274007634402e-05
0.8002931725613841,-0.46310885618527764,0.19011578880690758,-0.15122993793408995,-0.055650177341346425,-0.01707296210834025,-0.0060764819708906985,-0.007421928048587612,8.109374013504367e-05,0.025398324815246162,0.010197621294281272,-5.139325021300346e-05
0.797257081644229,-0.4642035669090672,0.1897787704740014,-0.15215631891534756,-0.054301100603924936,-0.015723643509436155,-0.005624276432264156,-0.00721912065740788,7.897812485462421e-05,0.02161163348777124,0.010116605810653012,-4.482876698724927e-05
0.7957321778484505,-0.46474110758022824,0.1896202824204224,-0.15260352108311354,-0.05366120592746127,-0.015054585947132245,-0.005430796975640308,-0.007118094403872085,7.800069200966154e-05,0.0193472450454867,0.010103011336696095,-4.189693207071192e-05
0.794202845758277,-0.465272390207524,0.18946838301115249,-0.15304012468010628,-0.0530414674396578,-0.014395693665673268,-0.005261514920957195,-0.007016983639893465,7.706966166928149e-05,0.016927547504882724,0.010111429677299322,-3.904424480461652e-05
0.792669193106609,-0.4657975983050498,0.1893230187241681,-0.1534661287678862,-0.05243947816261658,-0.013743952382316404,-0.005117479746166445,-0.006915817852297951,7.618415632642724e-05,0.01440290063045389,0.010116902090070316,-3.6047470551487764e-05
0.7911313274538828,-0.46631688988975734,0.18918415140353498,-0.1538815408776454,-0.05185273826007022,-0.013097763064065382,-0.004999431025895067,-0.006814800648597104,7.534457508362904e-05,0.011804295646884537,0.010102015841888953,-3.285618780599887e-05
0.789589355996278,-0.4668303969700743,0.18905174812865114,-0.15428639473414668,-0.051278691126101276,-0.012456543837192104,-0.004908192311965477,-0.006714145051571846,7.455102518209974e-05,0.009123334608702972,0.010065829315149146,-2.9489517843383593e-05
0.7880433853348927,-0.4673382248186704,0.18892577709508687,-0.15468074818036656,-0.050714704637614315,-0.011820151673764353,-0.00484476311000107,-0.006613950322202976,7.380251758242085e-05,0.006342421393224608,0.01001971881734739,-2.598866523620875e-05
0.7864935213891271,-0.46784045089837917,0.18880620760472397,-0.15506466655035855,-0.05015804243623601,-0.011188451728645995,-0.004810030410196558,-0.006514230177953055,7.309707366625798e-05,0.0034728069243717486,0.009972238779380211,-2.240336677680453e-05
0.7849398694412577,-0.46833712389016624,0.18869301025897817,-0.15543821114896147,-0.0496058768436161,-0.010561261625310896,-0.004804487366696482,-0.006415050532423708,7.243243613496812e-05,0.0005538746887404605,0.009918169461103606,-1.8783556787576168e-05
0.7833825341281533,-0.46882826325065063,0.18858615538717358,-0.15580144642749547,-0.04905533920188632,-0.00993851657752572,-0.0048282864968760865,-0.006316622023024605,7.180661364137174e-05,-0.0023803114037357982,0.009843038196654138,-1.5173460151809599e-05
0.7818216192076453,-0.46931385917849183,0.18848561482636628,-0.15615445921710813,-0.04850355905853841,-0.009319957668761477,-0.00488149137514241,-0.006219227713087258,7.121710157048338e-05,-0.005320857327205703,0.009739602420988707,-1.1665684372917392e-05
0.7802572271804279,-0.46979387253904237,0.18839137234063555,-0.15649736653836221,-0.04794766399334506,-0.008704289551014311,-0.0049641077288728064,-0.0061230893338491505,7.065913684987218e-05,-0.008261979704428359,0.009613996117502351,-8.467927704070289e-06
0.7786894590336347,-0.47026823482100955,0.18830342476866238,-0.15683030920749397,-0.04738477951181362,-0.008090111567944468,-0.005075935354571109,-0.006028294225689973,7.012706091268238e-05,-0.011183085852435406,0.009479658490543613,-5.6187926538552905e-06
0.7771184141757401,-0.47073684826761225,0.18822178170740594,-0.15715343450798452,-0.046812046865669955,-0.007476045989936712,-0.005216370239687816,-0.005934853079752996,6.961559777174405e-05,-0.014043794468373517,0.009344254095110619,-3.058692690201333e-06
0.7755441903478636,-0.4711995863254806,0.1881464529466866,-0.15746690429699783,-0.04622664973999698,-0.0068619845081208525,-0.005383949436426501,-0.005842433123975767,6.912307672219068e-05,-0.016758209739480192,0.009242126843672567,-2.6673482261775937e-07
0.7723865914391331,-0.47210679680389633,0.18801477262423372,-0.15806529877474992,-0.04500745802165977,-0.005633542750882483,-0.005795558355693676,-0.005660875630735402,6.817890856911453e-05,-0.02181658942538835,0.009017532058146567,4.611400182504083e-06
0.7708034060378826,-0.47255088631920106,0.18795845173429243,-0.15835047133816516,-0.0443687464309132,-0.0050177800800666516,-0.00603705147677044,-0.005572029089610901,6.771862662879398e-05,-0.024149570738843752,0.00888477100118473,6.537353668044727e-06
0.7692174206455843,-0.47298833692266695,0.18790850420489036,-0.15862648942864127,-0.0437075388783802,-0.0044002731999671415,-0.006299966445570462,-0.005484504327418881,6.726003395018121e-05,-0.026291750552427624,0.008752592660073796,8.13169103694524e-06
0.7676287266062344,-0.4734189008788579,0.18786488958851433,-0.15889350893469084,-0.04302178536465192,-0.0037870648851576465,-0.006582928490741265,-0.005398214956502005,6.680034599314745e-05,-0.028296454837401477,0.00862905426618917,9.615299177609231e-06
0.7660374137325786,-0.47384231026428403,0.18782762029248495,-0.15915165157142194,-0.04230954270270011,-0.0031727114486870536,-0.006884414876028664,-0.005313247618959913,6.633696965940345e-05,-0.030148886927834777,0.008496853241293935,1.0877864932385968e-05
0.7644435703783957,-0.4742582788985511,0.18779672880283751,-0.15940105099432564,-0.04156903930795423,-0.00255502992403926,-0.007203127857727965,-0.005229855644769231,6.586834033473716e-05,-0.03187154547894571,0.008339320741658008,1.1877795624862202e-05
0.7628472831982063,-0.47466650363419877,0.18777225412937987,-0.15964187193151647,-0.04079862227189536,-0.001933185879001538,-0.00753766684729577,-0.005148305136823111,6.539326363275513e-05,-0.0334541457888043,0.008155179554326937,1.2599680530744976e-05
0.7612486368502328,-0.4750666655647516,0.18775423595497437,-0.15987431113616915,-0.0399967535584845,-0.0013069258323892125,-0.007885977013523312,-0.005068723402398271,6.490990047543765e-05,-0.03483126390058811,0.00795830967601615,1.3037160640842993e-05
0.7580445947791935,-0.4758414595831171,0.1877377185134854,-0.1603148753969336,-0.03829357578361769,-4.1154428336580194e-05,-0.008612832076898643,-0.0049154731531876,6.390879912925767e-05,-0.03675294202539894,0.007563560618871601,1.3059085094803484e-05
0.7564393580366271,-0.4762153970760533,0.1877392887920738,-0.16052340220559683,-0.037390460097169176,0.0005983133759635017,-0.008986314982129163,-0.0048419816867573025,6.338867612457835e-05,-0.037348544710032176,0.00734931991965074,1.265885411040501e-05
0.7548320802489892,-0.47657988925700673,0.1877473669754429,-0.16072438641780548,-0.03645226341291319,0.0012333042068499213,-0.00936510923331104,-0.004770845490231901,6.285774881283228e-05,-0.03787968075576656,0.007113807475433461,1.21817273524069e-05
0.7532228353227389,-0.47693457505432,0.18776196692284788,-0.16091805825796995,-0.035478474234874,0.0018709494572897343,-0.009747825391823268,-0.004702247924385165,6.23174133926053e-05,-0.03827187224981347,0.006859959834177745,1.1523573352113408e-05
0.7516116944180122,-0.47727908923431006,0.187783124557216,-0.16110467744685786,-0.03446870306218865,0.0025136069406990276,-0.010132038994941465,-0.0046362320026905905,6.176760506928738e-05,-0.03842161750224336,0.006601812661064084,1.064078124205505e-05
0.7499987260036852,-0.47761306512217505,0.18781087704696925,-0.16128450836499134,-0.03342280598570391,0.0031615504581886137,-0.01051472815781264,-0.004572775211386115,6.120737830606948e-05,-0.03826917470987428,0.006345919442279491,9.488619049853957e-06
0.7483839957124888,-0.47793613721598566,0.18784527657251454,-0.1614578251728823,-0.0323409037885881,0.0038163879812155026,-0.010891995824273358,-0.004511513283126644,6.06365350985358e-05,-0.03772702637788213,0.006126453002070901,8.489145489186382e-06
0.7467675671855944,-0.4782479467727593,0.187886317244718,-0.16162484975570868,-0.031223592148699637,0.004472407076638504,-0.011261301665765106,-0.004452419879500435,6.005432295712725e-05,-0.036930845513583346,0.005909622830242555,7.23729135685805e-06
0.7435298589611783,-0.47883638767674414,0.18798823334966874,-0.16194091057363133,-0.028886153774652257,0.005783441458818231,-0.011968301784340276,-0.004341249413288046,5.885601266701354e-05,-0.03475229597636889,0.005438324510280263,3.6600888738390815e-06
0.7419086948868044,-0.4791123504294505,0.18804906964091941,-0.1620904286526123,-0.02766813317404295,0.006439088322513506,-0.012301143907106833,-0.0042892903099848384,5.823915846504365e-05,-0.03328447877235151,0.00519627636549024,1.3690801012795034e-06
0.7402860638859268,-0.4793757195201409,0.18811640544353456,-0.16223461056832864,-0.02641910244820934,0.0070887017229048725,-0.012617392368218655,-0.004239686638954299,5.761044286146336e-05,-0.031625114488993744,0.004960765470076506,-1.06516407663227e-06
0.7386620176032236,-0.4796261986463704,0.18819022377526498,-0.16237367946746342,-0.02514070119734788,0.007738606520860277,-0.012915368941622785,-0.00419249888944097,5.697100507253412e-05,-0.029797927153005176,0.0047192067769104675,-3.697959053023478e-06
0.7370366052059769,-0.4798635099143065,0.18827052972087724,-0.16250786774304468,-0.02383475320051852,0.008391001168564198,-0.013193900711431067,-0.004147907249303407,5.632364336543561e-05,-0.0278534471230994,0.004459629165708157,-6.51898734929537e-06
0.7354098732296515,-0.48008739504960846,0.18835733190811838,-0.16263743066670894,-0.0225031776568004,0.00904622046298301,-0.013451822642136596,-0.004106102648513088,5.567163930557841e-05,-0.025792462295176545,0.004180957729794712,-9.500020721232253e-06
0.7337818652470006,-0.48029761643392344,0.18845060872668146,-0.16276267521155832,-0.021147935574796262,0.009701146720554507,-0.013686766204077222,-0.004066738659313235,5.501675289852033e-05,-0.02349462391552664,0.003936925156972872,-1.2069548300365106e-05
0.7321526224390734,-0.48049395992977073,0.18855030862110259,-0.16288385019766655,-0.019771263196850557,0.010352687636543827,-0.013896434244681217,-0.004029591147665633,5.4357545049761145e-05,-0.02096707099469114,0.003715307019910414,-1.4683236755795033e-05
0.7305221837278432,-0.4806762368002336,0.18865638366901158,-0.16300117671543052,-0.018375632881791174,0.01100109764092591,-0.014078965374290198,-0.003994546770854839,5.3692591871938694e-05,-0.01825337979466447,0.003505024948669412,-1.7470853922256128e-05
0.7288905858995718,-0.4808442855918411,0.18876879470538696,-0.16311486035871817,-0.0169637169644712,0.01164713457039233,-0.0142332211582594,-0.003961624199438306,5.302214953890095e-05,-0.015425845134497105,0.0032928763265695484,-2.0433042793934773e-05
0.7272578635960573,-0.4809979732257714,0.18888750757511313,-0.16322510814249655,-0.015538295369567903,0.012291175510636502,-0.014358538096128973,-0.003930927426602483,5.2347966440076586e-05,-0.012531959853913548,0.003070327380592087,-2.352865374911368e-05
0.7256240491985837,-0.48113719552434214,0.18901248884660024,-0.1633321403291641,-0.014102193465435245,0.01293315875169609,-0.014454260987292853,-0.003902550158541898,5.167199602800852e-05,-0.00957255388297302,0.002838406126343582,-2.6709496172715098e-05
0.7239891727383412,-0.4812618778660264,0.18914370135894362,-0.16343618836886312,-0.012658293202368439,0.013572562191547594,-0.01451964795620737,-0.003876534583034747,5.099552797205494e-05,-0.006538960008234397,0.002602264514680161,-2.995186800559679e-05
0.7223532618646443,-0.48137197596059084,0.18928110766032613,-0.16353748576984753,-0.011209560186856642,0.014209194071219561,-0.014554146761464238,-0.003852901096954369,5.031968570251009e-05,-0.0034501417193452673,0.002364081322879466,-3.322203529223125e-05
0.720716341810525,-0.48146747728082046,0.18942461292885154,-0.1636362965505449,-0.009759023951431467,0.014837088026897368,-0.014557553030180111,-0.003831320781481557,4.9643145748986534e-05,-0.00034088680510355044,0.0021587876567071736,-3.6235455107212923e-05
0.7190784357481846,-0.48154840017633305,0.18957414342653775,-0.16373281652989355,-0.008309748347777859,0.015458150331235003,-0.014530173100784673,-0.003811666968167631,4.896542568330555e-05,0.0027377339500371323,0.001966159097527895,-3.918111492968537e-05
0.7157997481924062,-0.481666734220505,0.1898911910747979,-0.1639197161671799,-0.005427022386169994,0.016695377661932194,-0.014385150675977006,-0.0037780028134669287,4.760984615103724e-05,0.008735484887687033,0.0015900005312817795,-4.4762931187041364e-05
0.714159003106006,-0.4817043310535219,0.190058732397641,-0.16401046039926293,-0.003999465655476101,0.017316284436538265,-0.014268926817393567,-0.0037639910903877047,4.6937189303103075e-05,0.011622132213334439,0.0014019921858796243,-4.7184339969812916e-05
0.7125173449893224,-0.4817277202868265,0.19023227549288999,-0.16409965368250282,-0.002584904750157737,0.017935391573078663,-0.014124472751560943,-0.0037518493948751003,4.62699577266671e-05,0.014445155868666026,0.0012149944109490027,-4.947934130441378e-05
0.7108747873431871,-0.48173706629038193,0.19041183895973238,-0.16418747165835745,-0.0011861255437186366,0.01855605910410439,-0.013952851086651117,-0.0037416187351785434,4.561055341129019e-05,0.017161919472422456,0.0010238908386293979,-5.157146563738288e-05
0.7092313417458207,-0.4817325601539563,0.19059745786661572,-0.1642740956621664,0.00019420801799830843,0.019179805297115143,-0.013755175325926945,-0.003733374327757262,4.496205362759046e-05,0.019767333760779025,0.0008252600258977778,-5.342185482558886e-05
0.7075870177919072,-0.48171441863884207,0.1907891755654032,-0.16435971596746626,0.0015535468768410664,0.019807342560773458,-0.013532555062313944,-0.0037271920620330396,4.4327588645659666e-05,0.02226178978038191,0.0006190346567385885,-5.5005413481641076e-05
0.705941823032088,-0.4816828832622531,0.19098703884846982,-0.16444453059372968,0.0028894316177761016,0.020438911608220863,-0.013286433151831985,-0.0037231412638700297,4.371016898521907e-05,0.024611961173849034,0.00040587129827296034,-5.6304234527320946e-05
0.7042957629282954,-0.48163821904592063,0.19119109409312307,-0.1645287428901766,0.004199517103170104,0.021074387843162075,-0.013018874170055381,-0.0037213065352659233,4.311289691701165e-05,0.02675567601974961,0.00018424253576641053,-5.730854209860886e-05
0.7026488407861466,-0.4815807124281291,0.19140138510609925,-0.16461256288627762,0.005481656011881137,0.021713457178953538,-0.012732352852772246,-0.0037217993073590553,4.2539044417602457e-05,0.028651918362573584,-4.853428047739201e-05,-5.801455331109127e-05
0.7010010576398833,-0.4815106685681357,0.19161795323808029,-0.16469621163443943,0.006733967561678428,0.022355838305945647,-0.012429194082740402,-0.003724734179298693,4.199172751700947e-05,0.030315673455153777,-0.0002927754276070565,-5.8419178603976346e-05
0.699352412125432,-0.4814284088749836,0.19184083820037973,-0.16477992291211974,0.007954820665258993,0.023001343261416982,-0.012111309210500078,-0.0037301949449406184,4.1473516290584586e-05,0.03178829433076417,-0.0005453996253646202,-5.85171911124722e-05
0.6960525160970954,-0.48122859826041275,0.19230571126361556,-0.16494850491586482,0.010296472510981893,0.02430121259181849,-0.011439420129229645,-0.003748928377742152,4.0533101056085896e-05,0.03411490399105697,-0.0010687443527194606,-5.775316270335089e-05
0.694401250301592,-0.4811117551842249,0.19254777300638856,-0.1650338688012712,0.011414859965151734,0.024955406470896016,-0.011090968497272336,-0.0037624023590507785,4.01161764721361e-05,0.03484500696574292,-0.0013468429963170857,-5.68679005095877e-05
0.6927490915890997,-0.4809841067471246,0.19279620474986087,-0.16512030819744603,0.01249723038511385,0.025602962967466465,-0.01073719553560577,-0.0037787588042832187,3.973615354917767e-05,0.03537715324525741,-0.0016351323841888269,-5.5850963776470214e-05
0.6910960254655256,-0.4808460247757727,0.19305097127292478,-0.16520812554680897,0.013542984928965803,0.02624623825372653,-0.010380815629069798,-0.0037976362154201757,3.938483035940163e-05,0.03563785794293657,-0.00188726495731244,-5.5062407876319825e-05
0.6894420349688843,-0.48069788296723587,0.193312052022923,-0.1652975624715256,0.01455186589124489,0.0268867291504999,-0.010023950268882354,-0.003818841534615681,3.9061257276475336e-05,0.03568641317341269,-0.0021200914791875344,-5.398949391776004e-05
0.6877871008401134,-0.48054005507521375,0.19357944084680073,-0.16538884107307386,0.015523790882458307,0.02752593571888541,-0.009668838293447547,-0.003842287649696726,3.8767345955732394e-05,0.03551108533229973,-0.0023442084994281685,-5.247508884881038e-05
0.6861312016424267,-0.48037291301437346,0.1938531398051219,-0.16548217077063224,0.016458850322823366,0.028164779689602036,-0.009318389622263416,-0.003868001944704071,3.850637975562981e-05,0.035044766871077354,-0.0025710659157367134,-5.05070431492331e-05
0.684474313753121,-0.4801968239756795,0.19413315509300094,-0.16557776063921348,0.017357407619910916,0.028803809984803332,-0.008975960145090287,-0.0038961015835413965,3.828214523955741e-05,0.03424286100313435,-0.0028096412631161724,-4.812521789961973e-05
0.6828164112364521,-0.48001214682736015,0.19441949466065342,-0.1656758327970131,0.01822018970639846,0.029443346158305423,-0.008644579298163469,-0.003926711844907589,3.809799825906213e-05,0.033138012968739874,-0.0030607451447941638,-4.5381960144565137e-05
0.681157465705141,-0.4798192289220149,0.19471216568297636,-0.16577662581738542,0.019048260619170886,0.030083439192708058,-0.008326502987761464,-0.003959892698289597,3.795627985397267e-05,0.03180757542466474,-0.003317845669437446,-4.232663241967741e-05
0.677836319605628,-0.47940999054819666,0.19531651134866088,-0.16598735378229845,0.02060555039001231,0.03136418420619026,-0.007737875364827945,-0.004033997035331743,3.780621750489187e-05,0.028569008577120695,-0.003834880078106696,-3.545331529236389e-05
0.6761740499037783,-0.4791942900259493,0.19562817849344524,-0.16609776911854196,0.021337796978907198,0.03200416184129256,-0.007472049933146348,-0.004075044617165718,3.7801215684434606e-05,0.02658254129670041,-0.004104635716721446,-3.171639552014076e-05
0.6745105989787908,-0.47897158394255285,0.19594610070096102,-0.16621188959071614,0.02204158287842544,0.03263727129291456,-0.007227886611958462,-0.004118909848342971,3.784450387002036e-05,0.024416349975109962,-0.00438643648332573,-2.791185036510971e-05
0.6728459257765733,-0.47874213153959216,0.1962702629311714,-0.16632997014149808,0.022718994924808063,0.033269393913031506,-0.007007050383250642,-0.0041656776906169694,3.793730843383165e-05,0.022083661402798313,-0.004676731850389216,-2.4006441818112552e-05
0.6711799864404882,-0.4785061691354008,0.19660055987447686,-0.16645234112209054,0.023372291041837603,0.03389153479963807,-0.006811009666003727,-0.0042148349863763675,3.8070472148345086e-05,0.019604127586324092,-0.004915704277253888,-2.064671641111082e-05
0.6695127347962808,-0.47826390784793127,0.19693691004957728,-0.16657923223326568,0.024003879408040663,0.03450613467230965,-0.0066410289147789195,-0.004266057503761759,3.8242035751108255e-05,0.016998147913814432,-0.005122251287066155,-1.729628633883155e-05
0.6678441226770488,-0.4780155326007075,0.19727925392023027,-0.16671083574140705,0.024616259871305314,0.03511547996109785,-0.006498631896620369,-0.00431919555929343,3.8453163174147736e-05,0.014239792468755707,-0.005313829594137945,-1.3798458038464234e-05
0.6661741001078312,-0.47776120068255096,0.19762754466986387,-0.16684732364923058,0.02521207630672158,0.0357209647839117,-0.00638546995035023,-0.004374261617563904,3.8706707879730085e-05,0.011316304847745243,-0.005506654907640168,-1.0119884873068062e-05
0.6645026152812197,-0.4775010399974327,0.19798174432554158,-0.16698886967301327,0.02579415911410469,0.036323598369145636,-0.006302872656478632,-0.004431328091415593,3.900586332311194e-05,0.008259861103434962,-0.005706722336169288,-6.289053356027054e-06
0.6611550419762592,-0.4769635895181164,0.19870774099743205,-0.16728788777963632,0.026929152910072602,0.03752241434505541,-0.0062321613408428764,-0.004551457710387469,3.975023959090247e-05,0.0019462905788294315,-0.006104573821914617,1.6034139543499614e-06
0.6594788403191104,-0.47668639951604175,0.19907947306795656,-0.16744573525334713,0.02748822927151047,0.03811867319740567,-0.006244878953419464,-0.004614402779024088,4.019827125658293e-05,-0.001271555928607257,-0.0062946638785969095,5.533671063627618e-06
0.6578009502432116,-0.47640357970696073,0.19945698339155332,-0.16760937286345304,0.028045855350079033,0.038712918803747255,-0.006290169994474446,-0.004679270128547943,4.069913333846191e-05,-0.004528871364691746,-0.006486921462314623,9.429179821250239e-06
0.6561213107374625,-0.4761150995782984,0.1998402435610631,-0.16777896773970954,0.028605218590129877,0.039305719278478105,-0.006368164651975508,-0.004746162092325283,4.1254861882564445e-05,-0.007799203855942616,-0.006689414130286935,1.3234363771720522e-05
0.6544398588647072,-0.47582089587766496,0.20022923935533712,-0.16795469872587765,0.029169536041684537,0.039898581443800464,-0.006478618128006096,-0.004815170554674989,4.1866865842999364e-05,-0.011045055036729557,-0.006901096991314864,1.68719027153769e-05
0.6527565296412067,-0.47552087310760244,0.2006238937650085,-0.1681368183503715,0.029742061230370244,0.04048518879766758,-0.006620445113120207,-0.004885775646025012,4.253751594859498e-05,-0.014182373239428362,-0.007060796957242743,2.0820086085236694e-05
0.6510712565616211,-0.47521490452835713,0.2010241561341119,-0.16832547973549786,0.030325884492924674,0.04106816876063991,-0.006792768082511868,-0.004957600841790953,4.326513335563161e-05,-0.017231938872648355,-0.007182846052013538,2.458925115822922e-05
0.6493839719433104,-0.47490283293881697,0.20143000602538255,-0.16852079365481581,0.0309240158199517,0.04165056177078303,-0.006994717980080163,-0.005030418291966486,4.4046875389945656e-05,-0.02019459942436527,-0.007282110932754589,2.7973289866772598e-05
0.6476946071925842,-0.4745844714493316,0.20184144303705326,-0.16872284262486878,0.03153941148481226,0.04223440582435951,-0.007225038650992102,-0.0051041541903826615,4.488038641724367e-05,-0.023031644830915885,-0.007373996129389087,3.0923041334962195e-05
0.6460030928902573,-0.4742596047122592,0.20225848040187733,-0.16893169934929822,0.03217493245308363,0.04282110030720839,-0.007481961121220505,-0.005178831728625333,4.5763907131539477e-05,-0.025691792904607772,-0.0074682016672586475,3.343488322842376e-05
0.6443093587507707,-0.47392799087273285,0.20268114030095075,-0.1691474432905071,0.03283325616578595,0.04341156941371567,-0.0077635896952493455,-0.005254458435911752,4.669562151873954e-05,-0.028162371548895344,-0.007563161295762732,3.5519482308256535e-05
0.642613333603158,-0.473589363687386,0.20310945176401213,-0.1693701599216353,0.03351683887423131,0.04400652512755544,-0.008068346780506257,-0.005330967019974314,4.767319483914863e-05,-0.030475191362492982,-0.007651392613921541,3.718958086293798e-05
0.6409149454829891,-0.4732434341244518,0.20354344930191362,-0.16959992751334155,0.034227970068552466,0.044606546312480996,-0.008394884520394356,-0.0054082605139422636,4.869403802363795e-05,-0.03265322612821358,-0.0077299279340062275,3.845507387050492e-05
0.6392141217781198,-0.4728898915113572,0.20398317078134906,-0.16983680821754857,0.03496884478532058,0.04521199848287828,-0.008741488652427343,-0.005486302760867064,4.9755999862190487e-05,-0.034659835072611764,-0.007804848230500385,3.9323475714013574e-05
0.6375107892136765,-0.4725284047133415,0.20442861484548724,-0.17008090944817303,0.035741683990765966,0.04581883577601828,-0.00910423816169739,-0.0055646147395481595,5.085802801721013e-05,-0.036274342406747984,-0.007831869549444795,4.0320965334393856e-05
0.6358048745793511,-0.4721586269252939,0.20487974645498333,-0.17033225279932176,0.036548234100959684,0.04642360447729598,-0.009479299894423103,-0.005642987808910935,5.19954353999536e-05,-0.03750553633506022,-0.00783802557673688,4.0912645288431695e-05
0.6340963046950884,-0.471780199349934,0.2053365360235291,-0.17059083996209198,0.03738982071481482,0.04702678512598787,-0.009863446027383448,-0.005721268320069614,5.316200796782852e-05,-0.038413950910501905,-0.007828813367001579,4.09430970286961e-05
0.6323850065041405,-0.47139275448399975,0.20579896645093682,-0.1708566606954732,0.03826740122850482,0.047629578267448645,-0.010254275079375244,-0.0057992770127963875,5.435076442882626e-05,-0.039082220944288974,-0.007801670493850255,4.040112795035595e-05
0.6306709072794007,-0.4709959183536714,0.2062670312501323,-0.1711296844390771,0.039181703257208475,0.048233001793212216,-0.010649636795189685,-0.005876852034817267,5.555487015710112e-05,-0.039535469135710634,-0.007758337115169291,3.932234987179631e-05
0.6289539348442398,-0.4705893123863911,0.20674073052989342,-0.17140985591687444,0.04013330239380706,0.0488376593141982,-0.011046822748670462,-0.005953936123459879,5.6768354388475125e-05,-0.03971787805064738,-0.007709271812732168,3.771821026614523e-05
0.6272340176480586,-0.4701725560216421,0.2072200694588844,-0.17169710812686367,0.04112255680366816,0.04944397601376146,-0.01144238748307951,-0.006030574436082574,5.798629812556387e-05,-0.03955574413805288,-0.0076647163854274905,3.560954794325669e-05
0.6237850655136219,-0.46930708227789186,0.20819570212313684,-0.1722926232927028,0.0432136151033607,0.05066236149875644,-0.01221549820298989,-0.006182697610249562,6.041670789898396e-05,-0.038264020110328506,-0.007587752818520062,3.0024747693569604e-05
0.6220558900755139,-0.4688576266770833,0.208692013119904,-0.17260079303079767,0.044314285330244736,0.05127413328836011,-0.01258836979942478,-0.0062581124070750635,6.161843120467016e-05,-0.03728641255972847,-0.007542390157079426,2.6634228975721104e-05
0.6203234894015297,-0.46839655029457156,0.2091939086963088,-0.1729158483016175,0.04545049154008794,0.051878600389298285,-0.012950564285598902,-0.006333012051488045,6.2805272734096e-05,-0.036218701834808215,-0.007490869383954788,2.3031870581673425e-05
0.6185877948423344,-0.46792350945447986,0.20970138067893698,-0.17323771001364696,0.046621311326884955,0.052482946592791735,-0.013299946638915266,-0.006407421258002016,6.397379731407035e-05,-0.034937491316575676,-0.007441813488416188,1.9178842229007932e-05
0.6168487382873274,-0.4674381729668859,0.21021444408386764,-0.17356630585030552,0.04782564027951957,0.05308934221810265,-0.013633631058020509,-0.006481427445513889,6.512127088957415e-05,-0.033367702744574027,-0.0074014929999654784,1.50750127187469e-05
0.6151062521345152,-0.4669402255613867,0.2107331182765783,-0.17390157917772786,0.049062050450692986,0.05369805639653426,-0.013948927933037626,-0.006555096374991576,6.624472290756521e-05,-0.031528955472632306,-0.007367741766533304,1.0736472713545938e-05
0.6133602692357852,-0.46642937088545094,0.21125741891908212,-0.1742434884368019,0.050328790790480644,0.054308553820445575,-0.014243903588022999,-0.006628410949773665,6.734013414471507e-05,-0.029496843649529817,-0.0073322732127754425,6.184010880794187e-06
0.6116107229656238,-0.46590533345671753,0.21178734986807385,-0.17459199307028908,0.051623904145631554,0.05491948984644178,-0.014517135688524174,-0.006701313343371658,6.840273812496158e-05,-0.027322502014428828,-0.007291013628828727,1.4132342163650404e-06
0.6098575473119796,-0.46536785979709394,0.21232290349582822,-0.174947041193213,0.052945333645635514,0.05552953608758,-0.014767036494267843,-0.006773791645860094,6.942846616380068e-05,-0.024989389619986497,-0.007248555180905826,-3.560081664997876e-06
0.6081006768936122,-0.4648167198139301,0.21286406468949595,-0.17530857143367554,0.054290906886135346,0.05613774190724635,-0.01499160018422611,-0.006845930256683857,7.041492589416572e-05,-0.022455697330021077,-0.0072145302891651435,-8.700608571714945e-06
0.6063400468411062,-0.4642517088553408,0.21341081576144647,-0.1756765278011286,0.055658242823221744,0.056743639145688675,-0.015188841320776572,-0.006917869275402598,7.136093407770941e-05,-0.019723462690776287,-0.007194510305929943,-1.3965639744005627e-05
0.6045755926098296,-0.4636726498677745,0.21396313887305232,-0.17605087315589532,0.05704471104581255,0.057347010840988664,-0.01535738064534836,-0.0069897125714740715,7.226515373979275e-05,-0.016853303726689035,-0.0071848726528730604,-1.9313563350072086e-05
0.6028072498578929,-0.46307939482053473,0.21452101492601525,-0.17643158816050059,0.058447504426675706,0.05794753855151364,-0.015496514207138167,-0.007061476976369249,7.31253432478469e-05,-0.01391275187210518,-0.007176913488271638,-2.4699586385283644e-05
0.6010349544551538,-0.4624718252743799,0.21508442113924162,-0.17681865669479588,0.05986374995596913,0.05854465967727501,-0.01560578279401627,-0.007133138504134119,7.393908827023515e-05,-0.010926281163643312,-0.007166551666988971,-3.0074800808897463e-05
0.5992586430210992,-0.4618498543816578,0.21565320557886122,-0.17721212462158914,0.06129060271341181,0.05912514959920188,-0.015684229441962558,-0.007204241425381461,7.47029446336357e-05,-0.007844117218395877,-0.00711061694558887,-3.4861700150071394e-05
0.5974782528222644,-0.461213425809374,0.21622723964134508,-0.17761192312333263,0.0627250772177911,0.05969109128365723,-0.015731095143253767,-0.007274647845998885,7.541399506689656e-05,-0.004686055373450522,-0.007040890332142747,-3.9493071601461545e-05
0.5956937217663045,-0.4605625143442653,0.21680643060363422,-0.17801796588865973,0.06416408083151527,0.06024586716809788,-0.01574604099404096,-0.007344361924973273,7.607049938357667e-05,-0.0014941052108686634,-0.006971577674141163,-4.407490077934261e-05
0.5939049883344434,-0.45989712625725115,0.21739072051434846,-0.17843017463447336,0.06560445426988544,0.06079277361221849,-0.0157292290446729,-0.007413362643772655,7.667105537258065e-05,0.0016816380748178165,-0.006900162487620173,-4.853980317143135e-05
0.5921119915523996,-0.4592172989999984,0.2179800905569199,-0.17884847385182956,0.06704303972019286,0.06133555492524722,-0.015681155894410673,-0.007481561844591692,7.721403198016196e-05,0.004807719403189709,-0.006819931723200663,-5.281429555555557e-05
0.5903146711205546,-0.45852310066571966,0.21857455764494046,-0.179272776220066,0.06847673014422635,0.06187762877591189,-0.015602438526627483,-0.0075488780672319485,7.769883519349745e-05,0.007872101119233105,-0.0067315570566513225,-5.681735495179863e-05
0.5885129676489339,-0.4578146296750372,0.2191741547323237,-0.17970297890397624,0.06990247090655778,0.06242047780226714,-0.015493841620035307,-0.0076153289884723805,7.812696171759611e-05,0.010860015276744007,-0.006644954555862596,-6.050841331255636e-05
0.5867068227104771,-0.4570920142538442,0.21977892074317112,-0.18013897440707918,0.0713172513991507,0.06296463045065241,-0.015356494587999049,-0.0076810367689459135,7.850192721347588e-05,0.01373499000289105,-0.0065705747197380825,-6.386034457291556e-05
0.5830809786912603,-0.4556050050862417,0.22100412894336605,-0.18102799876243092,0.07410238736323507,0.06405783316195836,-0.015001661902859122,-0.007810620945862601,7.910645347848274e-05,0.019024228907592994,-0.006449098538766753,-6.947914804725926e-05
0.5812611663544472,-0.4548410049085535,0.22162466259810065,-0.18148089940992695,0.07546737554756403,0.0646073577168695,-0.014787262485246382,-0.007874437911348843,7.933973812560595e-05,0.021440124795699976,-0.006381336168198566,-7.172326420264201e-05
0.579436686139915,-0.4540636443289791,0.22225054593268997,-0.18193930148626838,0.07681065133803917,0.0651589528755809,-0.014550270790003508,-0.007937502967926693,7.952906091974876e-05,0.023699319311693296,-0.006306104916894099,-7.35756918223534e-05
0.5776074838686339,-0.45327318005041195,0.2228817480437326,-0.182403129039406,0.07812997981528885,0.06570474161007749,-0.014291709913492335,-0.007999843462417966,7.967596517879688e-05,0.025856204857131804,-0.006233613118963886,-7.520961957616047e-05
0.575773505322561,-0.452469889042043,0.22351837754409165,-0.18287226757979425,0.07942297147823622,0.06625884148465945,-0.014014608112146686,-0.008061575313548628,7.978622384596544e-05,0.027710268856458095,-0.006172722943947112,-7.634274750275586e-05
0.573934697791797,-0.4516540678228633,0.22416041445115367,-0.1833466649389252,0.08068776725545852,0.06680847655788438,-0.013720765031932295,-0.008122772539418918,7.98628951264744e-05,0.02938437027592756,-0.006119240532573864,-7.719753566827097e-05
0.5720910088080817,-0.45082602867461613,0.22480789092078232,-0.1838262578487165,0.08192262598177917,0.06735894195904442,-0.013411973428622314,-0.008183401055596076,7.990840210495804e-05,0.030879197678188742,-0.006062355509960831,-7.769823375962177e-05
0.5702423863891356,-0.4499860982117724,0.22546085899827686,-0.18431098853175581,0.08312600153678461,0.06791230212305838,-0.01308991850833541,-0.008243359077979741,7.992483273122763e-05,0.03220550580199837,-0.005995297702185938,-7.780486451353279e-05
0.5683887792750866,-0.44913461607289423,0.22611937665766502,-0.18480078306923187,0.08429646957087102,0.0684692816740613,-0.012756665245776923,-0.00830260029666027,7.991540673100801e-05,0.03332531876624607,-0.0059236150800044286,-7.749951514628053e-05
0.5665301370489865,-0.44827193312914443,0.22678350143361287,-0.18529555208598864,0.08543273738123254,0.0690300717207253,-0.012415030500635367,-0.008361203851551575,7.988517121668671e-05,0.03416344965479275,-0.005859853380186622,-7.677880360927696e-05
0.5646664100580135,-0.44739840863583685,0.22745328769409057,-0.18579521186975181,0.08653376348380924,0.06959466031056599,-0.012068273643192877,-0.008419310757006722,7.984000467293754e-05,0.034675648196250866,-0.00581019996256617,-7.564683348493218e-05
0.5627975492286074,-0.44651440671011583,0.22812878569670617,-0.18629970252809006,0.08759887339060618,0.07016292309824787,-0.011719350632250977,-0.008476993314404423,7.978491417580258e-05,0.03489225490745621,-0.005767782317526454,-7.411339722290678e-05
0.5609235059669697,-0.4456202932099569,0.2288100413233292,-0.18680898314704686,0.08862774484862349,0.07073464443417073,-0.011370552348233512,-0.008534197954911229,7.972339089169679e-05,0.0348797764267823,-0.005720011890662216,-7.219270988273336e-05
0.5590442322395794,-0.4447164335827258,0.22949709549640243,-0.1873230089378079,0.08962028325441689,0.07130953092843982,-0.011023921499103676,-0.00859082251354619,7.965836380301026e-05,0.03466302958122405,-0.005662028171554077,-6.990459890416141e-05
0.5552698084401707,-0.44288093062473505,0.23088816782731109,-0.18836525528983356,0.0914966173110737,0.07242591763530976,-0.010349094283128212,-0.008700358608594846,7.949381852392726e-05,0.0333229848315328,-0.005407469202221037,-6.560949159787802e-05
0.5533745687600437,-0.44194999755760317,0.23159205458666637,-0.18889321190108257,0.09238125726335003,0.07297480188510404,-0.010027492928489994,-0.008752996093589822,7.94012149594163e-05,0.03216005492988909,-0.0052633810370786216,-6.288721147294177e-05
0.5514739195831403,-0.4410107320588048,0.23230146676716346,-0.18942553671597315,0.09323140497083077,0.07352140704835113,-0.009720078379637237,-0.008804098063555036,7.930847681590022e-05,0.030741373717801806,-0.005109856396629012,-5.972917564329009e-05
0.5495678200150356,-0.4400634580120484,0.23301631137895135,-0.1899621021594805,0.09404848653899812,0.07405907739615723,-0.009427711757397919,-0.008853505041280758,7.92187700985107e-05,0.029236583232936642,-0.004940385517621076,-5.6270911063469704e-05
0.5476562303623002,-0.43910848346094317,0.23373656900048098,-0.19050273670211496,0.0948338924547076,0.07459533833722426,-0.009151652173222865,-0.008901077334321968,7.913535657653393e-05,0.027605884545184232,-0.004756946597324614,-5.253317577301819e-05
0.5457391126385953,-0.43814609992854536,0.23446224774936228,-0.19104725016561028,0.09558907507680724,0.07513319968984696,-0.008893863010633697,-0.008946783015287304,7.90621908797403e-05,0.02577885110998851,-0.004570316079118725,-4.855454940037327e-05
0.5438164307359908,-0.43717658059026776,0.23519336387115597,-0.19159544570621012,0.09631565122712192,0.07567379208003448,-0.008656752014473584,-0.008990676904750779,7.900359450365955e-05,0.023711047174297527,-0.00438916855689726,-4.4376920099092596e-05
0.5418881502575711,-0.4362001775837988,0.23592995215582147,-0.19214713470351594,0.09701550976295599,0.07621926821144828,-0.008442510874548281,-0.009032798860769676,7.896340578005216e-05,0.021424077857941537,-0.004212007321811372,-4.003084377107664e-05
0.5399542387719914,-0.435217120010763,0.23667202068280194,-0.19270215160201107,0.09769082503016331,0.07676717214948026,-0.008252653890788185,-0.009073087150022344,7.894405960909322e-05,0.018985680919299367,-0.004028672427560443,-3.556506136509874e-05
0.5380146657380757,-0.43422761237254376,0.23741957078136125,-0.1932603256552262,0.09834393776751046,0.07731699121441887,-0.008088283637885791,-0.009111417383996942,7.894707300561005e-05,0.016437028067064787,-0.0038328979338144767,-3.1015932470778943e-05
0.5360694025254354,-0.4332318335562022,0.23817261559229985,-0.19382146471939346,0.09897726535829719,0.07787008285791418,-0.007950591673241128,-0.00914770078301498,7.89738375718094e-05,0.013769220920750166,-0.003628244702204513,-2.642067479974196e-05
0.5341184228170145,-0.4322299360119906,0.23893113969819826,-0.19438536789323205,0.09959332309269096,0.07842379775511261,-0.00784094349181256,-0.00918192081425045,7.902566767311586e-05,0.01096486565448467,-0.003421937382057856,-2.1836429713672613e-05
0.5321617024185292,-0.43122204412972587,0.23969512489088088,-0.19495182736017827,0.100194772940449,0.0789780594377878,-0.007760594522333621,-0.009214094858801298,7.9103692974425e-05,0.008034968718937595,-0.0032173674282555266,-1.72960117414789e-05
0.5301992190440153,-0.430208252728633,0.2404645718232444,-0.1955206399981555,0.10078444379176886,0.07953490455935656,-0.007710355210317283,-0.009244199222401613,7.920835858992318e-05,0.005024027798754713,-0.0030104272526258057,-1.282111989878297e-05
0.5282309538202307,-0.4291886274965377,0.2412392752118497,-0.1960916984868382,0.10136537646361511,0.08007368914292759,-0.0076899806969526205,-0.009271736131790508,7.933627540196176e-05,0.0020375697598160212,-0.002753707795780108,-8.412919371511462e-06
0.5262568899952093,-0.42816320380920214,0.24201909233787489,-0.19666476730562604,0.10194052669721468,0.08060063930148886,-0.007699194158990547,-0.009296343305634459,7.94845048691486e-05,-0.0009212085889498713,-0.002460758589875048,-4.11214909601498e-06
0.5222913120230548,-0.4260949529294227,0.24359381379981548,-0.19781578425627724,0.10308513082834647,0.08164323735931692,-0.007805578861753518,-0.009335962804166695,7.983706379040411e-05,-0.006782143857320207,-0.0018178365626984507,4.393130314392801e-06
0.5202997778551371,-0.4250520476240833,0.24438869041621242,-0.1983930977300482,0.10366043544117227,0.0821679951626859,-0.007901828449368509,-0.009350831972101868,8.003719999223063e-05,-0.009624771776443365,-0.0014870281110620476,8.3344456091638e-06
0.5183024053248506,-0.42400318859072234,0.245188600697485,-0.1989711891963215,0.10424161544963369,0.08269666876705699,-0.008025477486270248,-0.009362347492980348,8.024835625772152e-05,-0.012364706138554983,-0.001151683723055342,1.1943568475952847e-05
0.5162991926436744,-0.42294826654396495,0.2459935265534981,-0.1995497433932433,0.1048313762182377,0.08322592454435614,-0.008176044940836001,-0.009370455699723362,8.04675065670908e-05,-0.015056540223040059,-0.0008109715914812237,1.534515783592202e-05
0.5142901409866487,-0.42188714499709756,0.24680350534601042,-0.2001284179309781,0.10543240076510033,0.08376130745628681,-0.008352913710963375,-0.009375150122493195,8.069086691876273e-05,-0.01768666771065311,-0.00046961083256959386,1.8454639558669018e-05
0.5122752549436844,-0.42081966125354414,0.24761857073827928,-0.20070687852278424,0.1060473480834923,0.08430241932278522,-0.008555138085452085,-0.009376450882158513,8.091434574502302e-05,-0.020222227991565412,-0.0001302602379487237,2.1246449430620896e-05
0.5102545422761054,-0.4197456270388039,0.248438780613584,-0.20128478892951185,0.10667884057712983,0.08485159343030997,-0.008781187598159818,-0.009374380781625663,8.113327845324557e-05,-0.02260474611151589,0.00020681251387286517,2.36858607129623e-05
0.5082280142163345,-0.4186648304331068,0.2492641728977842,-0.20186182670984185,0.1073293787754997,0.08540669995063982,-0.009029165409911432,-0.009368936271849789,8.134245988211664e-05,-0.024797585267409716,0.0005442431247307736,2.576476307926243e-05
0.5061956851975512,-0.4175770376641142,0.2500948028914159,-0.20243766070534042,0.10800124755979437,0.0859693515474797,-0.009297256070982507,-0.009360124681458436,8.15362971400467e-05,-0.02680888475083612,0.0008809444474146321,2.745619537368441e-05
0.5041575731455348,-0.41648199535611247,0.2509307047536152,-0.20301196414825018,0.10869651761209548,0.0865373481962474,-0.009583963312019696,-0.009347983637350286,8.170931488470396e-05,-0.028670562460735072,0.0012138869903834152,2.8761962468247426e-05
0.5021136991408397,-0.41537943157691776,0.2517719306657099,-0.20358440473788175,0.1094171276241115,0.0871124045381168,-0.00988771871250741,-0.009332581953300018,8.185604299655361e-05,-0.03037540323611102,0.001539952586061879,2.966607398055427e-05
0.5000640876279211,-0.41426905753606597,0.25261851043742717,-0.2041546694814079,0.11016493944114034,0.0876921250200585,-0.010206372753039216,-0.009313959748566778,8.197071449738055e-05,-0.031865297413015976,0.0018620113045863876,3.0175572844046793e-05
0.49800876607112193,-0.4131505693259494,0.25347049056640003,-0.20472244583079666,0.11094166403161827,0.08827793912823755,-0.010537128861039956,-0.009292129419573117,8.204688732230033e-05,-0.033075540238713834,0.0021828365127017127,3.0258010892801957e-05
0.49594776524207274,-0.41202365129329904,0.25432789531648353,-0.2052874286611783,0.11174872355824976,0.08886737403559114,-0.0108771669291135,-0.009267105203888123,8.207803290551315e-05,-0.03400377823350266,0.0025022448176237875,2.9907532014101027e-05
0.4938811195513024,-0.4108879790972045,0.25519065252413414,-0.20584938766341038,0.11258741808948215,0.08945032342977646,-0.011222660317091833,-0.009238452734407598,8.205747879849723e-05,-0.034549358159490194,0.002865094779281089,2.9604890193898494e-05
0.49180886718384326,-0.40974322375107614,0.25605866937342664,-0.20640798102961463,0.11345847597367041,0.09002443486554645,-0.011570906111698094,-0.00920605549044106,8.197663060329346e-05,-0.03482465437177815,0.0032396061848444994,2.8837687090003882e-05
0.4897310497230155,-0.4085890533452074,0.25693188862943556,-0.20696284058621844,0.1143623833635205,0.09059301210128673,-0.011919332482028536,-0.00916993410650539,8.182703073198941e-05,-0.03484277483589187,0.003612065003694168,2.7465697482942396e-05
0.4876477123458437,-0.4074251357046102,0.2578102525927037,-0.20751361243707275,0.1152994507998865,0.09115568457527791,-0.012264874183939305,-0.009130102951802001,8.160044601614308e-05,-0.03455437785743664,0.003983098300788587,2.5507203875515972e-05
0.485558903535139,-0.40625114108385935,0.2586937399619726,-0.20805993932352687,0.11626970843417411,0.09171571314771676,-0.012604154653651405,-0.009086559877131622,8.12889967199017e-05,-0.033928330971095204,0.004354358155448433,2.300107399259545e-05
0.48346467544834704,-0.4050667463481957,0.2595823201386589,-0.20860146485797437,0.11727278760414392,0.09227183288750339,-0.012934258321155172,-0.009039346935988332,8.088627073653925e-05,-0.03301073203383001,0.0047214234890572415,2.001788007638038e-05
0.481365083664799,-0.4038716376677695,0.26047598736324873,-0.20913781591366337,0.1183079395378056,0.09282629280525481,-0.01325305775332161,-0.008988624425605832,8.038813587470563e-05,-0.031880392498630526,0.005072468502411509,1.660523047613512e-05
0.47926018733815356,-0.40266551305334514,0.26137471619462277,-0.2096686378044907,0.11937418821417081,0.09337693477141214,-0.013558807544686328,-0.008934618642361478,7.979237731595918e-05,-0.03057551326379793,0.005400891716699334,1.2829510404910455e-05
0.475034732880515,-0.40021907470829843,0.26318731204757234,-0.2107124051869372,0.12159548313687754,0.09446926117608345,-0.01412218399548051,-0.008817403877581174,7.829976134034463e-05,-0.0272795761513053,0.0060120811310539245,4.35147093964179e-06
0.4729143080443233,-0.39897823093919194,0.26410114347012836,-0.21122476812034652,0.12274779327480567,0.09501001378734311,-0.014374518695157665,-0.008754310228695357,7.739793554507516e-05,-0.025234262422677428,0.006310009362260593,-2.7493924261546293e-07
0.47078884521505077,-0.3977253169079032,0.2650199626728723,-0.2117303972045387,0.12392552779391997,0.09554500415044803,-0.014604394111976452,-0.008688348435379167,7.639100847772645e-05,-0.02298841994624239,0.006596945850472873,-5.106599393787383e-06
0.46865841856104257,-0.3964601212747612,0.26594368984827715,-0.2122290125203337,0.12512648056700523,0.09606927830307223,-0.014811153137238743,-0.008619683255330166,7.528124869012206e-05,-0.020676862975787694,0.00686740746949956,-9.97226944170401e-06
0.46652310429367266,-0.39518245437916305,0.26687233096453244,-0.21272031058530722,0.1263485458695748,0.09659117358507399,-0.014993246691051768,-0.008548614325790566,7.407128067083402e-05,-0.01821039407342202,0.007107906852758694,-1.507448992557104e-05
0.46438298126585226,-0.39389215236568104,0.2678058279933681,-0.21320407412331366,0.1275893918535757,0.09710404468472539,-0.015149511126072913,-0.008475259965309158,7.276352338060747e-05,-0.015627556675265046,0.007336573804973061,-2.0205188976062274e-05
0.4622381301993719,-0.39258907660684483,0.26874415944584645,-0.21368008357581875,0.12884662826491527,0.09761123255742438,-0.015278455088601853,-0.008399666601649518,7.135883326943725e-05,-0.012895581458827007,0.007560598474846193,-2.544457612394369e-05
0.45793457762951156,-0.38994418847145124,0.27063519169372047,-0.21460798305397258,0.13139977096710273,0.0986043891301657,-0.015450070733716513,-0.008242140075371175,6.82668923518246e-05,-0.007121055834333768,0.007976926406832499,-3.6216505267727865e-05
0.45577604794755705,-0.3886022407054759,0.2715878312808236,-0.21505943075675735,0.13269006846368706,0.0990896096858324,-0.015491684073640669,-0.008160717367556001,6.659030386822538e-05,-0.004162709019696759,0.00814389002769668,-4.1670098407876844e-05
0.45361313334391495,-0.3872472492778735,0.2725451792176147,-0.21550228689119919,0.13398569280191006,0.09956787988643614,-0.015503360096919567,-0.008077937439010089,6.483611887406177e-05,-0.0011690265924845207,0.008279717157024412,-4.7108411223439785e-05
0.4514459233135505,-0.385879220432006,0.27350720869257206,-0.21593643064074688,0.13528374642171034,0.10003896926442307,-0.015484704136050867,-0.007993893417643456,6.300942298291832e-05,0.0018641281853505822,0.008406223444489408,-5.2428899505932806e-05
0.4492745083763255,-0.3844981905457415,0.2744739034466724,-0.21636174819879278,0.1365812588280464,0.1005037556161708,-0.015435565161098888,-0.007908622910577076,6.111568636676852e-05,0.004912391753177964,0.008528959218043674,-5.752094434466349e-05
0.4470989800871952,-0.383104226321602,0.2754452578285011,-0.2167781171789654,0.1378752003757204,0.10096319296925596,-0.01535618944896742,-0.007822237630221685,5.916337027941646e-05,0.007936035652538451,0.00864050980984617,-6.220996926442069e-05
0.444919430974158,-0.381697424445813,0.2764212749656236,-0.21718540717128382,0.13916256090424747,0.10141811284297164,-0.015246988063788429,-0.007735003798898561,5.716369335737854e-05,0.010918583071598185,0.008725421541759726,-6.646182135885754e-05
0.44273595537332666,-0.3802779141173315,0.2774017396445143,-0.21758361440920082,0.14044045267360225,0.10184651481469477,-0.015108042563544961,-0.007646830671202074,5.5120002476134465e-05,0.013892978276444364,0.008819398855551462,-7.051974469572264e-05
0.44054864803871185,-0.3788458532078934,0.27838649494146395,-0.2179726494658248,0.14170591802858487,0.10225412007950012,-0.014939682313383905,-0.007557704400986157,5.303717579889762e-05,0.016834441650550452,0.008914750216770512,-7.435609897328193e-05
0.4383576038172653,-0.37740142737493004,0.27937549628048713,-0.21835241718027465,0.14295593704031564,0.10265216088819247,-0.014742932298071509,-0.007467606538782705,5.09219371973399e-05,0.01967341250375514,0.00901193310744382,-7.778249971884663e-05
0.4339646870055844,-0.3744763609444585,0.28136623788794224,-0.2190838017480237,0.1453979292335247,0.10343388805686021,-0.0142708045645222,-0.00728456823121062,4.662595159167231e-05,0.02485654094356499,0.009198225835020602,-8.318761301344797e-05
0.4317630073588188,-0.3729962243625916,0.282368016360752,-0.21943522034054544,0.14658450272263016,0.10382073203908049,-0.01399869656585238,-0.007191960105079818,4.4464999343020885e-05,0.02720923589418309,0.009262941876897702,-8.517306129371467e-05
0.4295579764652001,-0.3715047276275636,0.2833741043414942,-0.21977700794232452,0.14774483887788534,0.10420603216189533,-0.013704413177561799,-0.007098988266567376,4.231004814452452e-05,0.02942679923969116,0.009299276838937887,-8.669261319090897e-05
0.4273496921285098,-0.37000218045073785,0.28438446307630433,-0.22010915135078563,0.14887674158205516,0.10458299259538656,-0.013388707757055054,-0.007005766140466341,4.016636307654575e-05,0.031569030517817245,0.009324261184649971,-8.806345415397612e-05
0.42513825291321033,-0.368488916260259,0.2853988691413818,-0.22043174937283427,0.149977895879746,0.10493326639381792,-0.013053527225580982,-0.006911833905353467,3.802846277432824e-05,0.03351656575110526,0.009395229096314404,-8.95808772581247e-05
0.4229237572843071,-0.36696528621208324,0.28641722645938317,-0.22074474209983425,0.1510460856964582,0.10526988763972919,-0.012701532750311667,-0.006816967046604223,3.590010596335567e-05,0.03519798691244145,0.009488640105146195,-9.065131615347347e-05
0.42070630455379737,-0.36543165745297684,0.2874394187993697,-0.2210480644740273,0.15207959857638267,0.10559099637959936,-0.0123340995006726,-0.006721082036244448,3.378560787246885e-05,0.03674189407922484,0.009590396736497081,-9.140444218371726e-05
0.4184859940404545,-0.3638884104873444,0.28846551284538546,-0.22134157054763023,0.15307662480000336,0.10591527616914151,-0.011953668744377553,-0.006624367866079514,3.169757040489425e-05,0.03804168280864453,0.009673239636620382,-9.133802323412335e-05
0.4162629258700033,-0.36233593862982993,0.28949554380476056,-0.22162517942198534,0.15403571552459003,0.10623994328965418,-0.011562360745768552,-0.006527031078706425,2.964712687656031e-05,0.03912945205983443,0.009735416900947064,-9.057964735186007e-05
0.4140372006333844,-0.3607746460366466,0.29052953557903444,-0.22189883999117405,0.1549555311034053,0.10656430916684134,-0.011162834542910272,-0.006429184944551277,2.764300949757897e-05,0.039951322537411106,0.009786259087534405,-8.921836457681699e-05
0.4118089192366954,-0.35920494509265755,0.291567508719087,-0.222162520694302,0.15583490420169155,0.10688858587245635,-0.010758450915346213,-0.006330848788217845,2.5691837951567348e-05,0.04043711846512029,0.00983516368719246,-8.732087593988536e-05
0.40957818289754083,-0.35762725276193874,0.2926094875722789,-0.22241618351326015,0.15667301755168794,0.10721372691950792,-0.010352593647465222,-0.006232063278472473,2.3799819949912926e-05,0.040584538890182216,0.009879997909046156,-8.4916200804553e-05
0.4073450931460829,-0.356041986894754,0.29365550151959857,-0.22265977740820087,0.15746949612449365,0.10754073726720731,-0.009947920966957539,-0.006132983645210234,2.1973765523247827e-05,0.040466139647722485,0.009909306569072,-8.202589785709775e-05
0.4051097516888597,-0.35444956358421914,0.2947055817033207,-0.22289325707190324,0.1582243016490274,0.1078702208450989,-0.009546423353492815,-0.006033857112309813,2.0220689600123268e-05,0.040148695422572496,0.009913891308716168,-7.867721436647774e-05
0.4006327228141664,-0.35124489698674294,0.29681721489977786,-0.22333018278698405,0.15960942133752304,0.10847672262169275,-0.008762798245483138,-0.0058343847297487135,1.692172925697786e-05,0.03875691073915941,0.010000641107477682,-7.186453434786807e-05
0.39839123973934504,-0.3496334614144148,0.29787859624416624,-0.22353357942292834,0.16024038758299033,0.10876934505886457,-0.008387141299510301,-0.0057337391148232445,1.538082954677639e-05,0.03756480377805328,0.010065512935265267,-6.777947685266329e-05
0.396147914528224,-0.3480164777177949,0.29894355156497693,-0.2237268949812369,0.16083150079875355,0.10905157470648179,-0.008025368462856093,-0.005632358492194607,1.3914852830432777e-05,0.036176450942726694,0.01013892406242475,-6.339578026495894e-05
0.39390285029765026,-0.3463943178147528,0.3000120587497866,-0.22391004024433975,0.1613839923245749,0.10933315345060458,-0.0076790698240763846,-0.005530337064352791,1.2527346585307765e-05,0.03462908981255349,0.010202917901209667,-5.86355493039268e-05
0.3916561505289725,-0.3447673374822144,0.3010841337453272,-0.22408293399406432,0.1618992829009022,0.10961823470505572,-0.00734961314468075,-0.005427887378419905,1.1222687323358967e-05,0.03294495340366722,0.010245659841439832,-5.3476817344673104e-05
0.38940791891797016,-0.34313587546080493,0.3021598043909214,-0.22424552786402005,0.162378857122508,0.10990841828822974,-0.007038797686383875,-0.0053251990862230635,1.000446248916024e-05,0.031080891099200224,0.010269440009804048,-4.794214130226729e-05
0.3871582591814333,-0.341500251877349,0.3032391052527947,-0.22439780700432854,0.16282428332728657,0.11020487668216013,-0.006749116484961887,-0.005222361119319734,8.874834538052858e-06,0.028967524606578164,0.010284331174726748,-4.2063048928715775e-05
0.3849072750201234,-0.339860765645674,0.3043220698175269,-0.22453976972511722,0.16323738088259568,0.11050800768378093,-0.006483162959365911,-0.005119416002306334,7.834739530365553e-06,0.026594814897206505,0.010294974617042508,-3.589640338899577e-05
0.3826550701361951,-0.3382176916317087,0.30540872905319494,-0.22467140466877597,0.16362031960644777,0.11081797880424116,-0.006242897628981092,-0.005016484916666162,6.884706844657662e-06,0.024026051684259402,0.010293504770431654,-2.9505205943641585e-05
0.37814741233068405,-0.3349217485123645,0.3075932317949583,-0.22490364572804836,0.1643056450416066,0.11145777327737796,-0.00584404212669575,-0.004811725713440043,5.2560717568905035e-06,0.018548549717845,0.010209857692900181,-1.6297961728345524e-05
0.3758921652382573,-0.3332692951827565,0.30869110953188944,-0.22500430833539972,0.16461322537683806,0.11178692704583731,-0.005687655771231684,-0.004710403548514201,4.5759325940752216e-06,0.015638311760848806,0.010132440261204063,-9.59150882822411e-06
0.373636108568834,-0.3316140836559859,0.30979271217627946,-0.225094790228671,0.16490106713410832,0.11211791235682073,-0.005561439977960097,-0.004609851369494034,3.980961338791824e-06,0.012621302080728054,0.01005539351884564,-2.9397821375849255e-06
0.37137934301137654,-0.3299562485846188,0.3108980423730619,-0.22517517520524172,0.16517204319036186,0.11245427564396822,-0.005466376260449331,-0.004510074136360038,3.467825811104469e-06,0.009506137771156479,0.009977854589899993,3.703731553089423e-06
0.36912196835707095,-0.32829589326873987,0.3120071146708339,-0.22524553279775253,0.16542919220995458,0.11279737135660256,-0.005402978483847743,-0.004411202495583086,3.0336786597815125e-06,0.0063395840055821395,0.009887254020291497,1.0319640293360439e-05
0.3668640837844355,-0.3266330898404484,0.3131197185863031,-0.22530603627653606,0.16567576871513012,0.11312464033096994,-0.005370800235487456,-0.004313107360260116,2.6720432295746763e-06,0.0032176670858320463,0.0098095660189278,1.6679834248642055e-05
0.3623471759752741,-0.32330027011818385,0.31535508967282216,-0.22539775840213785,0.1661495669979191,0.11376411781551535,-0.005399103486716447,-0.004119381189929448,2.144309157909134e-06,-0.002954536150493092,0.009644316984937893,2.8599389554168757e-05
0.36008834540238577,-0.3216302419033144,0.3164777943956183,-0.2254291510365027,0.16638293002794616,0.11408845409994885,-0.00545907626857934,-0.0040237717710745625,1.9647100523834637e-06,-0.005997351313034172,0.00956089849763589,3.3947460847650384e-05
0.35782939034639477,-0.3199577422301413,0.3176038743565856,-0.22545101483871283,0.166618053328001,0.11442095968754007,-0.0055487740058379805,-0.0039290451572601415,1.831881189379143e-06,-0.00896982654992052,0.00947259102690446,3.8853975826544185e-05
0.3555704045735075,-0.3182826896884669,0.3187333277776174,-0.22546344427839513,0.16685791167022673,0.11475844328304169,-0.00566772757357355,-0.003835313198424871,1.7424703957960252e-06,-0.0118953914983686,0.009373098645415653,4.3626086387141424e-05
0.35331148072145735,-0.3166049736203736,0.31986619388921117,-0.22546650307305025,0.16710543711329917,0.11510502548609908,-0.005815397482922084,-0.0037428683864399567,1.6926557003628032e-06,-0.014767009836883397,0.009244357457089682,4.809612370777045e-05
0.35105270999291804,-0.3149244547749529,0.3210025328009942,-0.22546029509829507,0.16736351696510754,0.11546279784754566,-0.005991145446455528,-0.0036519949738650108,1.6781306920742749e-06,-0.01757480176909128,0.009087191533067267,5.219226540511158e-05
0.3487941818464162,-0.31324096587240047,0.3221424156443111,-0.2254449750661736,0.16763503497062626,0.11583276724775601,-0.0061939123947464085,-0.003562838467828489,1.693712754404399e-06,-0.020276689277473,0.008915475692982861,5.587669060626983e-05
0.34653598388254553,-0.31155431262843936,0.3232859173010563,-0.22542072252688075,0.16792284006117578,0.11621510282652477,-0.006422089629906682,-0.003475451276781081,1.7337410991851613e-06,-0.02281770952850206,0.008738520057541648,5.912621386692093e-05
0.3442782018696962,-0.30986427563097185,0.3244329518699634,-0.2253878217533446,0.16822988865141092,0.11659315629935138,-0.006672492816565819,-0.0033894366041923012,1.7945260756434494e-06,-0.02504029793269114,0.008601243175433473,6.239424082526254e-05
0.34202092016266034,-0.30817061358499276,0.3255834592623095,-0.22534640377114795,0.16855861983864243,0.11696914504698103,-0.006942648408462449,-0.0033047877233548114,1.8698980919038045e-06,-0.02701553412615919,0.008464640713206253,6.516186366440598e-05
0.33976422164276454,-0.30647306566452115,0.3267374081873746,-0.22529658258238078,0.16891118018989973,0.1173457107018311,-0.00723056316550777,-0.0032216957408741313,1.9538106302359936e-06,-0.02879144852077917,0.00830893023123253,6.72745187231968e-05
0.33750818746585975,-0.30477135328827915,0.32789479054227705,-0.22523850266219136,0.16928955797988496,0.11772490739024387,-0.0075341148165294965,-0.0031403281005012574,2.040194643444694e-06,-0.03035513785644691,0.00813647864333113,6.870592786224505e-05
0.3352528968747176,-0.3030651820804862,0.3290556135922181,-0.22517234518812776,0.16969561987614967,0.11810788076174775,-0.007850606159917166,-0.0030607244078459913,2.1226280595022194e-06,-0.03164910904429293,0.007960070443616327,6.947648512243074e-05
0.33299842721141426,-0.3013542446603955,0.33021989470565616,-0.22509829596322614,0.17013100020136396,0.11849518225750738,-0.00817700069931906,-0.0029828909869667676,2.1949792779391027e-06,-0.03263943236684128,0.007783034289691269,6.96083633510672e-05
0.32849225099576823,-0.2979167985273145,0.3325583676086002,-0.22492747829490703,0.17109529774057514,0.11924035021569361,-0.00884332653893307,-0.0028314041010392434,2.291342070482723e-06,-0.03343923114608615,0.007503681720154825,6.893582327106649e-05
0.3262406910102053,-0.29618964364977324,0.33373237678368844,-0.22483095854615814,0.17162558664224228,0.11960157572902089,-0.009177667336807126,-0.0027579509919509436,2.3052005657045614e-06,-0.033434076225856806,0.00734500035038022,6.756979470157015e-05
0.32399024473663435,-0.29445643509507574,0.3349094903946206,-0.22472722139668588,0.1721884703611472,0.11995821944115126,-0.00950916578879859,-0.0026862106193195987,2.2899925806745604e-06,-0.03314984964245135,0.0071737384315322585,6.550831775101327e-05
0.3217409811203143,-0.292716852290037,0.3360895878481357,-0.22461647510595853,0.17278390285731476,0.12030300717427002,-0.00983565406382736,-0.0026161141453376058,2.2431315866479753e-06,-0.032648840216488444,0.00700936492644732,6.311326303347781e-05
0.3194929673087904,-0.29097057891104267,0.33727263845873673,-0.2244988750996442,0.17341170861899033,0.12064447759900743,-0.010154435638725198,-0.0025476460447069324,2.1613012210459495e-06,-0.03187817888733958,0.006846549942424536,6.025043447795478e-05
0.31724626877476236,-0.2892173063675902,0.33845864561069156,-0.22437456252311982,0.17407137064134398,0.1209856702455416,-0.010463174176828556,-0.002480942981108827,2.0426964089926693e-06,-0.030873883876288092,0.0066700742781378285,5.690185621115841e-05
0.31500094921249666,-0.2874567364069793,0.33964762149845734,-0.2242436798130865,0.17476208039252328,0.12132719879166547,-0.010760005356961973,-0.0024162724003727464,1.8873496583049582e-06,-0.029683156269574233,0.006466858880268365,5.309072607831104e-05
0.312757070237071,-0.28568858285533966,0.3408395754074594,-0.22410640357418976,0.17548288040089854,0.12166847644492773,-0.011042978050867496,-0.0023538891895546897,1.6957949863239877e-06,-0.028297315266669152,0.006238159279472454,4.8851384522072024e-05
0.3105146910975253,-0.28391257341472137,0.34203450759812226,-0.22396295389147064,0.1762327056612612,0.12200817812217385,-0.011309631708974886,-0.002293934909736972,1.467628225802472e-06,-0.02666541899264168,0.005995308597057399,4.4190147008836564e-05
0.3082738685458591,-0.2821284521224096,0.34323241103322194,-0.22381357351053363,0.1770102856823103,0.12234506287835063,-0.011557194844655255,-0.0022364661571636028,1.2018557523343104e-06,-0.02475637389721864,0.005746803544077114,3.9129526571485875e-05
0.30603465683290565,-0.28033598230737194,0.3444332741068977,-0.223658499694445,0.17781401450747727,0.12267821448340169,-0.011783230987963841,-0.0021815802068609683,8.984519511373827e-07,-0.022603681449647115,0.0054885753842336925,3.371337887106029e-05
0.30379710765277895,-0.2785349491557718,0.3456370813327151,-0.22349796010914338,0.1786419460662784,0.12300692162837862,-0.011986005527005895,-0.002129493919195421,5.593748069720097e-07,-0.02027752706296479,0.005208663924478078,2.79958664191714e-05
0.3015612699180151,-0.27672516135331826,0.3468438119772703,-0.22333219660856482,0.17949192134173753,0.12333041505309195,-0.012164211815814657,-0.002080490394752586,1.879401075063888e-07,-0.017820707114694172,0.004900443712697901,2.2030170641494723e-05
0.2993271894357937,-0.2749064521786499,0.348053439131947,-0.2231614900365811,0.18036168597471486,0.12364779319089442,-0.01231645342119957,-0.002034796767212165,-2.1271134782797674e-07,-0.015224243007626707,0.004569510865689471,1.586706401484791e-05
0.29709490845253594,-0.2730786827578786,0.34926571275903373,-0.2229862841692145,0.18124905902249552,0.12393612702667971,-0.012440318830233698,-0.001992028944159724,-6.401450891405537e-07,-0.012386626979250661,0.004276983743894349,1.0198297958768027e-05
0.29263589954091185,-0.26939554902495866,0.3516974749704124,-0.22262352476394873,0.18306596456010832,0.12444576390259277,-0.012596288809882656,-0.0019147623437568541,-1.5767822435816058e-06,-0.006233679387761706,0.0037255460318885805,-1.3749540491161441e-06
0.29040924202953106,-0.2675400533841763,0.35291670964117466,-0.22243647566396071,0.18398955115494467,0.12467505220930196,-0.01262688948440569,-0.0018804300104127577,-2.083611593501557e-06,-0.0030601636282282857,0.003433599481401242,-7.3814327083244685e-06
0.28818452467856215,-0.2656752363005038,0.3541380644408164,-0.2222459867549498,0.1849190867992889,0.12489126729801758,-0.012625547778235576,-0.0018492181764298878,-2.6118561726712336e-06,0.00013407210874676482,0.0031216015644112355,-1.3412458574646527e-05
0.2859617752359951,-0.2638011103439118,0.3553614824771512,-0.22205235712591273,0.1858514602897952,0.12509649945267115,-0.01259194828624843,-0.0018212146366305597,-3.1590980663076897e-06,0.0033598487683552175,0.0028008213666532835,-1.9411725069447707e-05
0.2837410182395168,-0.26191771995769075,0.35658692638607875,-0.22185589358097368,0.18678349819406523,0.12529255711422313,-0.012525945280492414,-0.001796482902609427,-3.72242767755308e-06,0.006600198680246115,0.002473685825766414,-2.5268789792429193e-05
0.2815222750022695,-0.2600251416023162,0.3578143866997092,-0.22165689474738662,0.1877119487774428,0.12548217942451625,-0.012427817088956024,-0.0017751501126117405,-4.296378904626893e-06,0.0098127166644095,0.002133829050471092,-3.077458582975076e-05
0.2793055634961787,-0.2581234835431617,0.359043871301975,-0.22145566522739887,0.18863355425684186,0.12566712844270087,-0.012298162669666357,-0.0017574044216989418,-4.874646593072105e-06,0.012965339809075242,0.0017751483735231103,-3.5883838711215017e-05
0.27709089815811255,-0.25621288513498075,0.3602754048113781,-0.22125252772807735,0.18954512171859025,0.12584912405019158,-0.01213763844842573,-0.0017434458728055812,-5.4517167000157724e-06,0.016052321146780808,0.0013964557504686072,-4.0648623382077215e-05
0.2748782896829719,-0.2542935161858103,0.3615090223693813,-0.22104783059389707,0.19044352882466278,0.12602926638570697,-0.011946907369340948,-0.0017334433977453693,-6.022941591315983e-06,0.01907300866206324,0.0010008628522808075,-4.507329890773343e-05
0.2726677448577508,-0.25236557645186125,0.36274476519720716,-0.22084194434357154,0.19132566947650342,0.12620827074190932,-0.011726948128210228,-0.0017275266513194036,-6.584441274538762e-06,0.021995827035123722,0.0005922978226538165,-4.9142504485477235e-05
0.27045926645064283,-0.2504292948229683,0.36398267658146644,-0.22063525182497298,0.19218844923695716,0.1263865728442647,-0.01147932823325048,-0.0017258196196358717,-7.132658919624372e-06,0.024761894963277166,0.0001713277679585455,-5.283734482718604e-05
0.2682528531021665,-0.248484927722918,0.3652227993977818,-0.22042814491687088,0.1930288856150743,0.1265644542637975,-0.011206011202688,-0.0017284628421449183,-7.664109000697816e-06,0.027331611437502387,-0.00026370245775773557,-5.6139566394687464e-05
0.2638461946457853,-0.24457308758559432,0.36770985494904096,-0.22001433273107396,0.19463195502190273,0.1269206186999733,-0.010589368033453185,-0.0017472990121914578,-8.664535192582365e-06,0.031947312291549616,-0.0011704280869284625,-6.147437115419817e-05
0.26164592465715325,-0.24260624914144352,0.3689566285991749,-0.2198086330688589,0.19538969151720673,0.12707436211344367,-0.010249332829976808,-0.0017631224988030132,-9.139332608358466e-06,0.0340034373383602,-0.001581768094323141,-6.396383901978272e-05
0.2594476703985633,-0.24063259066958056,0.3702053117841098,-0.21960435546769322,0.196115273220966,0.12720581402644116,-0.00989007232407732,-0.001782810204167108,-9.603303470540815e-06,0.03592596871592507,-0.001968203557248487,-6.62192607915364e-05
0.2572514093409812,-0.2386524792836456,0.3714558578392182,-0.21940184857339007,0.1968064205943695,0.12732931065741318,-0.009514191950170276,-0.0018063294225061284,-1.0054085034871274e-05,0.0375879569374016,-0.0023513738349312486,-6.789426185391897e-05
0.2550571152245829,-0.23666629793597485,0.3727082811369705,-0.21920146475369992,0.19746112291446816,0.12745153630172584,-0.009124619563543086,-0.0018337340830807932,-1.0487732843758747e-05,0.03895716023018256,-0.0027399429764563108,-6.890197271465078e-05
0.2528647579727281,-0.23467444249591418,0.37396262302431943,-0.21900357318474759,0.19807775933636823,0.12757568745953113,-0.008723811646846729,-0.0018650582049510537,-1.090060333704764e-05,0.04008071585013843,-0.0031319190667958743,-6.923928671842792e-05
0.2506743036561405,-0.23267731942600078,0.3752189362474866,-0.21880855559481507,0.19865501322476356,0.1277033185183643,-0.008313788566655694,-0.0019002857203976133,-1.1289810214832793e-05,0.041002235318694714,-0.003522292243890993,-6.892846130456333e-05
0.24848571454482363,-0.2306753441237073,0.37647727717636975,-0.21861678854498218,0.19919170219787752,0.12783527903710828,-0.007896873503851784,-0.001939410600804467,-1.165274914474373e-05,0.04169143720556218,-0.003912065438459655,-6.800429892807447e-05
0.24411396220259535,-0.22665852977940046,0.3790002659094157,-0.2182444522653513,0.200139283781984,0.12811490476980683,-0.007055642695578291,-0.002029710089332064,-1.2288381329388085e-05,0.04206083763408595,-0.004719985545964199,-6.44774602296255e-05
0.2419307044051302,-0.22464454240166123,0.38026502185695144,-0.21806462566811483,0.20054895702270698,0.12826382427033306,-0.006638384627181797,-0.002081114600118367,-1.2555935412502577e-05,0.04172575245167634,-0.005140147502994427,-6.195118974336583e-05
0.2397491223922608,-0.2226273985354436,0.3815320203251066,-0.21788956429898906,0.20091583675205574,0.12841927446392484,-0.006226950375562229,-0.002136693166414519,-1.2787994597616839e-05,0.04114337680332942,-0.005557592484581346,-5.895698520993415e-05
0.2375691587626296,-0.22060751361391862,0.3828011981882739,-0.21771970597412463,0.20124052200106454,0.1285701040133657,-0.005822148870904502,-0.002196337974383155,-1.2985697624468788e-05,0.04048010818590738,-0.00596425357394833,-5.570299183534441e-05
0.23539075220443334,-0.2185852960927439,0.3840725784892755,-0.21755542743837303,0.2015234054731517,0.12872536693964118,-0.005425909390334519,-0.002259994552303456,-1.3148801799318666e-05,0.0396239122331374,-0.006365465517884873,-5.211057622511417e-05
0.23321383759398828,-0.21656114587059092,0.3853462104505294,-0.2173970921068538,0.2017649427247659,0.12888836017322292,-0.005041230952280903,-0.0023277263460044196,-1.3275930948498197e-05,0.03846781511809774,-0.006773020205164598,-4.816045597436503e-05
0.23103834575966267,-0.21453545206746114,0.3866218854123538,-0.21724523138678245,0.20196590110419924,0.12903391556365013,-0.004671448472617374,-0.002399010108264923,-1.3375295735302962e-05,0.03697822490418034,-0.007128244038542281,-4.4554015022975804e-05
0.2288642041362892,-0.21250858798851288,0.3878995031504441,-0.21710020035535144,0.2021274336314513,0.12917341969699633,-0.004319294087011106,-0.0024735301196086787,-1.3446521581473378e-05,0.03521542157203364,-0.007451893938635654,-4.062189121025809e-05
0.2266913370111161,-0.21048090858668403,0.3891790237295852,-0.21696233714515034,0.20225108241188547,0.1293132864433503,-0.003986720711224603,-0.0025509815188314335,-1.3486523101029428e-05,0.03325732783579124,-0.007745056628726922,-3.6165636297156054e-05
0.22451966585809582,-0.20845274891059906,0.39046043756220566,-0.21683194694633387,0.20233858238018523,0.12945691041317722,-0.0036755329705728296,-0.0026311039108164293,-1.3491398214207054e-05,0.031118773053138895,-0.00801217863218402,-3.118333605697707e-05
0.22234910966624152,-0.20642442266338432,0.3917437494614031,-0.2167092856480054,0.2023917592056507,0.12960621550359502,-0.003388009078767601,-0.0027137920012589565,-1.345686974640641e-05,0.028752398606145226,-0.008268769758951909,-2.575066684386668e-05
0.22017958507420154,-0.2043962199867662,0.39302897192047986,-0.21659457667049206,0.20241261416629058,0.12976255702445422,-0.003126796300611149,-0.002799099320640579,-1.3378663049187308e-05,0.026121299521395244,-0.00853071223266269,-1.996738167869688e-05
0.21801100628250963,-0.20236840461027097,0.39431612234256613,-0.21648805056561424,0.20240347420896967,0.1299269465910393,-0.002894223664702374,-0.0028870966602799813,-1.3253025844416966e-05,0.023257299415550537,-0.00879973197539799,-1.3928034259642526e-05
0.21584328493327343,-0.20034121136022118,0.3956052198086533,-0.216389968136632,0.2023670166224726,0.13009987799260628,-0.0026918335658058946,-0.002977720979330104,-1.3077057317155732e-05,0.020239061559826108,-0.0090624457578219,-7.71489033183024e-06
0.21367633022016203,-0.19831484470979377,0.39689600727682584,-0.21630075389844086,0.20230627246299684,0.13025369158456657,-0.0025200825876791374,-0.003070228444635394,-1.2853314051639644e-05,0.017175165514190772,-0.009250773466488085,-1.732882071842192e-06
0.2093443493315975,-0.19426525490998833,0.3994820770782905,-0.2161497298571343,0.2021237403441198,0.13053966608921413,-0.0022711225831274612,-0.0032589649112093545,-1.2264525839690138e-05,0.010843107827924291,-0.009489662448095789,9.751573208216353e-06
0.20717913485445313,-0.19224228479512812,0.4007772093899192,-0.21608814100601564,0.2020079857184217,0.13068276185224048,-0.002195675594038729,-0.0033548369376282185,-1.1897076622401943e-05,0.007544820424046477,-0.009587260810793283,1.53325973677041e-05
0.20501431076353097,-0.19022064541307918,0.4020736751961059,-0.216035944305048,0.20188017231298896,0.13082810866973432,-0.0021535871757997916,-0.0034516625692580264,-1.1476742977383804e-05,0.004208984874273638,-0.009682631684645516,2.0977032589306558e-05
0.20284978077081156,-0.18820038077884618,0.40337145961348564,-0.21599324102770215,0.2017436073009392,0.13097890479247068,-0.002144919223335291,-0.003549267065892917,-1.100115673123352e-05,0.000866961723407869,-0.009760529342988815,2.6580561920649266e-05
0.2006854479164358,-0.1861815016175296,0.4046705594568319,-0.2159601287636752,0.2016016053483995,0.13113625456156108,-0.0021696497880761743,-0.003647383523291825,-1.0468611664744284e-05,-0.002472864847589358,-0.009811737801716845,3.2087543099124815e-05
0.19852121488886348,-0.18416398546018178,0.4059709882810064,-0.2159366610439753,0.20145747059452462,0.1313017808493799,-0.002227753297330988,-0.00374581751532779,-9.87556333029099e-06,-0.00581013170133605,-0.009843505815424205,3.76616053961922e-05
0.19635698425530201,-0.18214777661058193,0.4072727871631676,-0.21592283974756282,0.20131453719192346,0.1314781780031109,-0.002318970408332058,-0.0038445588502213947,-9.219559483804674e-06,-0.009121462141224022,-0.009874257124252562,4.315228373486851e-05
0.19419265846239459,-0.18013278634094834,0.4085760125594458,-0.21591865892296658,0.2011761777173672,0.13166685926461194,-0.0024426053173283654,-0.003943686445657166,-8.499314068492758e-06,-0.012363210443688495,-0.009912902950831482,4.8423636161631166e-05
0.19202813971122945,-0.17811889364165714,0.409880727395406,-0.21592413793298906,0.2010457326276843,0.13186826898794976,-0.0025976388038066456,-0.004043205541158766,-7.714641773619724e-06,-0.01550303532506776,-0.009952075731135048,5.3386354616515704e-05
0.18986332992330632,-0.1761059463869363,0.411186998144513,-0.21593931941207836,0.2009264260366319,0.13208253114427873,-0.0027830446146283644,-0.004142978927125965,-6.86641948603717e-06,-0.018540233951045867,-0.009977530738803166,5.797879380175146e-05
0.1855324445992139,-0.17208213038731823,0.41380448395749153,-0.21599888773575057,0.20073361044372684,0.132549482420567,-0.0032408092996810706,-0.0043426231333807165,-4.986007424748477e-06,-0.024295171191650446,-0.009980854225997496,6.589030883219381e-05
0.18336617320563894,-0.17007081087334963,0.4151158344008748,-0.21604324129125488,0.20066619557364487,0.1328012615862667,-0.0035100237011208278,-0.0044424310673876165,-3.957640356595973e-06,-0.026920988594995334,-0.00998108375439189,6.914585887802873e-05
0.18119921932850874,-0.16805953888599545,0.41642892923363406,-0.21609728163095213,0.20062187086028524,0.13305657191464013,-0.0038040847573748635,-0.0045423234387215305,-2.871412703330858e-06,-0.029405617864493853,-0.009989567685939327,7.20898432978553e-05
0.17903148548710326,-0.16604802478020972,0.41774380909133774,-0.21616099369700098,0.20060328577551184,0.13332076729241424,-0.004121302216118063,-0.004642284382261306,-1.7290809109517913e-06,-0.031721221548679276,-0.009996468669223055,7.461972453412718e-05
0.17686287437151402,-0.16403595585310743,0.4190603751443487,-0.21623452059311807,0.20061318652448523,0.13357918474239047,-0.00445868234901085,-0.004741594758011333,-5.306733971711007e-07,-0.033737451325781,-0.009931460447693993,7.723438685076073e-05
0.17252263554024513,-0.1600088068021949,0.42169830840145145,-0.2164108116246589,0.20072733587047537,0.13408763502678922,-0.005183939880984231,-0.004936801825802454,2.008269298561482e-06,-0.0370127677592458,-0.009698290501382443,8.058440744382888e-05
0.17035081862887286,-0.15799301185818115,0.42301961477363526,-0.21651331862168002,0.20083562112290826,0.1343418064776441,-0.005565742572252038,-0.0050325424390501,3.334029216461778e-06,-0.038179608745445896,-0.009574635777356613,8.111361962022102e-05
0.16817774646940495,-0.1559752394607473,0.424342377309733,-0.21662522590531735,0.2009800871161817,0.13458827561970757,-0.00595700155974201,-0.005127076459663995,4.690296265672089e-06,-0.039125210293243694,-0.009454026735953521,8.115844052561188e-05
0.16600332782727859,-0.15395510472244076,0.4256665867006017,-0.21674639278223187,0.2011618991866781,0.13483547219312125,-0.006355622472809056,-0.005220362259986231,6.071051428429872e-06,-0.039861377473726825,-0.009329253466635705,8.064176694857091e-05
0.1638274727212852,-0.15193221583423147,0.4269922661687833,-0.21687669268070492,0.20138195176822404,0.13508633965232308,-0.006759901880709232,-0.005312295518038006,7.469315538755808e-06,-0.04042720497215736,-0.009194045253236905,7.953425512619693e-05
0.16165009264527763,-0.1499061756284685,0.42831944721094917,-0.21701598337246306,0.201641029519127,0.13534135535682867,-0.007167893750123326,-0.0054028128624456296,8.878073149536626e-06,-0.04079843276140747,-0.00905249617269536,7.783548090768024e-05
0.15947110070247753,-0.14787658327810185,0.4296481587481476,-0.21716409984657237,0.20193987458908483,0.1355997575003765,-0.007576776725723794,-0.005491962300425855,1.0291048247841564e-05,-0.04088752843118039,-0.008915743389547908,7.556821635526349e-05
0.1572904115657199,-0.14584303714497993,0.43097842259607455,-0.217320874339894,0.20227904186494305,0.13586020652287298,-0.007983061929523378,-0.005579860490249429,1.1702607150520522e-05,-0.04062773951628637,-0.008790651312943968,7.276606437829588e-05
0.15510794132679107,-0.14380513858663152,0.43231025232273124,-0.2174861602659697,0.2026586781389617,0.1361212814187559,-0.00838350393472535,-0.00566658519986131,1.310693828604857e-05,-0.04004341137273721,-0.008673329934130747,6.945770120741349e-05
0.15073733055163413,-0.13971472722205447,0.43497797845101094,-0.217842177182296,0.2035388118799449,0.13659053054196205,-0.00915176669418203,-0.005834272136259549,1.586574825729645e-05,-0.03777437898676618,-0.008276061485486557,6.258192514760477e-05
0.1485490317133967,-0.13766146473047977,0.4363135861822913,-0.21803256671505225,0.2040377554974423,0.13680007656854226,-0.00951396487029369,-0.005914631225699319,1.7198911363658203e-05,-0.036219034851384585,-0.008036803292918608,5.831123454034799e-05
0.14635863592968262,-0.1356023560493998,0.4376501387299008,-0.21823090699874534,0.20457439856629672,0.1369888181753168,-0.009858339623327562,-0.005992551568112855,1.848990821657625e-05,-0.034436707041468485,-0.007792919270818652,5.361769237107206e-05
0.14416607012913224,-0.1335370660608149,0.43898754672337437,-0.21843692499470582,0.20514737230478117,0.1371646532904632,-0.010182003395020319,-0.006068068091692277,1.9731542574181996e-05,-0.03236562871235999,-0.007552517451642595,4.8487360228483976e-05
0.14197126360996673,-0.13146528038152394,0.4403257522203875,-0.21865036598567147,0.20575491926724976,0.13733020697896417,-0.010482545840335103,-0.00614120122363182,2.091642223541306e-05,-0.030053521436432168,-0.007314147119214851,4.291761854645166e-05
0.13977414865264143,-0.1293867090785259,0.4416645149236586,-0.21887113062140015,0.2063952141561902,0.1374664594878455,-0.010757006792949327,-0.006211344259381399,2.203716183189361e-05,-0.027445403238759058,-0.00701509826756675,3.757656796476004e-05
0.13757466054666195,-0.12730108843994728,0.44300362683430344,-0.21909895182136152,0.20706591602789715,0.13757607563351792,-0.011003296558347484,-0.006278156085834091,2.3083405933995035e-05,-0.024628323315244366,-0.006681925535596945,3.192533168848474e-05
0.13537273786709467,-0.12520818250224092,0.4443429213004229,-0.21933349949058192,0.20776452190574365,0.13766264423244262,-0.011219272146603159,-0.006341504172708001,2.4045926266493734e-05,-0.021596951579563456,-0.006335487121118913,2.5857763557193093e-05
0.13316832262355285,-0.12310778510905324,0.44568226568336716,-0.21957441035300107,0.2084883481803473,0.13772900386301226,-0.011402621397622529,-0.006401412157615648,2.4917829363798052e-05,-0.01833436962764327,-0.005991401461782467,1.9422804801961773e-05
0.13096136023826604,-0.12099972242569978,0.44702155326829385,-0.21982131982447564,0.20923441760568723,0.13777725015910475,-0.011551369797469666,-0.006457957515089879,2.5693959275372393e-05,-0.014874340988503978,-0.005655054082886436,1.2710618267184123e-05
0.1287517994709963,-0.11888385511274331,0.4483606947137985,-0.22007388092504998,0.2099994425133079,0.13780875114564645,-0.01166426162836517,-0.006511177250393733,2.6369921956381493e-05,-0.011288744772052698,-0.005322399610010086,5.8151923946504755e-06
0.12653959241084922,-0.11676007957307684,0.44969960930216124,-0.2203317603738154,0.21077994587714285,0.13782408619109876,-0.01174056147483841,-0.006561050829132517,2.694187572662409e-05,-0.007629610818180173,-0.00498768567626308,-1.1725431836107923e-06
0.12432469454505049,-0.11462832854425047,0.4510382184845654,-0.2205946213246766,0.21157238735957554,0.13782319626963732,-0.011779599234005587,-0.00660756048024677,2.740720631528183e-05,-0.003903469531544748,-0.004651190711840879,-8.16563016038418e-06
0.12210706480668504,-0.11248857168756722,0.4523764440815839,-0.22086211404348163,0.21237317720671614,0.13780583547361877,-0.011780633018423785,-0.006650752904098769,2.7765181922943502e-05,-0.00010314113591802488,-0.004319364376655686,-1.5085709632718817e-05
0.11988666636414108,-0.11034081839979,0.4537139869610058,-0.22113400854366824,0.21317873123036024,0.1377494923672666,-0.011742709900277655,-0.006690301922894486,2.801353121895214e-05,0.003792477475917565,-0.003954920416537737,-2.1682524747672083e-05
0.11766346574180028,-0.10818511609866101,0.45505062942810565,-0.22140993700126066,0.21398516857979114,0.137662095204951,-0.01166564129901168,-0.006726066579079247,2.815129152167427e-05,0.007706952541869401,-0.0035763818881301883,-2.808384917325425e-05
0.1154374329409141,-0.10602155039955086,0.45638622161957,-0.22168952135434547,0.21478853281089796,0.13755032883820814,-0.011549742698952578,-0.006757945080831785,2.8178855455322675e-05,0.011589878602360954,-0.0031876674141087737,-3.424660704138316e-05
0.11097676890761927,-0.1016713598804715,0.45905394838970665,-0.22225807753762164,0.21637032746205448,0.13727718075242273,-0.011203620602065078,-0.006809826675103743,2.7914018844263468e-05,0.019188174088427077,-0.0023959557406813196,-4.5496531368228734e-05
0.10874209622649261,-0.09948509359979019,0.46038601338657603,-0.22254623889591715,0.21714107237994654,0.13712082342223952,-0.010974527523373606,-0.0068298750072509976,2.7629582075344663e-05,0.022909113989211274,-0.0020043945642370903,-5.0672555373640514e-05
0.1065045084823407,-0.09729168023301615,0.461716878965829,-0.22283643012633492,0.21789321024738034,0.1369566257625562,-0.010709577846690686,-0.0068461486961297014,2.725140492487722e-05,0.026494709227311262,-0.0016268632503849704,-5.545828227219103e-05
0.10426399426683111,-0.09509138938061858,0.46304658476595695,-0.22312824538029447,0.21862291826322391,0.13678749476092755,-0.010410611785697944,-0.00685880571391841,2.678726137948409e-05,0.029896288271133782,-0.001265141101562867,-5.977635998546687e-05
0.10202054569977154,-0.0928845239677695,0.46437518329945005,-0.22342130260588228,0.21932660169358437,0.13661503650091347,-0.010079357597013752,-0.006867976108874395,2.6245293295152376e-05,0.03312504720034986,-0.0009164361598128955,-6.35875799053187e-05
0.09977415832868651,-0.09067141849625292,0.46570273504735404,-0.22371523449695432,0.22000087796233636,0.13644033301657293,-0.00971732631012221,-0.006873779839017221,2.5633996221329283e-05,0.03620270907310368,-0.0005797395337762688,-6.686990773358101e-05
0.09752483104055659,-0.08845243776981868,0.4670293055974649,-0.2240096797108892,0.2206424524226167,0.13626427618087886,-0.009326356676811757,-0.006876372432004539,2.4962547510023998e-05,0.03909650220658524,-0.0002586082327805903,-6.960883048918494e-05
0.09527256592786722,-0.0862279753437326,0.4683549627300054,-0.22430428545343975,0.22124807024697904,0.13608769047503105,-0.008909171314565882,-0.006875960294324349,2.4240807924326177e-05,0.04171804055340051,4.1870096262666916e-05,-7.179348173285557e-05
0.09301736807827198,-0.08399845080986423,0.46967977467328825,-0.2245987188698997,0.22181465766932534,0.13591140443351074,-0.008469189138994589,-0.006872767590907816,2.3478885568862915e-05,0.04399769449785334,0.0003199203208122839,-7.341339815454148e-05
0.09075924532924216,-0.08176430607438608,0.471003810175651,-0.2248926756537629,0.22233953720592908,0.1357362340534842,-0.008009673186910394,-0.006866989603304208,2.2686640161977372e-05,0.04595105175826997,0.0005784319052346224,-7.445930477718447e-05
0.0884982080586561,-0.07952600184189323,0.47232713933196685,-0.22518587759582137,0.2228204829781277,0.1355629271522838,-0.0075331650757493865,-0.006858780436681462,2.1873541984029144e-05,0.04765025400215156,0.0008215237675402057,-7.492582659718547e-05
0.08396744320617781,-0.07503883767114077,0.4749719879160904,-0.22576896519357006,0.2236428973953273,0.1352266336933077,-0.0065388381818154585,-0.00683573709582487,2.022304115690836e-05,0.05030714534654355,0.001256519723838335,-7.40743317978261e-05
0.08169774765155882,-0.07279097274278956,0.47629367394649125,-0.22605835296635682,0.2239808033485708,0.13506630550481677,-0.006027913175391031,-0.006821340599443698,1.9405008849987374e-05,0.05109194316165989,0.0014401352510248016,-7.27539110914078e-05
0.07942520197336249,-0.07054093262420418,0.4776147800523789,-0.226346134347449,0.2242678511361049,0.13489260836021474,-0.0055140167416101015,-0.006804861494778502,1.859718065730963e-05,0.05138909413175944,0.0016483492614222251,-7.126962079571647e-05
0.0771498281571895,-0.06828923124215372,0.47893511907123504,-0.22663213916314123,0.22450356007143607,0.13469902536122866,-0.00499957327812347,-0.006786146241380858,1.7803380925624528e-05,0.05144380806043399,0.0018719168157255918,-6.953886612373176e-05
0.0748716495866262,-0.06603638180046362,0.4802546657688655,-0.22691611414907054,0.22468761575856627,0.13450230258052773,-0.004486704688056094,-0.006765197379350997,1.7031912093474787e-05,0.05128633741292423,0.002095228615900643,-6.72079476020931e-05
0.07259069148721571,-0.06378289528807564,0.4815734628767587,-0.22719781344315862,0.2248199007083571,0.1343098546563718,-0.00397771741563369,-0.006742111617881633,1.6292119513896635e-05,0.050898228714510704,0.002308868634437163,-6.420655803891534e-05
0.07030698103351284,-0.06152927873355842,0.48289157990977766,-0.22747700000226356,0.22490036824159673,0.13412521788824783,-0.003475914141897672,-0.0067170523301803755,1.5593048218205952e-05,0.05017985798434192,0.0025061719710331672,-6.056594980856661e-05
0.0680205472657824,-0.059276032055559216,0.48420909640271387,-0.2277534528254561,0.2249291760970323,0.13395046554344922,-0.0029855162189076656,-0.006690213618086596,1.4942855429562919e-05,0.04903935741965599,0.0026840673374415513,-5.634667194130811e-05
0.06573142092297682,-0.05702364354717158,0.4855260955677201,-0.22802697274661088,0.22490695725178372,0.13378700365305884,-0.0025106123853083128,-0.006661786480477336,1.4348610288009314e-05,0.04748998753735696,0.0028428664059252516,-5.161101662320824e-05
0.06114522096856713,-0.05252331103322112,0.48815886852341434,-0.2285645223316527,0.22471472451613209,0.1334963429417031,-0.0016185915463624175,-0.006600877904026135,1.3350915685649622e-05,0.04356488348374401,0.003107188633646379,-4.083175799660897e-05
0.05884821587775773,-0.05027625268157106,0.4894747914565135,-0.2288282508026896,0.22454813628502385,0.1333691644020929,-0.0012059630714596962,-0.006568755088187363,1.2956443231472447e-05,0.04126258832472466,0.0032123341582524097,-3.49097207348619e-05
0.05654865541655678,-0.048031819386401116,0.49079037622383104,-0.2290884809796844,0.2243372788174273,0.13324217548153777,-0.0008182922837643594,-0.006535682420846261,1.2633900803421445e-05,0.038766867919704885,0.0033072977472626726,-2.890615884442273e-05
0.05424657647880776,-0.045790395473007214,0.4921056598300587,-0.2293450895856244,0.2240842312103334,0.13312506452792808,-0.000458477279427888,-0.006501779792149659,1.238511828024915e-05,0.03598133864835411,0.00339027811558382,-2.2713426959747662e-05
0.05194201658824807,-0.043552337267930515,0.49342070995588305,-0.2295979775241444,0.22379146251678525,0.13302152660604796,-0.00012910785400085196,-0.0064671688124681315,1.2211808558571067e-05,0.03293683045900602,0.003461102957665502,-1.631376243389299e-05
0.0496350147632784,-0.0413179697905039,0.49473535482850584,-0.22984720603829986,0.22346190104826688,0.1329078873256505,0.00016821214726725123,-0.006431437116745434,1.2108527530904625e-05,0.029731933737230497,0.0035731694095175676,-1.039775122636716e-05
0.04732561065611207,-0.03908758591333515,0.4960495223108498,-0.23009266511987791,0.22309859767916065,0.13279434696340425,0.0004322506110295968,-0.006394441055153123,1.2075412758384674e-05,0.02640382529347607,0.003699605030965121,-4.4221468914652535e-06
0.045013844897023564,-0.03686144538100835,0.4973631863819369,-0.23033422754611907,0.22270468048646094,0.1326858235548539,0.0006615482910035794,-0.006356171612581006,1.2113959959522784e-05,0.022929792672719333,0.003826945818614049,1.7616876039947195e-06
0.04269975914904801,-0.034639773499495055,0.49867635214442274,-0.23057176449453826,0.22228336055195205,0.13258582208577263,0.0008542560888443745,-0.006316667414718247,1.2225472505031613e-05,0.01927085050227143,0.003950427121926019,8.156996005499987e-06
0.040383396114623965,-0.03242275913917128,0.49998904510409226,-0.2308051523510453,0.2218380709663937,0.13249673125424383,0.0010086846102328637,-0.006275978704483507,1.2410429705770472e-05,0.015442968623799286,0.004068886498884422,1.4705313312970895e-05
0.03574401420239591,-0.02800326593876343,0.5026131646566026,-0.23125899350934895,0.2208906138467969,0.13235572875469248,0.0011993936007799017,-0.006191417039534639,1.2997201009106388e-05,0.007554952417726109,0.0042767684062817515,2.792681465938377e-05
0.033421085794929424,-0.02580097020798211,0.5039246679101076,-0.2314792146299798,0.22039627016809896,0.13230379378591595,0.001235169314840198,-0.006147842299054995,1.339448054564838e-05,0.0035778165116179725,0.004357519180124264,3.44228970768398e-05
0.031096060735957304,-0.023603698016108083,0.5052358531912303,-0.23169483752361067,0.2198934279462593,0.13226457245079984,0.0012310244913594736,-0.006103624503288765,1.3854807542108592e-05,-0.0004142003657907391,0.004421832977333519,4.0579319662942233e-05
0.024108879969381436,-0.017041747827256287,0.5091671942560206,-0.23231393750662208,0.2183742810568012,0.13217337044356028,0.000982810811534889,-0.00596550103967243,1.558926482236822e-05,-0.012068777926868316,0.004733001998924618,5.853108447421781e-05
0.019441161382296953,-0.012691049202638471,0.5117858627128071,-0.2327028220491527,0.21739283140066212,0.13214230561488147,0.0006342846716045376,-0.005866716086586772,1.699119473661142e-05,-0.019170341415710723,0.005006198577259262,6.83728936755812e-05
0.017104575315056447,-0.01052240377897767,0.5130946363539699,-0.23288971617703227,0.21692277728919862,0.1321451757046823,0.0004091806433839931,-0.005815339689614814,1.7741915193483008e-05,-0.02250996442168331,0.005137678198488969,7.239028102603322e-05
0.014766241866671916,-0.008357935806649234,0.5144031299903413,-0.23307142440370343,0.21647131469098924,0.13216159123331905,0.00015273395881525663,-0.005762615797211491,1.8514927412368973e-05,-0.02564422110485578,0.005272410794779907,7.581860798980862e-05
0.012426215707672128,-0.006197387231683312,0.5157113282097605,-0.2332478550004453,0.21604171216673884,0.13218232957008824,-0.00013363843686993804,-0.005708472597360202,1.9305002523087813e-05,-0.028636786615632487,0.005414320796038289,7.895451774309367e-05
0.010084552594190183,-0.0040404705770043636,0.5170192862783801,-0.2334188528002983,0.21563712680668823,0.13221409802042777,-0.00044827517993267514,-0.0056529673945324545,2.0105423137416427e-05,-0.03146321987173313,0.00555049682953411,8.165572923183654e-05
0.007741309489371686,-0.0018868707100503056,0.5183270858480196,-0.23358426165943094,0.215260512004251,0.13225924607534237,-0.0007896705913637198,-0.005596273533420123,2.0908910754112054e-05,-0.03413908954576751,0.005669335376381495,8.385667262219587e-05
0.0053965444235596575,0.0002637538124065156,0.5196348170291287,-0.23374394966397186,0.21491471281863572,0.13231829478372184,-0.0011560990689625677,-0.0055385671414952525,2.17080307919663e-05,-0.03664240326845455,0.005770558816008982,8.55248954029572e-05
0.0030503163069293972,0.0024117692983716367,0.5209425702708581,-0.23389782207550316,0.21460253634311235,0.13239076504084657,-0.0015450194810475903,-0.00547992050415303,2.2495227189073185e-05,-0.038891608015222026,0.005864552184287047,8.663894854935985e-05
0.0007026850242705523,0.004557565403398989,0.522250316827089,-0.23404592284770215,0.21432701592406278,0.13246351359329267,-0.001951215143262704,-0.005419768978172522,2.326656648636515e-05,-0.040619146414135235,0.006015008695938258,8.764785528849374e-05
-0.001646288041645599,0.0067015484988023405,0.5235580105399957,-0.2341881500974949,0.21409042240702333,0.13253380562333178,-0.002370182342831882,-0.005357829645823731,2.4012901189101736e-05,-0.04189631838690971,0.006193757656227902,8.80154277275256e-05
-0.003996539836194427,0.00884413706611844,0.5248656156352551,-0.2343243369591809,0.2138944224701439,0.13260197834883328,-0.0027984728429798285,-0.005294066432186271,2.4724175504759806e-05,-0.04282867185025088,0.0063761164054166155,8.760467220939618e-05
-0.006348005273413364,0.010985757564521099,0.5261729971222332,-0.2344543229720916,0.21374001919809169,0.13265790128735527,-0.003234793032236308,-0.005228552673058406,2.539377590567072e-05,-0.04363166732196274,0.006551144271282594,8.672187715148931e-05
-0.008700618378403902,0.013126845359332012,0.5274802429707017,-0.23457788573447202,0.2136285281848994,0.1327231638482775,-0.0036754293740000523,-0.005161423010545676,2.6010924030692192e-05,-0.04406331428305103,0.006712713119508555,8.490761222095466e-05
-0.0110543117307615,0.015267841629414735,0.5287873725314763,-0.23469497782593782,0.21356153965761962,0.13278925899056535,-0.004112892077666464,-0.005092233403808608,2.6565857260487295e-05,-0.04374598656079714,0.006918692284257975,8.243565175742209e-05
-0.013409015845409857,0.01740918458688583,0.5300943688499402,-0.2348054427884606,0.21353976487389026,0.1328509612679906,-0.004539684897994809,-0.005020766472587979,2.7044787590978767e-05,-0.042679040510580156,0.007146419210628458,7.881053415497684e-05
-0.015764658986645922,0.019551301820940652,0.5314011946432676,-0.2349090646536372,0.2135630282660736,0.13290488845526632,-0.00494922330578423,-0.004947046102697298,2.7434713855943936e-05,-0.04095364701654608,0.007371769179672684,7.396786487640847e-05
-0.018121166969643165,0.021694602828933304,0.5327077158216362,-0.2350056215572318,0.21363013360470423,0.13294055286372808,-0.005337327967773208,-0.0048712605385859585,2.7727505563750576e-05,-0.03881032295068334,0.0075783057304464425,6.825686473526568e-05
-0.02047846358470293,0.023839475416827294,0.534013768892634,-0.23509489041648754,0.21373935986785797,0.13295443686721406,-0.005700880648437725,-0.004793656014415835,2.791830770338348e-05,-0.036355176262889664,0.007760229051810403,6.191023057001872e-05
-0.02283647108274766,0.025986283203716834,0.5353192256396663,-0.23517667716012683,0.2138887170519851,0.1329494293644987,-0.0060366326828189066,-0.0047143856226238,2.8003739659704846e-05,-0.033575163139149676,0.00792685264561271,5.506454974529831e-05
-0.025195110223356354,0.028135362230044494,0.5366239494394357,-0.23525083113231754,0.21407592459390443,0.13292396122518393,-0.006341123613041145,-0.004633469947157103,2.798096519967145e-05,-0.03044910390206014,0.008091426777474672,4.7800028958541e-05
-0.027554300232633003,0.03028701672501317,0.5379277744210401,-0.2353172182430725,0.21429812774269558,0.13287460527418782,-0.006612119969349275,-0.004550837192874228,2.784940705798417e-05,-0.027099696209968147,0.00826318740491161,4.03623364075704e-05
-0.029913958929794753,0.03244151802397142,0.5392306362627967,-0.2353756218125457,0.2145522862695638,0.13281104262429289,-0.0068472835364994464,-0.004466688013511981,2.7608067500113775e-05,-0.023516465637302357,0.008414889860399462,3.249629678681806e-05
-0.0322740026899372,0.034599101342022105,0.5405324731467959,-0.2354258495028481,0.21483497522816536,0.13273326173631755,-0.0070451747979163384,-0.004381361313311703,2.7258850446241738e-05,-0.0197892807002531,0.008532706786556345,2.4348883694381083e-05
-0.03463434674980878,0.036759964645282785,0.5418332124648411,-0.23546773236166751,0.21514266492574505,0.13263993155790996,-0.0072043441374179855,-0.0042952937131953564,2.6805073004183436e-05,-0.015917130846669358,0.008606864895838735,1.5944410671562154e-05
-0.03699490563346974,0.0389242667778782,0.5431327214304809,-0.23550118659927113,0.21547162612997992,0.13252480750748716,-0.0073236936255561035,-0.004208751614834877,2.6251460461469467e-05,-0.011935184224578692,0.00865438367199858,7.504497566667651e-06
-0.03935559361815523,0.041092126759257074,0.5444308885972339,-0.2355261614954583,0.21581793912810882,0.1323898445089022,-0.007402574255243327,-0.004121828735387774,2.5605184885811697e-05,-0.007888332164562726,0.008692528181526998,-6.233429996154856e-07
-0.04171632475364724,0.04326362301579494,0.5457276300924386,-0.23554259862421134,0.2161774904483153,0.13223780387270292,-0.0074411531670033355,-0.0040346745235481105,2.4876215318189602e-05,-0.0038581884677885148,0.008715722173623073,-8.210268507457841e-06
-0.04407701300216999,0.04543879368061777,0.5470229205844988,-0.23555041524960074,0.2165460605894226,0.13207476816314156,-0.0074404303877798105,-0.003947638987367505,2.4078799762238384e-05,7.195966214867746e-05,0.008703906016991166,-1.4977980474929081e-05
-0.04643757256304622,0.047617637528265644,0.5483167566938896,-0.23554957063549198,0.21691949402136163,0.13190326453639814,-0.007401820220198777,-0.0038611274737625437,2.3225426036918437e-05,0.003860683569622924,0.008651546434426734,-2.1133683280314347e-05
-0.04879791834432075,0.049800115578546834,0.5496091784101814,-0.23554007160198662,0.21729375678434137,0.13172798993039667,-0.007326912149840729,-0.0037754897050263658,2.2327453224408e-05,0.007490464166409642,0.008564205951707987,-2.67279729502303e-05
-0.05115796624666394,0.051986152344070516,0.5509002146542705,-0.2355219945875155,0.21766495046295345,0.13154821799155483,-0.0072175274781105785,-0.003690928262796269,2.1394659980249574e-05,0.010938118953517198,0.008456598976367698,-3.178181044065985e-05
-0.05351763340912779,0.054175637701298386,0.5521899204233636,-0.2354954369939313,0.21802926585054017,0.13136704521030274,-0.007076038060587967,-0.003607569150917486,2.0436161412527643e-05,0.014148591996672457,0.008336383337582597,-3.627233158531803e-05
-0.05587683821129835,0.056368429060999245,0.5534783301682497,-0.23546050805253796,0.21838309744252482,0.13118300600252777,-0.006905188242827527,-0.003525582432805964,1.9461033002776343e-05,0.01708463403139903,0.008199153182034147,-4.0196562148404716e-05
-0.058235500476716044,0.05856435446165532,0.5547654997704003,-0.23541730723703272,0.218723114619509,0.13099888131939486,-0.006707776258968725,-0.0034452529400575364,1.8478965369135147e-05,0.019740856159091005,0.008033431676342413,-4.3528187775148336e-05
-0.06059354171852816,0.06076321526414312,0.5560514645541658,-0.23536596941075413,0.2190463086701732,0.13081323564608408,-0.0064864382426591885,-0.003366897508971153,1.7499402874052427e-05,0.022133468075603038,0.007836018872133718,-4.6262006728875254e-05
-0.06295088555522162,0.06296478887163058,0.5573362814206988,-0.23530666636469463,0.21934989128210544,0.13062888233450193,-0.0062440066882250966,-0.003290758778569675,1.6531009083367567e-05,0.02424283320108548,0.007614335254841288,-4.8373212707280445e-05
-0.06530745791549317,0.06516883122895911,0.5586199844887033,-0.2352396216393592,0.21963129105516382,0.13044428730073904,-0.00598380464701185,-0.003216955601069583,1.5581041846834166e-05,0.0260198951629007,0.0073807606730084815,-4.9872160351951186e-05
-0.06766318717833997,0.0673750803327974,0.5599026249473514,-0.23516506477436572,0.21988821063648456,0.13026199474353256,-0.005709573167888407,-0.0031455677994738996,1.4655939148517588e-05,0.027422853785315008,0.007139199087793783,-5.077023208931636e-05
-0.07001800416505465,0.06958326004903735,0.5611842273235386,-0.23508323259818498,0.22011879188643638,0.13008014728414521,-0.005424829913316503,-0.003076721302049987,1.376153899182895e-05,0.028474047389205084,0.006885041050276283,-5.111016267705614e-05
-0.0723718422953806,0.07179308397382361,0.5624648316213983,-0.23499435464977567,0.22032161237279452,0.12990100578708225,-0.005132540932760642,-0.003010616105876638,1.2903425888840163e-05,0.029228637082878157,0.006610880557788521,-5.09150263771466e-05
-0.0747246377693314,0.0740042582265569,0.5637444511799881,-0.23489869313592712,0.22049559926560824,0.12972254236149602,-0.004835317749122776,-0.0029474411047044845,1.2086279637535124e-05,0.029722075152747055,0.006317828983732385,-5.022740440604141e-05
-0.07707632973137207,0.07621648426779598,0.5650229950900361,-0.23479656537763635,0.22064012870869396,0.12953471815738626,-0.004534738052591682,-0.0028872599952961806,1.131100518969463e-05,0.03005774370500121,0.0060184081788809424,-4.933135008988281e-05
-0.0794268605613572,0.07842945986286139,0.5663005571644865,-0.234688234473651,0.22075423368198843,0.1293569137020343,-0.0042347498088582715,-0.0028301240008606833,1.058192700188221e-05,0.029998616177595555,0.005713864264480104,-4.7854230373097226e-05
-0.08177617570521363,0.08064288339457565,0.5675771852933719,-0.23457401759259144,0.2208375331432854,0.12918537757528098,-0.003938997160489217,-0.0027760650306148248,9.901950298536277e-06,0.029575074448832075,0.005406129834992278,-4.590368014345606e-05
-0.08412422368506442,0.08285645774564462,0.5688528776821902,-0.23445422892727777,0.22089014196515994,0.12901580392934792,-0.0036502748971558832,-0.00272514721031642,9.27301274284836e-06,0.028872053538166017,0.005091984082524963,-4.357165213546421e-05
-0.08647095620033152,0.08506989326079856,0.5701276395832416,-0.23432917206240492,0.22091255143817526,0.12884939099938023,-0.003370575530865548,-0.002677470818995023,8.69653907994087e-06,0.0279697810882143,0.004767812169299282,-4.0910394933966186e-05
-0.08881632822427685,0.08728290952709969,0.5714014474608446,-0.23419917423606437,0.22090548152476647,0.1286836794860961,-0.0031015991005493935,-0.002633103272398956,8.173122664553082e-06,0.026897504211860063,0.004436900850282695,-3.798348289055763e-05
-0.09116029810726924,0.08949523692775749,0.5726742912621028,-0.2340645692501616,0.22086975590313046,0.12852048542472727,-0.002845338104690035,-0.002592053182669285,7.702788266311594e-06,0.025625976847770873,0.004105130711777393,-3.482697437299508e-05
-0.09350282755618668,0.09170661863029275,0.5739461355984468,-0.2339257055381105,0.2208063898464254,0.12835776246070946,-0.002603939723379679,-0.0025542792837046934,7.284898207714654e-06,0.024139730718319385,0.003777489762842543,-3.149670186474506e-05
-0.09584388159082417,0.09391681298291271,0.575216962720751,-0.23378291466020257,0.2207166731259164,0.1281976811783436,-0.00237919110043436,-0.0025197512149368623,6.918571598595779e-06,0.022474769451614373,0.0034528874538780553,-2.8029544208755875e-05
-0.09818342848148534,0.09612559547998152,0.5764867338741242,-0.23363652889681227,0.220602206399633,0.12803837098951482,-0.002172072314064265,-0.0024884623154090707,6.602519877746942e-06,0.020711799568408032,0.003128953789782687,-2.4484796255490943e-05
-0.1005214397605756,0.09833275967725136,0.5777554340119658,-0.23348686830367746,0.2204647343736841,0.1278823247110737,-0.0019830750013556117,-0.0024604230833243325,6.335418492313452e-06,0.01889966523448308,0.0028039726619456576,-2.0884646417631627e-05
-0.10285789022404807,0.10053811752985103,0.5790230233518343,-0.2333342695522856,0.22030605722914437,0.12772716002859252,-0.0018126052536225146,-0.0024356105697814537,6.1154987146710495e-06,0.017046920977912737,0.0024812886320547353,-1.728285676696836e-05
-0.10519275791659388,0.10274149969944313,0.5802894579802997,-0.23317906751615564,0.22012797937301337,0.12757257981603973,-0.0016612386714682673,-0.0024139641508747665,5.940714215933611e-06,0.015136615862842427,0.002164668990300828,-1.37185600151258e-05
-0.10752602406453957,0.10494275619696791,0.5815547125571763,-0.23302158596017022,0.21993237406965593,0.12742053840024117,-0.0015294896961394262,-0.002395415131539653,5.8090130733502745e-06,0.013174865881934505,0.0018549205881127583,-1.021081658864793e-05
-0.10985767298195971,0.10714175704995658,0.5828187558138656,-0.23286214286501924,0.21972124435665025,0.12727044040942034,-0.0014174158363571,-0.0023799128356000554,5.71879117848109e-06,0.011207364448026997,0.001550241207329316,-6.7379647293974905e-06
-0.11218769203198227,0.1093383924084701,0.5840815799840885,-0.2327010452517758,0.21949667257426161,0.12712450524563823,-0.0013245021949297264,-0.0023674069160490073,5.668757484382494e-06,0.00929135227313561,0.001250597640601987,-3.2888408377095243e-06
-0.11451607156594251,0.11153257192572372,0.5853431942691837,-0.23253859590842,0.21926071548804024,0.12698423595539926,-0.0012499562318974726,-0.0023578464795342077,5.657052502114639e-06,0.007454593541229793,0.0009560443667838823,6.015298747127964e-08
-0.11684280487251066,0.11372422385319766,0.586603616814247,-0.232375096824409,0.21901533824420247,0.12685033079027203,-0.0011929989226260784,-0.0023511625601791075,5.681424816501853e-06,0.005695736667146317,0.0006683884601461483,3.2536484252811424e-06
-0.11916788810160696,0.11591329425711354,0.5878628688883983,-0.23221084551059065,0.21876242658739975,0.12672290384396012,-0.0011528591700521243,-0.002347272346973693,5.7393729333790595e-06,0.004013988871194622,0.0003890142561372748,6.251086014479036e-06
-0.12149132016999596,0.11809974632014505,0.5891209701572383,-0.23204613083821746,0.2185038199578398,0.12660155550759566,-0.0011285776149122927,-0.0023460951032201493,5.828261039247165e-06,0.0024281763733104444,0.0001177141591696159,9.023070660355694e-06
-0.12381310267312853,0.12028355942205546,0.5903779355174027,-0.2318812325731035,0.21824130148107873,0.12648550918597487,-0.0011189087435229392,-0.002347557745540669,5.9453984133127575e-06,0.0009669146290261165,-0.00014627730289598875,1.154933435489358e-05
-0.12613323983980937,0.12246472813955206,0.5916338153721035,-0.23171642099909873,0.217976654370604,0.12637782616896884,-0.001121770019291455,-0.0023515524442122866,6.087158839599264e-06,-0.00028609426948911486,-0.00039948549839505574,1.3728452873106383e-05
-0.12845173838252774,0.12464325978745772,0.5928886185582207,-0.23155196894303837,0.21771139036145143,0.12627392002912777,-0.0011353400951130245,-0.0023579750502090886,6.2500537601719245e-06,-0.001356969224307866,-0.0006422785742277997,1.5564610228459877e-05
-0.1307686073990825,0.12681917262552733,0.5941423366939671,-0.23138813342748182,0.21744681853795883,0.12617167528069156,-0.0011579540080243528,-0.0023667229572027887,6.430736239035374e-06,-0.0022613486077623255,-0.0008748108421844646,1.7065109636566383e-05
-0.13308385826428878,0.12899249422663814,0.5953949521997989,-0.23122515728901294,0.2171840802950996,0.1260697880718397,-0.0011879704646686423,-0.002377704938052341,6.625999867088621e-06,-0.0030015993439875487,-0.0010982202332338775,1.8238149847527894e-05
-0.13539750453397864,0.1311632598363909,0.5966464409221598,-0.2310632715387586,0.21692415604359774,0.1259672149009227,-0.0012237172099482474,-0.0023908423463069577,6.832779563140306e-06,-0.0035746252264499292,-0.0013137648048871812,1.9093729906270965e-05
-0.13770956186758465,0.1333315106511772,0.5978967733500699,-0.2309026993132534,0.2166678490354435,0.1258630428047523,-0.0012635560525543128,-0.0024060552490359904,7.048122433002734e-06,-0.003983832612298207,-0.0015213158775406088,1.9642276576929266e-05
-0.14002004795043693,0.1354972921227897,0.5991459152496974,-0.23074365769523303,0.21641577868605524,0.1257564441351754,-0.001305957709030537,-0.0024232488622061375,7.269164022656731e-06,-0.004240112274456653,-0.0017193882968343005,1.9895115613590074e-05
-0.14232898239379305,0.1376606524112223,0.6003938275528529,-0.23058635490573615,0.21616839817387315,0.12564659859593896,-0.001349480734707216,-0.0024423195690053694,7.49314254770819e-06,-0.004352248079266634,-0.0019070987374667308,1.9865712833565504e-05
-0.1446363866184168,0.1398216409542436,0.6016404657800688,-0.23043098596313763,0.2159260158688287,0.125532635053357,-0.0013926945229742259,-0.002463177310304957,7.717438882784523e-06,-0.004321323813179911,-0.0020858029229085875,1.9569766752700813e-05
-0.1469422837532919,0.1419803070156765,0.6028857772698464,-0.23027773321529163,0.2156887914148804,0.1254134184328347,-0.0014341959047395386,-0.0024857578316342826,7.939646535106173e-06,-0.004150083192620071,-0.002258081285643455,1.902904309505325e-05
-0.14924669857322448,0.1441366982273676,0.6041297022598417,-0.23012677138753207,0.21545672279012756,0.12528795115443175,-0.0014727029008228156,-0.0025100061209215405,8.157574559571785e-06,-0.0038506451730109135,-0.0024248580426771676,1.826834652808977e-05
-0.1515496574530472,0.14629085925085653,0.6053721756997136,-0.2299782726903051,0.21522964755443819,0.12515545759005667,-0.0015071391910415886,-0.002535847407860492,8.369203482409698e-06,-0.0034435756298468296,-0.0025841573571409927,1.731265514408693e-05
-0.1538511882955248,0.14844283068513217,0.6066131284495616,-0.22983240527055165,0.21500727009213721,0.12501531624874787,-0.0015366138782282892,-0.00256317949964626,8.57269068444911e-06,-0.00294741683960374,-0.002733236981967575,1.6189025201564404e-05
-0.1561513204173484,0.1505926481917094,0.6078524879425907,-0.2296893256258127,0.21478919444472294,0.12486699350615356,-0.0015603334250138949,-0.002591900790637169,8.76642110943591e-06,-0.002371904743932277,-0.002872155654671756,1.4925540464331135e-05
-0.15845008443085543,0.15274034170473555,0.6090901789552199,-0.22954917379994833,0.21457493778771589,0.12471005358625008,-0.001577561447769271,-0.002621945048391423,8.949063454909464e-06,-0.0017227546621824937,-0.0030044507334371197,1.3550365823520774e-05
-0.16074751217347505,0.15488593466450518,0.6103261244245622,-0.2294120782116616,0.21436392621211095,0.12454417432030652,-0.0015876709328232908,-0.0026532810027184964,9.119559981571101e-06,-0.0010109035350767818,-0.0031336184916383714,1.2090295213557582e-05
-0.16304363668867644,0.15702944335340255,0.6115602460307707,-0.22927816577288948,0.21415549660915417,0.12436912899866791,-0.0015902118109384473,-0.0026858730486754765,9.277057040126756e-06,-0.00025404576651277854,-0.0032592255069361247,1.0570947011752224e-05
-0.16533849220462793,0.15917087644016736,0.6127924655585012,-0.22914756578950252,0.21394891882631678,0.12418485379803032,-0.001584899820628779,-0.0027196463959315285,9.42072190426524e-06,0.0005312378600816326,-0.0033773532774403004,9.004710705138882e-06
-0.16763211405629247,0.16131023471860825,0.614022707621091,-0.22902040200424698,0.2137434240149898,0.12399157189696255,-0.0015715432753413215,-0.002754502696374443,9.549417609299053e-06,0.0013356897536954788,-0.003485646014697547,7.36841211016118e-06
-0.16992453857418097,0.16344751092869575,0.6152509022543096,-0.22889678432760197,0.21353821740531656,0.12378978183490537,-0.0015500085271419202,-0.0027903584751959275,9.662396987176845e-06,0.002153506142731507,-0.003585591148943118,5.701599329959446e-06
-0.17221580298214606,0.16558268960391917,0.6164769833889729,-0.2287768062835672,0.2133324756069117,0.12357986433580928,-0.0015202688915922817,-0.0028271822785567806,9.759314156237441e-06,0.002973990776954554,-0.003682390875932378,4.03870488148975e-06
-0.17450594536897912,0.1677157470270342,0.6177008876956814,-0.22866055489980827,0.21312535241307287,0.12336212358041256,-0.00148244589223233,-0.0028649741539639967,9.840136169351774e-06,0.0037823229389922154,-0.003779195416782638,2.408250452069421e-06
-0.1767950047114427,0.16984665136703364,0.6189225547434376,-0.22854812305114405,0.2129160017800242,0.12313689612387411,-0.0014367693959044605,-0.0029037047513157427,9.904905461537058e-06,0.004567668315217627,-0.003873065064713657,8.237497896712775e-07
-0.17908302086734287,0.1719753629410969,0.6201419295565427,-0.22843961085207917,0.21270359903600983,0.12290476577961569,-0.0013835045284543866,-0.00294327431049398,9.953250000437367e-06,0.005326500879721971,-0.0039569588027784435,-7.454195243309089e-07
-0.18137003446198413,0.17410183449019792,0.6213589635511657,-0.22833510915190164,0.21248734391370933,0.12266641087871721,-0.0013229425601028037,-0.002983561760792172,9.985237148287788e-06,0.006056206316124578,-0.004028745672020488,-2.2530931544797116e-06
-0.18365608673997097,0.17622601144569516,0.622573611518605,-0.22823468922783083,0.2122664510391259,0.12242223982560206,-0.0012554760458551723,-0.0030244901341713423,1.0001345771231611e-05,0.00674665626638708,-0.00409283601627431,-3.665668825088971e-06
-0.18594121947342698,0.17834783229331877,0.6237858294996227,-0.22813840537407298,0.21204015142751687,0.12217249977069107,-0.0011816658457491896,-0.003066050398392527,1.00023642858855e-05,0.007381020324113997,-0.004156023463986755,-4.962560881195057e-06
-0.1882254749668694,0.18046722915379582,0.6249955738601662,-0.2280463101653592,0.211807721453768,0.12191737302950145,-0.0011021814338780123,-0.0031082536011686197,9.989259280781013e-06,0.007948437145594569,-0.004220316033457842,-6.129775862200731e-06
-0.1905088960959202,0.18258412851699454,0.6262028009696011,-0.22795846633495023,0.21156851686941916,0.12165698869569581,-0.0010176480373620075,-0.0031510599361842767,9.963048291019835e-06,0.008453331453507539,-0.004280628323442878,-7.158190351605726e-06
-0.19279152627012072,0.18469845203874696,0.6274074683472853,-0.2278749383676824,0.21132201988122606,0.12139149868862736,-0.000928308289790299,-0.0031943818018406,9.92443167845539e-06,0.008933962511160385,-0.004332180762728401,-8.076762265985697e-06
-0.19507340935454148,0.18681011648186902,0.6286095393424863,-0.22779578608025608,0.21106766439380725,0.12112158758690351,-0.0008347537006387301,-0.003238091475196747,9.874459459656301e-06,0.009355442849760075,-0.004370961237577588,-8.850336790057138e-06
-0.19735458948376403,0.18891903443881314,0.6298089696514573,-0.2277210469754278,0.21080494874872502,0.12084662311813713,-0.0007376550191903218,-0.0032821266060600015,9.814311834871955e-06,0.009709848543722846,-0.00440350700247594,-9.476789500111033e-06
-0.19963511099974113,0.191025114965539,0.6310057121237401,-0.2276507424591665,0.21053341832046174,0.1205664977372814,-0.0006378189851680712,-0.0033264941151321605,9.745271021079567e-06,0.00998358059733125,-0.0044367451160535155,-9.955359597948553e-06
-0.20191501848582102,0.19312826444124948,0.6321997187361754,-0.22758489681248417,0.21025270671667998,0.12028129775321433,-0.0005360385716624004,-0.003371200290822211,9.668640970452421e-06,0.0101780156971683,-0.004470612307894763,-1.0286894746975181e-05
-0.20419435680312417,0.1952283874424796,0.633390941101502,-0.22752354618517243,0.2099625590429302,0.11999110307948208,-0.00043291247607114467,-0.003416181685153174,9.58567048986989e-06,0.010312581410701877,-0.004498134892247106,-1.047623769486918e-05
-0.20647317103003462,0.19732538736269023,0.6345793300287639,-0.22746672840524085,0.20966280607589927,0.11969589426004101,-0.0003288465746462265,-0.0034613111997782173,9.497535653995845e-06,0.010406559844607997,-0.004512947785178586,-1.0532321624793352e-05
-0.20875150631240028,0.1994191666851529,0.6357648296978804,-0.2274144696247492,0.2093532863886189,0.11939510140192401,-0.0002244144916788722,-0.0035064501609332376,9.405422832594105e-06,0.01044317621528338,-0.0045138934016040605,-1.0459907377132579e-05
-0.21102940768766773,0.20150962759455365,0.6369473802903028,-0.22736676691711877,0.20903389122520205,0.11908845262691961,-0.00012026417395477592,-0.0035515481983264016,9.310573667204539e-06,0.01041499830963232,-0.004509802044610464,-1.0262073916552433e-05
-0.21330692004706361,0.20359667261648484,0.6381269221562101,-0.2273236046530549,0.20870456963428569,0.11877611806789208,-1.710042281437394e-05,-0.003596617639463688,9.214182056354425e-06,0.010316340672103474,-0.0045069434478216845,-9.948646792602607e-06
-0.21558408818232944,0.205680205402853,0.6393033968918151,-0.22728497434865189,0.20836536739981046,0.11845833875356329,8.45180026547572e-05,-0.003641646956219908,9.117312140348763e-06,0.010161807497229855,-0.004502932006171357,-9.535139791335806e-06
-0.217860956800374,0.20776013136203167,0.6404767470460527,-0.22725087864529722,0.20801642711325374,0.11813524895426508,0.00018431194336983734,-0.0036865437612994666,9.02086923558719e-06,0.009979358742268936,-0.004489681770068944,-9.040745380030452e-06
-0.2201375704241681,0.2098363579243044,0.6416469158696595,-0.22722131589109695,0.20765793978745883,0.11780690856090092,0.00028218449390887397,-0.003731167938402871,8.925617865771979e-06,0.009787219734437245,-0.004462419816741756,-8.484220250482334e-06
-0.22241397322353695,0.2119087945603585,0.6428138488994929,-0.2271962617894266,0.20729009328424183,0.11747355434572486,0.00037799380035227395,-0.0037754212564013426,8.832373575067043e-06,0.009580895654421781,-0.004425334642428641,-7.863608922956136e-06
-0.22469020889827757,0.2139773528783698,0.6439774941088949,-0.22717567015377188,0.20691306744132462,0.11713548892460868,0.0004714436144037193,-0.003819290507290748,8.741967002890354e-06,0.0093449470814348,-0.004386928538471462,-7.177382132192632e-06
-0.22696632067760023,0.21604194696444573,0.6451378010840702,-0.22715949035057306,0.206527073050261,0.1167929472599842,0.0005622068273457999,-0.0038628021968799037,8.655209135787799e-06,0.00907628797642189,-0.0043511728667979255,-6.426927802125483e-06
-0.229242351382832,0.21810249378991217,0.6462947218210034,-0.22714768331506413,0.2061323823194212,0.11644619680504256,0.0006501289269792298,-0.003905934980985795,8.572740062772886e-06,0.008792177935059814,-0.004313282621963761,-5.632272919793574e-06
-0.23151834342384747,0.22015891340507018,0.6474482103083186,-0.22714021905186033,0.20572931465898378,0.116095395802021,0.0007352925222645651,-0.003948587417643467,8.495054288323676e-06,0.00851632902452644,-0.00426524802828113,-4.813935883847338e-06
-0.2337943386646403,0.2222111288740301,0.6485982087022403,-0.22713706457098823,0.20531819876675209,0.11573927978424714,0.0008179268905564507,-0.003990614353753099,8.422425251720876e-06,0.008263408003136885,-0.004202697988196403,-3.998991927996041e-06
-0.23607037829193406,0.22425906584898825,0.649744678113528,-0.22713815220017397,0.20489930502607592,0.11537971272813141,0.0008981064452970591,-0.004031949565303268,8.355093068760962e-06,0.008017928469591713,-0.0041335254145596564,-3.186532038010132e-06
-0.23834650271315796,0.226302652548559,0.6508875792994065,-0.22714340330643665,0.20447288611149864,0.11501666914832326,0.0009757821387196008,-0.004072598264758232,8.293146597892712e-06,0.007767544243821529,-0.004064873968909886,-2.386037373570973e-06
-0.24062275158698263,0.22834181984884105,0.6520268739478267,-0.22715274073450947,0.20403920597468825,0.11465025033763818,0.0010509215674997237,-0.004112574692795653,8.236712049434537e-06,0.007513919785285029,-0.003997646473298934,-1.5923866382578553e-06
-0.24289916385676394,0.23037650144982486,0.6531625138131153,-0.2271661049210032,0.20359857363815112,0.11427939892118878,0.0011237503115311494,-0.004151807515568229,8.186170287371963e-06,0.007282853521599051,-0.003923285456654352,-7.882050891535854e-07
-0.2451757777018835,0.2324066335797774,0.6542944535280631,-0.22718343274419006,0.2031512858813773,0.11390429650644564,0.0011946379949869372,-0.004190167509822473,8.14174152766264e-06,0.007088749817420727,-0.003836002001138529,3.832770394175428e-09
-0.24745263038917703,0.23443215457951197,0.655422650365768,-0.2272046451947192,0.20269759753027264,0.11352510296619213,0.0012639554673061473,-0.004227533691877363,8.103352372839178e-06,0.0069317310773225034,-0.0037366201039581563,7.545328092555244e-07
-0.24972975812640325,0.2364530044778249,0.6565470628372284,-0.22722964104592142,0.2022377047247252,0.11314188220609796,0.0013319361390913922,-0.004263855399347821,8.070660766246698e-06,0.0067980533013266165,-0.003632171933205122,1.4452310139762926e-06
-0.25200719601253,0.2384691247532805,0.6576676501398775,-0.22725830743153783,0.2017717655337912,0.11275468180079837,0.0013986904576293023,-0.004299142275788299,8.043170572005565e-06,0.006675420086382344,-0.0035286881107384335,2.0687710050977046e-06
-0.2542849780741885,0.2404804582694959,0.6587843722695426,-0.2272905360150922,0.2012999337385523,0.11236355459982668,0.0014643492465640834,-0.004333395478907758,8.02039065852296e-06,0.006565869063444277,-0.003425320065418382,2.625444558642839e-06
-0.2565631372916606,0.2424869491884743,0.6598971898234877,-0.22732622810557915,0.2008223692993585,0.11196849275097907,0.001529177522230851,-0.004366553632195608,8.001953921248641e-06,0.006482819549038733,-0.00331581437613603,3.1193349032572067e-06
-0.25884170553541724,0.2444885426969312,0.6610060631584811,-0.22736528395422392,0.2003392148250548,0.11156937542095362,0.0015935347238224971,-0.004398510127817533,7.987565085084665e-06,0.00643571385545283,-0.003195647915477047,3.550676941239528e-06
-0.2611207134372711,0.24648518459272242,0.662110951894351,-0.22740758864043975,0.19985056548202215,0.11116604724101069,0.0016577314557502736,-0.0044291792139269665,7.9768848831534e-06,0.006419668480922516,-0.003066906296522397,3.917657549320551e-06
-0.2634001902887024,0.2484768209253369,0.6632118148293311,-0.22745300996700135,0.19935646321762443,0.11075838939986876,0.001721927219144772,-0.00445853824536449,7.96946932634241e-06,0.006419573046296666,-0.0029359002067964935,4.219625605261771e-06
-0.2656801640283975,0.2504633978368194,0.6643086104150708,-0.22750141003320423,0.19885692177904035,0.11034636129840532,0.0017861718443729344,-0.004486602452741972,7.964831891247263e-06,0.006424460450907289,-0.002806417235558851,4.458860301523355e-06
-0.2679606612852086,0.252444861554083,0.665401297839344,-0.22755265722577345,0.19835195770025302,0.10993001932668026,0.0018505465105918882,-0.004513364450870605,7.962528082260333e-06,0.0064374655874118005,-0.0026761958089876253,4.635911626251438e-06
-0.27024170738808856,0.2544211583418672,0.6664898369650091,-0.2276066268044703,0.1978415955922599,0.1095093783104191,0.0019152502394400432,-0.004538762869577128,7.962249331860772e-06,0.006470372760909122,-0.002539837422345722,4.754386602995803e-06
-0.27252332629825354,0.25639223428691704,0.6675741879251552,-0.22766318988824746,0.19732584462048275,0.10908439570436092,0.001980541998102756,-0.004562712466566852,7.963758400740288e-06,0.006529176555326046,-0.0023949548628198944,4.816034793974992e-06
-0.27480554050513023,0.2583580349849371,0.6686543107650039,-0.22772220370836035,0.19680467341696958,0.10865501670487855,0.0020466006575380067,-0.00458515992467104,7.966747608002048e-06,0.00660586731316675,-0.002244740659220766,4.818869743970452e-06
-0.27708837099764894,0.2603185052662841,0.6697301785275737,-0.22778351021434945,0.1962780071467686,0.10822254213643162,0.002113434003256015,-0.004606109400876108,7.970982817066568e-06,0.006683336520629104,-0.0020949422089677045,4.781039735604257e-06
-0.279371837215825,0.2622735893266744,0.6708017486453749,-0.22784695907561112,0.19574577129174714,0.10778542555687241,0.0021809864514412353,-0.004625570071777757,7.976209712994572e-06,0.006755247233733708,-0.0019460614828437641,4.701294770701145e-06
-0.28165595712173264,0.2642232307594675,0.6718689804863934,-0.2279124021337945,0.19520790431684315,0.10734385721102815,0.002249259530335355,-0.004643521886552059,7.982325442634436e-06,0.006827310726416095,-0.0017951757195605596,4.588109409878398e-06
-0.2839407471880675,0.26616737258686674,0.6729318348313483,-0.22797969444448235,0.19466436086049319,0.10689794217069006,0.0023183775677885973,-0.004659905349549173,7.989397431102635e-06,0.006911807037750464,-0.0016383404129677766,4.4488717703655055e-06
-0.2862262223303932,0.26810595711090046,0.6739902735241002,-0.22804868488133329,0.19411508440188202,0.10644774222501918,0.002388502609435717,-0.004674655364888069,7.997587469189531e-06,0.007012507990092967,-0.0014749955225898336,4.290317159157968e-06
-0.2885123958303741,0.27003892569582394,0.6750442592085258,-0.22811921121515613,0.193559984981319,0.105993321211802,0.0024596896950103077,-0.004687738684824659,8.007057934294716e-06,0.007118712993759666,-0.0013083258547654678,4.118552799651676e-06
-0.2907992793037142,0.271966218684806,0.6760937552273906,-0.22819110448728583,0.1929989475844942,0.10553477085983327,0.0025318365082768308,-0.004699154820420185,8.017951010845535e-06,0.007214686442370462,-0.0011416072862280957,3.938486307726739e-06
-0.29308688271364686,0.27388777553520305,0.6771387253421923,-0.2282641971096024,0.19243186539905743,0.1050721647710264,0.0026047888981403393,-0.004708903844812663,8.030453194307959e-06,0.007295244870628426,-0.0009748960136529229,3.7540519595799072e-06
-0.29537521438569714,0.2758035350316869,0.6781791337659497,-0.22833832568831303,0.19185866371853896,0.10460555414037251,0.0026784930612822034,-0.004716959238529318,8.044868051533976e-06,0.0073704231111212685,-0.0008055327537431543,3.5694080267226624e-06
-0.29766428098420683,0.27771343536175824,0.6792149451974183,-0.22841332655123914,0.19127928944646955,0.10413496305493725,0.0027530291296208784,-0.004723273554788102,8.061593209333014e-06,0.0074536147317588765,-0.0006314247557066562,3.3873063193654294e-06
-0.29995408745826135,0.27961741399676193,0.680246124742223,-0.22848902977917404,0.1906936786861011,0.10366040723292398,0.002828489467561259,-0.004727806506434488,8.081054143729291e-06,0.007546042993927038,-0.00045328796874467977,3.211100188419731e-06
-0.302244636997865,0.28151540754109555,0.6812726379212728,-0.22856525844493594,0.19010173841653302,0.10318193459975067,0.002904832021964816,-0.004730542046333203,8.103644298454717e-06,0.00763426612730156,-0.0002735463903237773,3.043166341679794e-06
-0.3045359310246241,0.2834073517595092,0.6822944506985407,-0.22864183319662068,0.18950336328528508,0.10269962687585549,0.0029818672479440395,-0.004731477818554999,8.12974327977336e-06,0.0077035349491399825,-9.35691351594384e-05,2.885287706103262e-06
-0.3068279692009195,0.28529318181534763,0.6833115294598942,-0.22871857636129544,0.1888984716598857,0.10221356226437503,0.0030594010666671655,-0.004730603663188515,8.159771245941776e-06,0.007753396082497003,8.74242081490581e-05,2.738699360268127e-06
-0.3091207494263692,0.28717283252557696,0.6843238409894278,-0.22879531134567133,0.18828702224829896,0.1017237859802787,0.0031373816102163504,-0.004727894863810608,8.194202695569327e-06,0.0077980706423001435,0.0002708893058446799,2.6037992233735354e-06
-0.31141426781197107,0.2890462384200172,0.685331352397309,-0.22887185909262892,0.18766899308138923,0.10123031080453306,0.0032158885657854017,-0.004723324975043955,8.233533253145692e-06,0.007850714146955352,0.000456999065002853,2.4813075413744847e-06
-0.3137085186519001,0.29091333360843646,0.6863340311658485,-0.22894803641963063,0.18704434636067024,0.1007331615419589,0.003294977825693025,-0.004716879397685338,8.27823234962101e-06,0.00790894709323705,0.000644568872213845,2.371525227071596e-06
-0.31600349441318204,0.29277405166891907,0.6873318451551197,-0.2290236581389966,0.18641301723096465,0.10023239519292908,0.003374547805004514,-0.00470855254756823,8.32874600456445e-06,0.007957021740909904,0.000832697227270073,2.2744794474449113e-06
-0.31829918573851324,0.2946283257525285,0.6883247626090413,-0.22909853963468738,0.1857749392294271,0.0997280912182795,0.0034543737853184294,-0.004698335435208266,8.385531207428036e-06,0.007982624744134127,0.0010217246698257286,2.1898381951802435e-06
-0.320595581442563,0.29647608887004784,0.6893127521341939,-0.22917249658569752,0.18513007981369817,0.09922031573923513,0.0035342793957310976,-0.004686211937821203,8.449066634561106e-06,0.007990590857970443,0.001212364539171807,2.117096674129899e-06
-0.3228926684948703,0.2983172741227872,0.6902957826583335,-0.22924534252907217,0.18447844670937852,0.09870909963195428,0.0036142588479371645,-0.0046721698298237,8.519810906258858e-06,0.00799797832734276,0.0014042271168046394,2.055287920780378e-06
-0.325190432006579,0.30015181469641505,0.691273823454535,-0.22931688827749006,0.18382005785389186,0.09819445906941615,0.0036944163624312624,-0.004656210417210192,8.598163835034679e-06,0.008015787998865077,0.0015959592388624384,2.0030601495049516e-06
-0.3274888552633072,0.3019796436495038,0.6922468537570691,-0.22938694291863074,0.18315490842348126,0.09767738286580115,0.0037748046580075236,-0.004638340400860195,8.68446643694764e-06,0.00803886966900467,0.0017870214048040386,1.9563672404824545e-06
-0.3297879196814835,0.30380069391779574,0.6932148402868088,-0.22945532257007284,0.18248296723724597,0.09715664473331813,0.0038552877514236926,-0.004618556540672088,8.779126847876189e-06,0.008048353158888272,0.001978407736118044,1.9182550514439554e-06
-0.3320876048488475,0.3056148984075016,0.6941777511671964,-0.22952184229053765,0.18180420958034404,0.09663242168514591,0.003935644640717211,-0.004596840836945751,8.882599114181094e-06,0.008035736610409865,0.002171594204816681,1.887780700655967e-06
-0.3343878884766599,0.30742219033552,0.6951355463060938,-0.22958631606154617,0.18111865045990974,0.09610391265939996,0.004015748550774634,-0.004573181888561072,8.995306106551723e-06,0.008010442686128607,0.0023659209509320402,1.8644364225364758e-06
-0.3366887464407819,0.309222503282744,0.6960881986635538,-0.22964855018013208,0.1804263364759888,0.0955724146279425,0.004095656333905575,-0.004547589008648347,9.117557017792448e-06,0.007990834068281383,0.002559316525656074,1.8451813591173191e-06
-0.338990152756645,0.3110157711779025,0.6970356807874271,-0.22970835263529807,0.17972731417086718,0.09503787016820475,0.004175497264772383,-0.0045200926522261705,9.249554308056152e-06,0.007984152936187565,0.0027496667188889137,1.8281835328820837e-06
-0.3412920796246121,0.3128019280992134,0.6979779650566036,-0.22976553671176628,0.17902160002434603,0.09450026367057456,0.004255294351025346,-0.00449071438867593,9.391521196106161e-06,0.007979772591125237,0.002937860099545835,1.8123543627773334e-06
-0.34359449746511306,0.31458090821784873,0.6989150237277659,-0.22981992212819413,0.17830918903969756,0.09395960715418848,0.004334902573480087,-0.004459444624721276,9.543801044851405e-06,0.007960890395894085,0.003127012960051971,1.7970617231134502e-06
-0.3458973749093816,0.3163526459799302,0.699846829155929,-0.22987132908841496,0.17759009075907556,0.09341593812573128,0.004414133371810783,-0.004426257042778277,9.706802454767174e-06,0.007923152256071167,0.0033187977470333636,1.781903094991016e-06
-0.3482006787610926,0.31811707636357356,0.7007733537924202,-0.22991957176326364,0.17686435319186647,0.09286927495560865,0.00449293116493126,-0.004391148063111091,9.88082081967212e-06,0.007879856035397464,0.0035109406510061346,1.7656491059698974e-06
-0.3505043739854062,0.3198741349569534,0.7016945703011198,-0.22996445911126295,0.1761320478365421,0.09231962792670755,0.00457140828265879,-0.004354157747957744,1.006593652796641e-05,0.007847792721195918,0.0036990774250662195,1.7466224952177772e-06
-0.3528084237592475,0.3216237577996413,0.7026104515711032,-0.23000580355798414,0.1753932325317807,0.09176700844365517,0.004649703590914022,-0.004315343756706063,1.026213101609051e-05,0.007829615874677218,0.0038814483302093846,1.7237115863928685e-06
-0.35511278955101255,0.3233658811770802,0.7035209707866446,-0.23004342843263198,0.17464793164848713,0.09121145251188652,0.004727817244764532,-0.0042747323625617565,1.0469512035135536e-05,0.007811454459687644,0.004061192011900344,1.6960427031408363e-06
-0.3574174311586991,0.3251004416041209,0.7044261013721772,-0.23007716522047922,0.17389615406367664,0.0906530063704044,0.004805596813964299,-0.004232302556813433,1.0688401454852676e-05,0.007778050028613979,0.00424303671217059,1.6635265502154676e-06
-0.3597223066792478,0.32682737602846207,0.7053258169853456,-0.23010684301481008,0.17313792949320994,0.0900917128616385,0.004882891510805169,-0.004188025087366977,1.0919157585820437e-05,0.007729566839759878,0.004427806778945646,1.626134436630915e-06
-0.36202737248268196,0.32854662198765067,0.706220099798731,-0.2301322814783743,0.1723733212287771,0.08952842518867464,0.004959700378306572,-0.004141907794643515,1.1161970023923035e-05,0.007680987884189832,0.004611792924254992,1.5851462252151141e-06
-0.36433258318543355,0.3302581176870742,0.7071089294079803,-0.23015329711465943,0.1716024077935449,0.08896287619985115,0.005036165790547114,-0.004094016806930628,1.1416718170562982e-05,0.007646646131810256,0.004789166281386861,1.5387849589783532e-06
-0.3666378917165936,0.3319618018522449,0.7079922755772916,-0.23016971463502184,0.1708252478634703,0.08839407949922197,0.005112419202178136,-0.00404443447027477,1.1683151271232265e-05,0.00762544958413827,0.004958305031189741,1.4833265602554554e-06
-0.3689432494581385,0.333657613459611,0.708870109796884,-0.23018137324967938,0.17004186446430258,0.08782221900553466,0.0051884311010454475,-0.003993184722800324,1.1961305922671467e-05,0.00760130167514778,0.005125050037306712,1.419189461155678e-06
-0.37124860627314243,0.3353454917703468,0.7097424047887537,-0.23018812014573514,0.1692522727602107,0.08724743779079729,0.005264044686548276,-0.003940235320838556,1.22515098129501e-05,0.0075614736690519015,0.005295019555095928,1.3472732710465997e-06
-0.37355391045185266,0.3370253765492355,0.7106091341352184,-0.2301897963420327,0.16845651383740481,0.08666983600539661,0.005339147346918745,-0.0038855637521286158,1.2554042674014877e-05,0.0075103844183444105,0.0054672404326412995,1.2681080398368722e-06
-0.37585910866480454,0.33869720823029975,0.7114702720946876,-0.23018623208730665,0.16765465987075412,0.08608948333871914,0.005413792961870131,-0.0038292182563940424,1.2868801075793778e-05,0.007464682912926267,0.005634637368549711,1.1813094221861826e-06
-0.37816414601235404,0.34036092785139704,0.7123257933905645,-0.2301772578098273,0.1668467855624839,0.08550642387461493,0.005488143937214716,-0.0037713049911064296,1.3195352046987262e-05,0.007435221635497512,0.005791418495324761,1.0861943287688296e-06
-0.3804689661601827,0.3420164768294452,0.7131756730220334,-0.2301627195144953,0.16603293723681836,0.08492068949082811,0.00556229864029353,-0.0037119098149591295,1.3533348753947066e-05,0.007415596776082777,0.005939613708186653,9.819360003210748e-07
-0.38277351145327004,0.343663796813678,0.7140198862985798,-0.23014248150621303,0.16521313220056,0.08433232536252529,0.005636187674488099,-0.003651038742441243,1.3882882488496836e-05,0.0073890321024736175,0.006087207548115617,8.69573145115376e-07
-0.3850777229181504,0.3453028297722775,0.7148584088623174,-0.23011641260745616,0.16438738890081966,0.08374138200812616,0.005709649557736266,-0.003588646433517738,1.4244332358957548e-05,0.0073463191669983574,0.006239335548497888,7.497094060256569e-07
-0.3873815401869031,0.3469335182181123,0.7156912165939581,-0.23008437090112022,0.16355575562287644,0.08314789474358308,0.0057826060614149695,-0.0035247242275700313,1.461787656371536e-05,0.007295783228745731,0.006392329713105262,6.232531408931417e-07
-0.3896849014649453,0.3485558053253865,0.7165182856171383,-0.2300462037067899,0.16271830623429728,0.08255189291288166,0.005855145107039436,-0.003459354363538577,1.5003159245562033e-05,0.007254039107580781,0.0065370999297179105,4.896850945538041e-07
-0.3919877436252958,0.35016963481263536,0.7173395923375344,-0.23000176397256897,0.16187510840926325,0.08195341012242147,0.005927423890529281,-0.0033926674461359023,1.5399521058299873e-05,0.007228014145854391,0.006668809526809507,3.483278219014326e-07
-0.3942900023772888,0.35177495072044135,0.7181551134019456,-0.229950925898396,0.16102619902036605,0.08135248135330041,0.005999498947454416,-0.003324744073455261,1.5806575626382393e-05,0.00720764241303046,0.0067924592405484265,1.98902264739073e-07
-0.3965916123710717,0.35337169732067236,0.718964825689504,-0.22989358205087282,0.16017159250563207,0.0807491452621365,0.0060712629554011,-0.00325556906748822,1.6224507682148944e-05,0.007176538303690276,0.0069176268514918055,4.272033547180992e-08
-0.3988925071664808,0.35495981925661746,0.7197687062872515,-0.22982962475713947,0.15931131343394705,0.08014343753543118,0.0061425569697947675,-0.00318509090001483,1.665372865187244e-05,0.007129539665464728,0.007047947451667119,-1.1904073248132067e-07
-0.40119261914324944,0.35653926176478606,0.7205667325246706,-0.2297589319304762,0.15844541814991747,0.07953539365842881,0.0062133374451321145,-0.003113324512290996,1.709424949273032e-05,0.007078186265622564,0.007176773973262552,-2.855884388751627e-07
-0.4034918794971425,0.35810997074207945,0.721358881908461,-0.22968137308550501,0.15757398202847792,0.07892504146963894,0.0062837158527621,-0.003040386930278346,1.7545433543962607e-05,0.007037979588507509,0.007293897740807142,-4.5763515059706754e-07
-0.4057902183808328,0.359671892591866,0.7221451322031206,-0.2295968299338293,0.15669706702129427,0.07831241932807806,0.006353831465833103,-0.0029664225133851896,1.8006440392155455e-05,0.007011699768779497,0.007396585335769336,-6.365733292122205e-07
-0.4080875650910342,0.36122497402269566,0.7229254613434238,-0.2295052095081383,0.1558147046033828,0.0776975590778924,0.0064236952627048805,-0.0028914953300226975,1.8476924462373258e-05,0.006986517492674294,0.007492866010141924,-8.216337063507869e-07
-0.4103838481477899,0.3627691620189226,0.7236998474298467,-0.22940643472061975,0.15492691189725127,0.07708049190005359,0.006493170377496678,-0.0028155682420708205,1.8957188091848532e-05,0.00694764852654179,0.0075928606245028165,-1.011492964517875e-06
-0.41267899522863566,0.36430440402239034,0.724468268724941,-0.22930042265872622,0.15403372386714528,0.07646124683104338,0.00656211118029953,-0.0027385929011822154,1.9447612695168413e-05,0.00689421647770476,0.007697690229547083,-1.2051541931301475e-06
-0.41497293307823346,0.36583064813654437,0.7252307036163061,-0.22918707408585845,0.1531352067431871,0.07583984903378793,0.006630510614031645,-0.0026606154900467747,1.9947960394352757e-05,0.006840078449789152,0.00779790151897849,-1.4024525960276447e-06
-0.4172655875446774,0.36734784313792523,0.7259871309747372,-0.2290662857160911,0.15223143830683705,0.0752163623974105,0.006698496477558716,-0.0025817845492268733,2.045725300737985e-05,0.0067987198509538325,0.007883258439632966,-1.608564216644681e-06
-0.41955688376341543,0.3688559382999804,0.7267375296890398,-0.228937973359799,0.15132247707882346,0.07459080631740599,0.006766182678970424,-0.0025022456938366446,2.0974522796797182e-05,0.006768751634376283,0.007954053535754596,-1.8222143203146365e-06
-0.42184674634572017,0.3703548832241399,0.7274818785400917,-0.22880207995759486,0.15040835350912873,0.07396318568991801,0.006833536742175987,-0.002422037653104514,2.1499551616321778e-05,0.006735535592505776,0.008020975657837472,-2.038413141718652e-06
-0.4241350994203802,0.3718446278681491,0.7282201565179107,-0.22865855955853892,0.14948909226108986,0.07333353358113308,0.00690040453006271,-0.002341104684255418,2.203276181062102e-05,0.006686905778846647,0.008093472223696368,-2.25638422065798e-06
-0.42642186653788283,0.37332512275295165,0.7289523428589515,-0.22850735498009744,0.14856474152218388,0.07270188589500634,0.006966665082699448,-0.002259411666867485,2.257444295352372e-05,0.0066261798666362205,0.008169480955992656,-2.4750151479657095e-06
-0.4287069705940488,0.37479631913169287,0.7296784172307519,-0.2283483928384982,0.1476353777594314,0.07206830079189461,0.007032349295955116,-0.002177040628684287,2.312401183187389e-05,0.006568543234633978,0.008237286714658726,-2.6997902145678257e-06
-0.4309903339143626,0.3762581689499697,0.7303983596585355,-0.22818160205464774,0.14670108085040445,0.07143283412992159,0.00709759310635122,-0.0020941626493165,2.368020295410796e-05,0.0065244998221021845,0.008287984052235105,-2.9349693141735546e-06
-0.4332718784697053,0.3777106246561699,0.7311121500215043,-0.22800693630968397,0.1457619072915056,0.0707954911343801,0.007162479594074298,-0.0020109112937143443,2.424204678137698e-05,0.0064887640950261815,0.008325324548555665,-3.175179962665978e-06
-0.43555152604777286,0.3791536390738002,0.7318197679451114,-0.22782437550696003,0.14481788983726396,0.0701562603252777,0.007226939223792666,-0.0019272955369988268,2.4809525743484987e-05,0.006446074716472995,0.008361767548362117,-3.4122706759391672e-06
-0.4378291982506017,0.3805871654810086,0.7325211933191013,-0.22763390448987655,0.14386906364742236,0.06951517706017783,0.007290814725889736,-0.0018432485243756974,2.5383164043997317e-05,0.0063876583582390635,0.008404896237812085,-3.645939860143763e-06
-0.4401048163793262,0.3820111578248403,0.7332164063244461,-0.2274354926552346,0.14291549063547837,0.06887228089591334,0.007354020092620553,-0.0017587579859278855,2.596303554821275e-05,0.006320641110176269,0.008449251946850174,-3.8814442712479875e-06
-0.4423783013864787,0.3834255708419534,0.7339053876731125,-0.22722909576686653,0.1419572555643826,0.06822764267484388,0.007416621478661888,-0.0016739407226558742,2.6548184197606055e-05,0.006260239038079149,0.008481927174733029,-4.12651732617082e-06
-0.44464957400879174,0.3848303599718507,0.7345881181794335,-0.22701467890475854,0.1409944387101877,0.06758129549397787,0.00747875397011422,-0.0015889778463918475,2.713714958125666e-05,0.006213345234494236,0.008496490638826352,-4.382285509525651e-06
-0.446918554998292,0.3862254811665324,0.7352645783586986,-0.22679223558143127,0.14002709501118868,0.06693322844188287,0.00754046774908637,-0.0015039786599131053,2.772906384086531e-05,0.006171469437390217,0.008500123484740068,-4.640795260056744e-06
-0.4491851652595755,0.387610890807627,0.7359347484867715,-0.22656178192994467,0.13905526134724913,0.0662834275511462,0.007601666630716463,-0.0014189221375416614,2.832409527955863e-05,0.006119975125782076,0.008505858968440288,-4.894874411151097e-06
-0.4514493258031569,0.38898654582642495,0.7365986090301658,-0.22632333243690403,0.13807898389839435,0.06563191746054305,0.007662204499743438,-0.001333739466522189,2.8922762313536767e-05,0.0060538693009083155,0.008518475926790706,-5.1453313356963224e-06
-0.45371095762412017,0.39035240390354337,0.7372561409653877,-0.22607688367270393,0.13709833594625662,0.06497875970042856,0.007722035549835901,-0.0012484476992992823,2.952484607162988e-05,0.005983182745657746,0.008529387527429317,-5.400259652893532e-06
-0.45596998169413955,0.3917084235370809,0.7379073257253329,-0.22582242323891857,0.13611340667668906,0.0643240200537879,0.00778125394213885,-0.0011631920575068608,3.0129073468745297e-05,0.005921912090948611,0.008525776417973814,-5.6656024716154e-06
-0.4582263191354651,0.3930545639176708,0.7385521446561484,-0.22555995456613334,0.1351242740998612,0.06366771328005386,0.00783998470651324,-0.0010781494801058084,3.0733920900334205e-05,0.005873144222596618,0.008504470764006395,-5.93998423553942e-06
-0.4604798914481189,0.3943907847510083,0.7391905786967785,-0.2252895106138367,0.1341309911201025,0.06300981438570448,0.007898244890047826,-0.0009933964971548422,3.13387124232983e-05,0.005826080997767142,0.008475511809535036,-6.215159577458531e-06
-0.46273062060091785,0.39571704622056675,0.7398226086530797,-0.22501114127116775,0.13313359899325045,0.062350315384243696,0.007955921598046761,-0.0009088866414474261,3.194378848345317e-05,0.0057677283527829935,0.008451199700008759,-6.485286944815091e-06
-0.464978428947209,0.3970333091341893,0.7404482156435803,-0.22472488869962387,0.13213215357421945,0.06168925069050546,0.008012890461246711,-0.0008245595894508942,3.25495710101305e-05,0.005696938826101112,0.00843292008994789,-6.753127871306883e-06
-0.46722323911325186,0.3983395350967241,0.741067381357049,-0.22443077707900677,0.1311267357261451,0.06102668885467808,0.008069145293077624,-0.0007404642047407793,3.315553818896989e-05,0.00562553060222322,0.008409753862814427,-7.025780154417949e-06
-0.4694649740349307,0.39963568652544507,0.7416800878208716,-0.22412882748694105,0.1301174348472395,0.06036268548285446,0.008124798392423532,-0.0006567643745927447,3.37601899510909e-05,0.005565352177859571,0.008370198231758413,-7.307596868746064e-06
-0.47170355716054035,0.4009217264995214,0.7422863168490555,-0.2238190820176531,0.1291043242110034,0.05969724108188972,0.008179956183085419,-0.0005736195600834909,3.4362087707265123e-05,0.005515816095851348,0.008314695849201626,-7.594274815738447e-06
-0.4739389126551364,0.40219761860661,0.7428860499192622,-0.22350161063151305,0.1280874542629008,0.059030333067663865,0.00823460439446232,-0.00049107040493671,3.49608262241731e-05,0.005464853012593256,0.00825512889662141,-7.877818093390689e-06
-0.47617096544050846,0.4034633268988898,0.7434792739829204,-0.22317649412037077,0.12706686970440015,0.058362506551941175,0.008288622472575644,-0.00040903811835658936,3.555699888460601e-05,0.005401834643650422,0.008203441243714374,-8.15590766795939e-06
-0.4783996410734265,0.40471881617460514,0.7440659689744711,-0.22284379912357982,0.12604263481464978,0.057693062964663505,0.008341914236592049,-0.00032748485367743203,3.6150846170395726e-05,0.005329198272009661,0.008155538326512508,-8.430275087394899e-06
-0.4806248656601929,0.4059640520389878,0.7446461160356452,-0.22250357636613347,0.12501483410632372,0.05702213674079558,0.008394508732087757,-0.00024649289795060825,3.6741533111704954e-05,0.0052594665028408705,0.00809940629406446,-8.708366867717229e-06
-0.4828465659402694,0.40719900087405625,0.7452196969465359,-0.22215588014833584,0.12398355366145447,0.056349814087250275,0.008446525812406474,-0.0001662343868646585,3.7327439829819e-05,0.005201720124028995,0.008026059938290012,-8.992425842902824e-06
-0.48506466950277816,0.40842362967822016,0.7457866934431567,-0.22180078910463985,0.12294886054316738,0.055676109198796356,0.008498047370607956,-8.684200365281345e-05,3.7907317667718446e-05,0.005152163158957488,0.007939444675100778,-9.276995512254622e-06
-0.4872791049544631,0.40963790594684024,0.7463470871286281,-0.22143840594358855,0.12191080281538082,0.05500101471210529,0.008549032020521647,-8.322568502499074e-06,3.8481043524029554e-05,0.005098467722391498,0.007852147310223972,-9.555040360520907e-06
-0.48948980191229335,0.4108417977199495,0.7469008597725387,-0.22106883684352965,0.12086942954760556,0.05432454506137595,0.00859936216969257,6.939415346235271e-05,3.904916672388042e-05,0.005033013183345379,0.007771873644216097,-9.824801051809304e-06
-0.4916966908830612,0.4120352737424941,0.747447993643744,-0.22069217301094832,0.11982480926765071,0.053646752396927726,0.008648973045546524,0.00014632683577300485,3.9611745872064636e-05,0.004961081518404966,0.007693467312383896,-1.0091389841810445e-05
-0.49389970320935295,0.41321830355882655,0.7479884716076165,-0.2203084937676988,0.11877702669095226,0.052967710539812876,0.008697922165368716,0.0002223721307699618,4.016771573878092e-05,0.004894901733920762,0.007604725679519112,-1.0361766699253167e-05
-0.49609877118767987,0.4143908574425483,0.7485222765736036,-0.21991788740781057,0.11772616202744518,0.05228744423697693,0.008746326855930086,0.00029736685765824203,4.0715487203365466e-05,0.00484045482217292,0.007499665200463668,-1.0635444164475538e-05
-0.4982938282765018,0.41555290623556657,0.7490493911908702,-0.21952046690342855,0.11667227557967232,0.05160594078544128,0.008794241482811644,0.0003712145158009069,4.125409935194511e-05,0.004791444683770445,0.007384954183358732,-1.0906524014280583e-05
-0.5004848092159994,0.4167044212665773,0.749569797831718,-0.2191163635580682,0.11561541340521085,0.050923173128432385,0.008841603675134566,0.0004439383299177213,4.1783697607784564e-05,0.0047361976480011355,0.007272565673542998,-1.1168702975211301e-05
-0.5026716499823908,0.4178453744813885,0.7500834741877016,-0.2187057052731372,0.11455562906341267,0.05023867113317479,0.0088883158229729,0.00051559033460464,4.230462204726521e-05,0.00467118979258748,0.007165380719236342,-1.1427990720713205e-05
-0.5048542876771592,0.41897573846129005,0.7505904047792944,-0.2182886066759717,0.11349299143533664,0.04955311972299029,0.008934340985013242,0.0005861700704885587,4.281679954480909e-05,0.004602487990003431,0.0070581497640220415,-1.1679379716908684e-05
-0.5070326605100316,0.42009548655088896,0.7510905742677862,-0.21786517497542818,0.11242758189392625,0.04886654649309692,0.008979754778341903,0.0006555647256908839,4.3319065110362695e-05,0.004541348149617186,0.006939637030065231,-1.1931761725322454e-05
-0.5092067079320559,0.4212045927072941,0.7515839717834892,-0.2174355307120698,0.11135947140434341,0.04817941252638229,0.009024652559259667,0.0007236489593129286,4.381019616283178e-05,0.004489744223800035,0.006808589612318499,-1.2178882412576493e-05
-0.5113763708139465,0.42230303148292864,0.7520705797705955,-0.21699981483891462,0.11028871580083366,0.047491057123955766,0.009069064220388614,0.0007903602182064433,4.428948049486786e-05,0.004441129831584057,0.0066712864897351485,-1.2425449837846398e-05
-0.5135415915115523,0.4233907779068818,0.7525503806730239,-0.2165581803030276,0.10921536010411752,0.04680147692663564,0.009112915798927763,0.0008557401967118823,4.475722102160137e-05,0.004385119357226658,0.006538152902739571,-1.266395044260463e-05
-0.5157023137895772,0.424467807581987,0.7530233574157095,-0.2161107729979302,0.10813945897825854,0.04611071497433267,0.009156117914385004,0.0009198443128056993,4.52138470409401e-05,0.004320171007496943,0.006410561274330986,-1.2894519671130213e-05
-0.5178584827231459,0.42553409681157667,0.7534894936061954,-0.21565772502630734,0.10706108412681052,0.045418842952391694,0.009198667740181668,0.000982643379171711,4.565896622760551e-05,0.004254940238625934,0.006280050678265425,-1.3122337060933874e-05
-0.5200100447104123,0.4265896225601145,0.7539487778563204,-0.21519916697391847,0.1059803109445587,0.04472637207190689,0.009240642994823876,0.0010440336733459985,4.609152930618882e-05,0.0041974816315614345,0.00613916730992574,-1.3344486448511446e-05
-0.5221569476119919,0.4276343624122176,0.7544011977944437,-0.21473524296429058,0.10489720539554528,0.0440332148181254,0.009282129675733209,0.0011039076352880965,4.651037860487619e-05,0.004148623108351734,0.005987527326574481,-1.3567687166852877e-05
-0.5242991409032053,0.42866829450457655,0.7548467348427844,-0.2142661153530401,0.10381181813579511,0.04333875317299948,0.009323135576574717,0.001162234696410142,4.691510413446595e-05,0.004100544226452252,0.005832830234323143,-1.3787963822936818e-05
-0.5264365756891071,0.42969139743940105,0.755285371024258,-0.21379195223189945,0.10272419380098005,0.04264304114485355,0.009363583312902988,0.0012190653545289247,4.730611417230515e-05,0.004044727077777374,0.005683183084353648,-1.3998884703337166e-05
-0.5285692046164051,0.43070365039119046,0.7557170892787357,-0.21331291227877583,0.1016343886817645,0.0419461655514862,0.009403406406227003,0.001274437351654904,4.768368144589632e-05,0.003982262259690221,0.005537310226330869,-1.4202486768050664e-05
-0.5306969818018467,0.43170503320564546,0.7561418734705306,-0.21282914344498924,0.1005424729141108,0.04124822246459469,0.009442629400415159,0.001328303610382565,4.804723269207062e-05,0.0039222521078447585,0.005386729298452039,-1.4404041076568719e-05
-0.5328198628802776,0.43269552637614467,0.7565597080177482,-0.21234079609837922,0.09944851674136268,0.04054927691573977,0.009481347447499755,0.0013805553358348754,4.8395591564964935e-05,0.0038717575262053514,0.00522526825786168,-1.460548847829876e-05
-0.5349378051434148,0.4336751109198003,0.7569705774025954,-0.2118480358510344,0.09835257637424413,0.03984934155258343,0.009519632411239074,0.0014311116650452221,4.8727874042364685e-05,0.0038284496610304438,0.00505572044535864,-1.4803551780032847e-05
-0.5370507676427805,0.43464376827823636,0.7573744659818671,-0.2113510421495613,0.09725469421686908,0.03914840095734976,0.009557466308407191,0.0014799768827301238,4.904404949084967e-05,0.0037833436965429325,0.004886601055179433,-1.4993549269711196e-05
-0.5391587111720347,0.43560148033592766,0.7577713584445646,-0.21084999467694487,0.09615491269899008,0.038446480434003866,0.009594771436405174,0.0015272055720099854,4.934456062172741e-05,0.003730467615657748,0.0047229401512593186,-1.517636179207592e-05
-0.5412615981793103,0.4365482295311952,0.7581612397429307,-0.2103450629849447,0.09505328675997798,0.037743601619618115,0.009631503302505222,0.001572820001890627,4.962953758887359e-05,0.0036731424386414442,0.00456150617200219,-1.5352756953311793e-05
-0.5433593927216218,0.4374839989230271,0.7585440952373489,-0.2098364092674729,0.09394988156164677,0.03703980778518477,0.009667705799341012,0.001616767436966718,4.989836463612083e-05,0.003620206811623605,0.00439479830575756,-1.5525459868426293e-05
-0.5454520605258683,0.4384087721378744,0.7589199105388599,-0.20932420070050453,0.09284475842019288,0.03633512930726611,0.009703470810085688,0.0016589604551949075,5.015007319302544e-05,0.0035764598484304636,0.00421934770841174,-1.5696140151572924e-05
-0.5475395691024354,0.4393225332470932,0.7592886712300594,-0.20880861753240113,0.0917379643997469,0.03562956392321809,0.009738848615119394,0.001699353756223391,5.038414024128923e-05,0.0035377412002236494,0.004039366781685612,-1.5860788746273597e-05
-0.5496218877999813,0.4402252666934212,0.7596503631075098,-0.20828984810680481,0.0906295363742183,0.03492312682249507,0.00977380544818312,0.001737971751896548,5.060071938019895e-05,0.003495646084096877,0.0038618270734031416,-1.6019530645828148e-05
-0.5516989877639613,0.4411169573369176,0.7600049722033458,-0.2077680774123514,0.08951951466610393,0.034215833344587825,0.00980827054448406,0.0017748634660060387,5.080020656116045e-05,0.0034464745921737408,0.003689189898413951,-1.6172509200400046e-05
-0.5537708418596826,0.4419975905574385,0.7603524847486162,-0.20724348124418648,0.08840795164136932,0.033507698965953125,0.009842221692936857,0.0018100370903383985,5.09826037093724e-05,0.0033950821518416163,0.003517371866884639,-1.6319590434566823e-05
-0.5558374246514345,0.44286715229130114,0.760692887253237,-0.20671623145602996,0.08729490609235802,0.03279875174601938,0.00987571638605123,0.001843444098702099,5.114734971195044e-05,0.0033494392169468408,0.0033407009012938462,-1.6461560446274845e-05
-0.5578987124630927,0.44372562895848044,0.7610261663481229,-0.20618650574828837,0.08618043003594328,0.032089004079761646,0.009908837604811729,0.00187502545786865,5.129377337749399e-05,0.0033120946527707093,0.003158126239262986,-1.6599020930117104e-05
-0.5599546834549292,0.4445730073480915,0.7613523088714773,-0.2056544910990629,0.08506456221883864,0.031378472640153275,0.009941614981835068,0.0019047667392769225,5.142164575181986e-05,0.003277713536091425,0.0029741085657076873,-1.673182541018881e-05
-0.5620053176393327,0.44540927457587537,0.7616713018923217,-0.20512037763120872,0.08394733481473209,0.030667172620026464,0.009974004233319964,0.0019327028671369993,5.153123656753129e-05,0.003238904121214625,0.0027935834096541766,-1.685928644848847e-05
-0.5640505968275499,0.44623441814651754,0.7619831326924801,-0.20458435016836338,0.08282878587581924,0.02995511767738935,0.010005945532040574,0.00195887264841462,5.1622860871518414e-05,0.0031941120441996078,0.002616939073401444,-1.6981155062294536e-05
-0.5660905045708186,0.4470484260415422,0.7622877887720021,-0.20404658641574927,0.08170896412079905,0.029242324879907584,0.010037437103298796,0.001983276077760515,5.1696448866058886e-05,0.0031491426213508503,0.002440294135214305,-1.7097538603296158e-05
-0.568125026156481,0.44785128672891883,0.7625852577990785,-0.20350726269183197,0.08058792111235953,0.028528807927698883,0.01006854460560724,0.0020058780816566584,5.175158037836353e-05,0.0031107392346975695,0.0022601416026686075,-1.7208529450293434e-05
-0.5701541486542395,0.448642989076118,0.7628755276458402,-0.2029665602406328,0.07946569971834402,0.027814582622337387,0.010099338957205823,0.0020266500681181054,5.178789843875042e-05,0.003079427837426711,0.002077129658698196,-1.7314381222501623e-05
-0.5721778609545927,0.4494235222528453,0.7631585863777509,-0.20242466526800237,0.07834233124335874,0.027099661055632256,0.010129830973880306,0.0020456013207244494,5.180543275834329e-05,0.003049198097478943,0.0018950460564022473,-1.741474000321923e-05
-0.5741961537542742,0.4501928757147919,0.7634344223001017,-0.2018817632364887,0.07721784378633151,0.026384059215030998,0.010159970778113567,0.0020627683424744975,5.1804495911525366e-05,0.00301398061600004,0.0017166128849486616,-1.7509154330486295e-05
-0.5762090195041768,0.45095103927505564,0.7637030239370575,-0.20133803408561973,0.07609227280645492,0.025667792189171153,0.01018971213127357,0.0020781791448208223,5.1785318089548374e-05,0.0029741392869341338,0.0015409809507563458,-1.7597655320824096e-05
-0.5782164523701812,0.4516980031742683,0.7639643799991881,-0.2007936530550196,0.07496566243337606,0.024950872595636758,0.010219071096377876,0.002091833434921289,5.17478471437892e-05,0.002935904323351494,0.0013653196839642685,-1.7680021871609714e-05
-0.580218448234051,0.4524337580624675,0.7642184795969577,-0.20024879519785552,0.0738380564522467,0.024233333275413764,0.01024811688098707,0.002103717268957399,5.169191224602045e-05,0.0029045901949996795,0.0011882639363298064,-1.7754405567456883e-05
-0.5822150047155207,0.4531582949087081,0.7644653120925029,-0.19970363813318825,0.0727094889921142,0.02351519058047406,0.010276907041926821,0.0021138310454972505,5.161749697672425e-05,0.0028790317866620074,0.001011248028598915,-1.782021160546754e-05
-0.5842061211738933,0.4538716049226569,0.7647048670393771,-0.1991583601799849,0.07157998470215182,0.022796454860300092,0.010305437027931463,0.0021221990032050755,5.152483113771577e-05,0.0028530182274063647,0.0008366560973749051,-1.7877529648963395e-05
-0.5861917986757277,0.4545736795607044,0.7649371342242471,-0.19861313654431262,0.07044956789704182,0.0220771423340059,0.010333656751399608,0.0021288530787527504,5.1414231465106894e-05,0.002821995855231851,0.0006652579929434197,-1.7925935967542865e-05
-0.5881720399530322,0.45526451059855,0.765162103688101,-0.19806813792993494,0.06931827073272159,0.021357272020927066,0.01036153546122927,0.0021338138402525395,5.128590570194427e-05,0.002787898333625969,0.0004959168085020885,-1.7964964203879766e-05
-0.5901468493930034,0.45594409021362214,0.7653797632115994,-0.19752353333488765,0.0681861326273005,0.020636607088845176,0.010389116280522448,0.0021370976994715065,5.114010423343245e-05,0.0027581130647272743,0.00032821697642756905,-1.798637868406989e-05
-0.592116232994406,0.4566124108611553,0.7655901040225609,-0.19697948842141177,0.06705318678561803,0.01991548203316595,0.01041646277425079,0.002138712861166147,5.097686629346987e-05,0.002734684271703409,0.00016133762053476865,-1.8003061849818643e-05
-0.5940801983650059,0.4572694651993233,0.7657931199673413,-0.19643616850286474,0.06591945725995728,0.019194150125261843,0.010443604777683515,0.0021386724901859525,5.079624103757257e-05,0.0027142389736010126,-4.225267338121084e-06,-1.8019395516867418e-05
-0.5960387547344292,0.457915246115719,0.7659888018246802,-0.19589373926754924,0.06478496394065407,0.01847229541219778,0.01047052742332395,0.0021370085055885456,5.0598614045870336e-05,0.00269230681367254,-0.00016659601759662316,-1.802156551455909e-05
-0.597991912896943,0.45854974670742993,0.7661771405418302,-0.19535236116712523,0.06364972757071605,0.01774992893329756,0.01049718457491486,0.002133745832477079,5.038426650741223e-05,0.0026657609304980645,-0.00032647409536228116,-1.801305018297161e-05
-0.5999396851838829,0.4591729603480374,0.7663581274312844,-0.19481219176932596,0.06251377645956374,0.017027080443761423,0.010523560952449818,0.0021289033140019617,5.015341406068548e-05,0.0026376869557617087,-0.00048446773015933104,-1.7994343444549277e-05
-0.6018820854477049,0.4597848807160305,0.7665317541408372,-0.194273387085066,0.06137714270983778,0.0163037720354894,0.01054969859455044,0.0021225054867315112,4.99063379659966e-05,0.0026138167312451926,-0.0006400075424383938,-1.7965153141195354e-05
-0.6038191290386146,0.4603855017422915,0.7666980126213266,-0.1937361008963336,0.06023985334522583,0.015580019399468991,0.010575660492189762,0.002114588395998583,4.9643432717130044e-05,0.002596245461747125,-0.0007919426008064957,-1.7926585555228384e-05
-0.6057508327638256,0.4609748175262633,0.7668568950512472,-0.19320048283064833,0.059101926208182685,0.01485583286749337,0.010601473504589084,0.002105190326974903,4.9365107070527336e-05,0.0025813599636636234,-0.0009400489192399766,-1.787992006647607e-05
-0.6076772148416885,0.46155282229963007,0.7670083937845591,-0.19266667764491377,0.05796337460996723,0.01413122324873672,0.010627110190493118,0.0020943377394123993,4.907164237822544e-05,0.002563730211159317,-0.0010855091080201507,-1.7825714552450795e-05
-0.6095982948720923,0.46211951046373895,0.7671525015253879,-0.19213482695363793,0.05682421567261851,0.013406221687322481,0.010652528245981214,0.002082046143258073,4.8763209466223054e-05,0.0025418699556116814,-0.001229418202369204,-1.7763688808131144e-05
-0.6115140938260838,0.4626748766532052,0.7672892112886229,-0.1916050713715461,0.05568447346753604,0.012680851633757265,0.010677725087738949,0.0020683380272666346,4.844006182678326e-05,0.0025197512352011305,-0.0013710782723556564,-1.7693254379913538e-05
-0.6134246340286696,0.4632189157456848,0.7674185163830213,-0.1910775499863718,0.05454417364036233,0.011955128016805063,0.010702748607750244,0.002053257493393961,4.810269178581406e-05,0.0025024215263537548,-0.0015083278661156422,-1.7613863903045233e-05
-0.6153299391114266,0.4637516228003884,0.7675404103687089,-0.19055239715539707,0.053403335585253536,0.011229059144757414,0.010727653839258784,0.0020368612374271036,4.7751722416400644e-05,0.0024905949262528254,-0.0016399075332629097,-1.7526266733619805e-05
-0.6172300339450477,0.4642729929841667,0.7676548869896186,-0.190029740181677,0.05226197062559199,0.010502651714110918,0.010752453256650142,0.002019193160692827,4.7387631623578654e-05,0.0024800155778154573,-0.0017670968021999028,-1.7431660343225802e-05
-0.6191249445436127,0.4647830213529067,0.7677619573593405,-0.18950970025259664,0.05112008604804574,0.009777632027642383,0.010777094774832224,0.0020003109147240087,4.701087731554841e-05,0.0024642275365555828,-0.001888520752911819,-1.734725331358548e-05
-0.6210146981139729,0.4652817033704288,0.7678616110449089,-0.18899239490946354,0.04997769949302129,0.009051845289139914,0.010801544827181035,0.001980209322353381,4.6621309603306527e-05,0.002445082769059871,-0.0020104625457545247,-1.726659655316692e-05
-0.6228993229706065,0.46576903450631096,0.7679538552888564,-0.1884779415914866,0.048834831019366275,0.00832704512857127,0.01082580181889698,0.001958948436342294,4.621959514438103e-05,0.002425778292493653,-0.002126398686491114,-1.7178639753911885e-05
-0.6247788485764727,0.46624501067066904,0.7680386776562168,-0.187966454150568,0.04769150421365497,0.007601249988317198,0.010849920119818994,0.0019365729337577256,4.5806122631832885e-05,0.0024119106268182112,-0.0022378669556716623,-1.7094960667083158e-05
-0.6266533053902631,0.46670962770266483,0.7681160842154422,-0.18745803884777282,0.046547732590396615,0.006876288825385729,0.010873935924449143,0.0019131762610820095,4.538197648952838e-05,0.0024016621058928983,-0.002339989945074559,-1.6999235874454847e-05
-0.6285227248546763,0.4671628817545029,0.768186061736787,-0.1869527927371829,0.04540352670120731,0.006150226023584351,0.01089785264607024,0.0018887775090305398,4.494724626176703e-05,0.0023917548033848194,-0.0024402038735048884,-1.6910669445492068e-05
-0.6303871392742113,0.46760476884072405,0.7682486163724582,-0.18645080805655448,0.04425889383553035,0.005424994317306245,0.01092162319981668,0.001863407877575764,4.4502316566622995e-05,0.002377138847642465,-0.002537297565746158,-1.6813189419327493e-05
-0.6322465818658937,0.46803528518871085,0.7683037494135961,-0.1859521773973056,0.04311385027560489,0.004700099395433532,0.01094522811717137,0.0018371049293518453,4.4047795149441245e-05,0.0023605758336468587,-0.0026306345486998743,-1.6691787334836318e-05
-0.634101086757371,0.46845442741204213,0.7683514447688546,-0.1854569908217616,0.041968416065904394,0.003973793692846447,0.010968701195352619,0.001809899632559024,4.358390083952585e-05,0.0023473924094187036,-0.0027208746509149455,-1.6578418160962738e-05
-0.6359506888609298,0.4688621920293621,0.7683917073604143,-0.18496533297724096,0.04082260516819769,0.0032481553170928944,0.010992090152426581,0.0017818981840185522,4.3111893374912636e-05,0.0023389804752263557,-0.002800494322282284,-1.645174431045796e-05
-0.6377954238106002,0.4692585756945853,0.7684245372504604,-0.18447727704915498,0.03967642602598382,0.002522683699914058,0.011015416452854232,0.0017531674103692886,4.2632453007652563e-05,0.0023327147854844384,-0.002873430980136879,-1.632706272706713e-05
-0.6396353279125453,0.4696435752881039,0.7684499196031983,-0.18399288926883559,0.03852988494786149,0.0017958887373916582,0.011038673203752293,0.0017237037740902503,4.214540353315467e-05,0.0023257597602820536,-0.00294672155747461,-1.6212887359797556e-05
-0.6414704381061649,0.4700171877291814,0.7684678415887903,-0.18351223500682434,0.03738298804800803,0.0010679754787870847,0.01106182652309153,0.0016934838056134928,4.165042176690714e-05,0.0023154165062632876,-0.003022359300246585,-1.6101941703517825e-05
-0.6433007919968805,0.4703794100087046,0.7684782941894432,-0.1830353832651283,0.03623574687261046,0.00033932371599731476,0.011084866670007227,0.001662510045097845,4.114762839094048e-05,0.0023040990602049747,-0.003097742903744505,-1.5978566625091003e-05
-0.6451264278703427,0.4707302392239571,0.7684812709211662,-0.18256240418587044,0.03508817507902065,-0.0003898259653972836,0.01110782939599262,0.0016308383661613169,4.0637779363710345e-05,0.002296356554126726,-0.0031675386449622916,-1.583841875761905e-05
-0.6469473846408846,0.47106967254280957,0.7684767676304022,-0.18209336247518726,0.03394028242325823,-0.001119262741676096,0.01113077936804049,0.0015985728914822714,4.012227877622633e-05,0.0022950804430220424,-0.003226921195249209,-1.567058068542213e-05
-0.6487637017192438,0.4713977071414858,0.7684647797774701,-0.18162830895183188,0.03279206926644513,-0.0018490368790057316,0.011153737834052756,0.001565770838208047,3.96017184581161e-05,0.0022959289628822115,-0.003280581720454521,-1.5504595551657546e-05
-0.6505754189479516,0.47171434016001246,0.768445304315275,-0.1811672882239173,0.03164353366376928,-0.0025790004496181753,0.011176682509305053,0.001532441547973665,3.9076174272374224e-05,0.0022945489376726413,-0.0033333080496950715,-1.5338999923646156e-05
-0.6523825766061392,0.4720195687243888,0.7684183408547203,-0.18071034550354653,0.03049467731028869,-0.0033088889909866272,0.011199587092946259,0.0014985945242869277,3.854586723494797e-05,0.002290538733178351,-0.0033850838340545196,-1.5159607503826551e-05
-0.6541852154198076,0.47231339001652184,0.76838388880702,-0.18025752643884746,0.029345505670762197,-0.00403872969240709,0.011222451230252103,0.001464266868980077,3.801125942687525e-05,0.00228649292909705,-0.0034331491432155496,-1.4973368552481404e-05
-0.6559833765371299,0.47259580127753514,0.7683419477501011,-0.17980887391278016,0.028196024760988394,-0.004768523295759278,0.011245312742042905,0.0014295468305743784,3.747334228439846e-05,0.002286229010752389,-0.0034723890362529054,-1.478500270550666e-05
-0.6577771014298505,0.4728667997581034,0.7682925175484648,-0.17936442062795147,0.027046235617421806,-0.005498260854067079,0.011268214989954178,0.0013945369545660883,3.693322863423252e-05,0.002290301057512281,-0.0035013737701402137,-1.4598930772492752e-05
-0.6595664317700246,0.4731263826586163,0.7682355983895554,-0.17892418692003634,0.025896133425537322,-0.006227921016103953,0.011291166443905657,0.0013592985123512705,3.639156347478906e-05,0.002295219978061629,-0.003524231020610505,-1.4415988705501934e-05
-0.6613514093609486,0.4733745471125624,0.768171191060201,-0.1784881864405578,0.0247457122834487,-0.006957444108431036,0.011314135183468091,0.0013238395762107938,3.5848407393783225e-05,0.0022969468244609455,-0.0035462810199883054,-1.4234945839218793e-05
-0.6631320761443097,0.4736112902308057,0.7680992968793293,-0.17805643358133147,0.023594970772905073,-0.0076867757196526516,0.01133708528285151,0.0012881595287208057,3.5303740099322285e-05,0.002295081071946764,-0.003568392774294867,-1.4054222621266532e-05
-0.6649084742209868,0.4738366091842909,0.7680199146322992,-0.1776289442289466,0.02244391213012945,-0.008416173005451917,0.011360007968530239,0.0012522811475113229,3.475772669399818e-05,0.002292337923687585,-0.003588226718149174,-1.3881906264865601e-05
-0.6666806458363561,0.4740505011324483,0.7679330485577288,-0.17720573296308956,0.02129254110783678,-0.009145110462504226,0.011382943144254936,0.0012163119853429707,3.4211651766438104e-05,0.002293584974394217,-0.0035973046144401684,-1.3702557216069008e-05
-0.6684486332600076,0.47425296324227234,0.7678387015456027,-0.17678680119829515,0.020140856581507677,-0.009873741248960346,0.011405925404562124,0.0011803538669245112,3.366667251221704e-05,0.0022982913374627123,-0.0035961993763853227,-1.3522993412063455e-05
-0.6702124786625097,0.47444399262681,0.7677368762334567,-0.1763721384574884,0.01898885284009727,-0.01060209802489899,0.01142894884401654,0.001144453609734805,3.312330052266058e-05,0.002302407107291933,-0.0035904121057369564,-1.3345618261973842e-05
-0.6719722240672447,0.4746235863455932,0.7676275754311893,-0.17596172992246106,0.01783652511361053,-0.011330161581007837,0.01145197270815227,0.0011086085008260355,3.258149302330076e-05,0.0023024474499598042,-0.003584896155068976,-1.3169608206985857e-05
-0.6737279113732183,0.47479174145714004,0.7675108023779245,-0.17555556300295896,0.016683874209782644,-0.01205788865086693,0.011474963892132595,0.0010728228994537636,3.204131677471795e-05,0.0022991773159927865,-0.0035789442245491563,-1.2992231289314654e-05
-0.6754795823721692,0.4749484550661211,0.7673865607477526,-0.17515362609532006,0.015530905234194243,-0.012785245910801865,0.011497930500880894,0.0010371563810413545,3.1503481872326166e-05,0.0022967176159454897,-0.003567034322441273,-1.2812655129603258e-05
-0.6772272786898795,0.4750937243165495,0.7672548543822771,-0.1747559009499493,0.014377621881203548,-0.013512234451199721,0.011520910151038573,0.0010017107974005515,3.0969170044799274e-05,0.0022980194854018174,-0.003544938547247079,-1.2632704700199872e-05
-0.6789710416652983,0.47522754634049585,0.7671156871581467,-0.17436235715819923,0.013224022643349187,-0.014238865103349404,0.011543927040318454,0.0009665712057753579,3.0439356732020996e-05,0.002301741069181894,-0.003514336482305409,-1.2454232769000175e-05
-0.6807109122486941,0.4753499182189972,0.766969063180544,-0.17397295476605584,0.012070102891736748,-0.014965118454938382,0.011566963079673618,0.0009317646340791524,2.9914358620491446e-05,0.00230365376674817,-0.0034810314345615503,-1.2276634838295863e-05
-0.6824469309802412,0.4754608370004126,0.7668149870503992,-0.17358765219430639,0.010915860612765445,-0.015690941816515255,0.011589973911337034,0.0008972815624571968,2.9394089699699295e-05,0.002301130746231863,-0.003448678401730733,-1.2098159223400107e-05
-0.6841791380228526,0.4755602997616113,0.766653463806159,-0.1732064107888851,0.00976129967822577,-0.01641629275753192,0.011612933533909211,0.000863135275525739,2.887874223434296e-05,0.0022960076186309365,-0.0034149967668095685,-1.1917490367687087e-05
-0.6859075731663932,0.47564830364762484,0.7664844987275609,-0.17282919129143776,0.008606427035942641,-0.017141158737796973,0.01163585912133272,0.0008293953963286094,2.8369165804440458e-05,0.0022926018661316235,-0.003374352303366214,-1.1734492422288675e-05
-0.687632275753026,0.47572484585042746,0.7663080971808527,-0.17245594625519498,0.007451246902661306,-0.017865547545766736,0.011658788970498376,0.0007961599258896311,2.7866525882445026e-05,0.002293025770111341,-0.0033239070380881625,-1.1551012066180532e-05
-0.6893532845592403,0.47578992355388483,0.7661242646594858,-0.17208661672429792,0.006295758349475555,-0.01858945711569383,0.011681738471584178,0.0007634962896009069,2.737161697627201e-05,0.002294988703064923,-0.003266718759074227,-1.1369045718360061e-05
-0.6910706377177429,0.47584353390660783,0.7659330069585282,-0.17172113682749876,0.005139958720015826,-0.019312857949110272,0.011704680301326365,0.0007314160987113076,2.6884593975518766e-05,0.002294219377151572,-0.003208369246937979,-1.1187772867782256e-05
-0.6927843727175639,0.4758856740544352,0.765734330351261,-0.17135944110935886,0.0039838492371899875,-0.020035699323922317,0.01172757016800037,0.0006999095691425654,2.6405374802580355e-05,0.0022890209634340458,-0.0031509981647393015,-1.1006015884472744e-05
-0.6944945264370287,0.4759163412026464,0.7655282414970856,-0.17100146672591476,0.002827436795589152,-0.02075794591702181,0.011750391547914595,0.0006690008095760425,2.593429205048732e-05,0.0022821702350223944,-0.0030912159828281934,-1.0822118012927673e-05
-0.6962011351315144,0.4759355326419453,0.7653147472945218,-0.17064714842971232,0.0016707298588851602,-0.021479585987513764,0.011773170078536942,0.0006387650211961179,2.5472273009987656e-05,0.002277883272967699,-0.003023913104679796,-1.0636846823752606e-05
-0.697904234348829,0.47594324571533875,0.7650938547020258,-0.17029641200850687,0.0005137330419003825,-0.022200627576117484,0.011795942579014706,0.0006092897691791502,2.5020366973787967e-05,0.0022772782480478754,-0.002947853073340852,-1.0452984127155449e-05
-0.6996038588238809,0.47593947776388656,0.7648655708213266,-0.16994917336799897,-0.0006435537571536959,-0.022921063424314856,0.011818714558025013,0.0005806235059451616,2.457915479999921e-05,0.002277224151338019,-0.002866947445117084,-1.0271721640962478e-05
-0.7013000424261835,0.47592422611295454,0.7646299030667509,-0.1696053441591656,-0.0018011308631590256,-0.023640861268091676,0.011841450741036921,0.0005527671553549541,2.414866732045523e-05,0.0022736426968128446,-0.0027859493939358664,-1.0092204404300285e-05
-0.7029928181744878,0.4758974881160164,0.7643868593620545,-0.16926483764681077,-0.002958993726034179,-0.02435996842624034,0.011864109544322607,0.0005257157606492235,2.372888553828309e-05,0.00226590296503845,-0.002705446999176991,-9.912550779196005e-06
-0.7046822182622713,0.4758592612146769,0.7641364479508294,-0.16892756866753014,-0.004117132776178391,-0.025078357928464006,0.01188668457290864,0.0004995034329013152,2.3320262464814318e-05,0.002257523805108997,-0.002621533192186822,-9.731972363594272e-06
-0.7063682740294648,0.4758095429510339,0.7638786772005096,-0.1685934480964899,-0.005275538412984287,-0.02579602893575402,0.011909207798811612,0.00047420409688658674,2.2923710908415466e-05,0.0022523418966539687,-0.002530226337479445,-9.552040501389251e-06
-0.708051015876501,0.47574833092187796,0.7636135557047495,-0.16826237807645814,-0.006434205608932899,-0.026512969659774163,0.011931711891585482,0.0004498891284251653,2.254008382622086e-05,0.0022504270028413063,-0.0024317813840599423,-9.376104454467993e-06
-0.7097304731798386,0.4756756227314139,0.7633410922003278,-0.16793425322365682,-0.007593133234104243,-0.027229169676411504,0.011954191912844359,0.00042658851077155313,2.216972792160552e-05,0.002248018356414708,-0.002330337898175737,-9.20579160449442e-06
-0.7114066742640681,0.4755914159905596,0.7630612958497062,-0.16760896625803653,-0.008752318866678281,-0.027944584848476076,0.011976606902985708,0.0004042977219589971,2.1812588589972795e-05,0.0022415138513362308,-0.0022293466351482943,-9.040190824824893e-06
-0.7130796464233328,0.47549570837123756,0.7627741762620093,-0.16728641185904405,-0.009911754635809596,-0.028659170338049617,0.011998920382066916,0.0003830191294862489,2.146870814905044e-05,0.0022313614453563927,-0.0021281185815797718,-8.87790779212008e-06
-0.7147494159344195,0.4753884976594601,0.7624797433317991,-0.1669664849159103,-0.011071428635499238,-0.02937290342245296,0.012021136294385667,0.0003627921393036835,2.1138575859825313e-05,0.00222160354278546,-0.002022949622616748,-8.718757196191885e-06
-0.7164160080179399,0.47526978175232315,0.7621780071060363,-0.16664907556202996,-0.012231330402074853,-0.030085778449205836,0.01204329079016676,0.00034368141126307896,2.082296812137679e-05,0.0022154607266255013,-0.0019113142057062516,-8.564606068567594e-06
-0.7180794467624042,0.4751395586068563,0.7618689777847466,-0.16633406657522068,-0.013391454380983017,-0.03079778729525335,0.012065409896521674,0.00032573807011764325,2.0522473727507266e-05,0.00221192069342132,-0.001794565968978925,-8.418246297208709e-06
-0.7197397550661233,0.4749978262007987,0.7615526656629779,-0.16602133590880525,-0.014551797756723602,-0.03150892210369559,0.012087477586879707,0.0003089774590947084,2.0237260012621242e-05,0.002206778087371456,-0.0016762833134798193,-8.278924669649302e-06
-0.7213969546328988,0.47484458261762247,0.7612290752473175,-0.1657107619143666,-0.015712355131979105,-0.03221975872185264,0.012109441978915827,0.00029338265630350993,1.996712242226585e-05,0.0021964473397057685,-0.0015596929648349072,-8.144931630728368e-06
-0.7230510659902664,0.47467982593213615,0.7608982210738695,-0.16540222417373618,-0.01687311409843006,-0.032929296678387954,0.012131276594298074,0.00027897086103188064,1.9712274761198565e-05,0.002183468831459227,-0.0014413825486391861,-8.015707196904753e-06
-0.724702108492676,0.4745035543848804,0.7605601159197097,-0.16509560134269724,-0.018034060347997795,-0.03363771794733696,0.012152995802227506,0.00026578397321905023,1.947322985873874e-05,0.0021719273040713702,-0.001318881818894692,-7.891421894327451e-06
-0.7263501002761331,0.47431576635086226,0.7602147718716554,-0.16479076716934088,-0.019195182256024835,-0.03434509848273271,0.012174637212106827,0.0002538725730438443,1.9250590232296883e-05,0.0021641467728232768,-0.0011913227071553665,-7.773863523321757e-06
-0.7279950581991264,0.47411646027931725,0.7598622008413378,-0.16448759003971689,-0.020356472964665643,-0.035051459759722535,0.012196217298722719,0.000243268301936344,1.9044734401594475e-05,0.002158013778639895,-0.0010605992211379907,-7.66261649275557e-06
-0.729636997809245,0.4739056346611395,0.7595024149801737,-0.16418593584850016,-0.02151792683829431,-0.03575677835929954,0.012217708522110229,0.00023397715407633666,1.885574316104173e-05,0.002149126848594575,-0.0009292762584201563,-7.556327392520882e-06
-0.7312759333465213,0.4736832880626079,0.7591354266926313,-0.16388567101310803,-0.02267953405614992,-0.03646102927469203,0.012239063711915512,0.0002259997153387196,1.868363984934907e-05,0.0021355229387863164,-0.000797894679191227,-7.454166977563171e-06
-0.7329118777533628,0.47344941918907524,0.7587612486133094,-0.1635866623910544,-0.02384127925022095,-0.0371641919695488,0.012260260702427094,0.00021935161684699206,1.8528643300101136e-05,0.0021197025026345345,-0.0006649498318594049,-7.354999241298884e-06
-0.7345448426626737,0.4732040269167141,0.758379893508411,-0.16328877503482062,-0.025003145538648276,-0.03786625733919073,0.012281319627313343,0.00021406379332014413,1.839115428267488e-05,0.002105895468195338,-0.0005289112488801752,-7.259451870832807e-06
-0.7361748383632941,0.472947110261858,0.7579913744064241,-0.16299187054437556,-0.026165119527744127,-0.038567202367600986,0.01230227428984167,0.00021016514459687265,1.8271552753057185e-05,0.0020954687898310786,-0.00038998242878144626,-7.167230004940007e-06
-0.7378018737684372,0.47267866833174554,0.7575957044812881,-0.1626958079027254,-0.027327191828504488,-0.03926701374607484,0.012323129029794952,0.00020766896186223438,1.8170033871400073e-05,0.0020854761163062877,-0.00024972434633336286,-7.077720755103304e-06
-0.7394259564062995,0.4723987003116986,0.7571928971467792,-0.16240044554089908,-0.02848935257876531,-0.039965668187198,0.012343846899401122,0.00020657822254732309,1.8086667750401847e-05,0.002071788687401096,-0.00010916845260960212,-6.990749952074775e-06
-0.7410470924247794,0.47210720551174074,0.7567829660410064,-0.16210564222196627,-0.0296515867924192,-0.0406631450265655,0.012364381639511743,0.00020689937565158829,1.802155848810009e-05,0.0020534753571951956,3.203242499472427e-05,-6.90717535792803e-06
-0.742665286589925,0.47180418342920705,0.7563659249900995,-0.16181125618847705,-0.03081387449307575,-0.04135942790937704,0.012384719751203739,0.00020864750219114393,1.7974916766077665e-05,0.0020338121383609484,0.00017474155408678355,-6.8269878352673745e-06
-0.7442805422705457,0.471489633766912,0.7559417879912834,-0.16151714408935594,-0.03197619551593565,-0.042054501084489215,0.012404886836865204,0.00021183823732954607,1.7946957126495292e-05,0.002016709154046445,0.00031901434982010177,-6.750501302356223e-06
-0.745892861421575,0.4711635563958353,0.7555105691756656,-0.16122316123161592,-0.03313853368295025,-0.04274835089560376,0.012424911731582295,0.00021647891858644553,1.7937791275579132e-05,0.002002489668070661,0.00046402098380895595,-6.677725478505926e-06
-0.7475022445799279,0.4708259513091737,0.7550722829088362,-0.1609291627416369,-0.03430087582093532,-0.043440953757962135,0.01244478771783488,0.00022257135816129657,1.7947462238718052e-05,0.0019875984130225967,0.0006092088811891134,-6.608640299418435e-06
-0.7491086908815348,0.47047681872229874,0.754626935643953,-0.16063500515979084,-0.03546320707751526,-0.04413310272488511,0.012464466921638896,0.0002301198464873743,1.7976061484081622e-05,0.0019679197331336586,0.000754825906553994,-6.541415188665462e-06
-0.7507121980418408,0.47011615898337944,0.75417453841282,-0.16034054301392,-0.036625505990615426,-0.04482434303591247,0.012483904018417607,0.00023913608600849154,1.8023761395527085e-05,0.001943708558758916,0.0009016133045453189,-6.47711282257454e-06
-0.7523127623334083,0.4697439725657664,0.7537151126431585,-0.16004562883764703,-0.03778774655989532,-0.04551363627687589,0.012503100446365857,0.0002496293665832521,1.8090674183689776e-05,0.0019196411596496023,0.0010493297603822184,-6.418684975421192e-06
-0.7539103786105499,0.4693602603294588,0.7532486679594511,-0.15975011767600494,-0.03894990550409694,-0.046202161054567016,0.012522082426379168,0.00026159609472829103,1.8176781162998372e-05,0.0018981958003840985,0.0011966868766181019,-6.363063702335619e-06
-0.7555050402926031,0.46896502330413004,0.7527752171084043,-0.15945386360156025,-0.04011196252360694,-0.04688960218009347,0.012540872715650806,0.00027502574173888123,1.8281962179180165e-05,0.0018790261050975572,0.0013429910582207043,-6.311616179891685e-06
-0.7570967393858306,0.46855826267068296,0.7522947743266036,-0.1591567224594144,-0.04127389938906448,-0.04757581059817907,0.012559454880601943,0.000289916715086705,1.840620683263407e-05,0.0018582129856138771,0.0014891359900508893,-6.264438480614951e-06
-0.7586854664923247,0.4681399797865273,0.7518073546074036,-0.15885855023814194,-0.04243569472174978,-0.04826071442942504,0.012577781614864655,0.00030628293524305456,1.85496940662992e-05,0.0018326691489708048,0.0016366730875874969,-6.2219463496043495e-06
-0.7602712107943072,0.4677101762490653,0.7513129735472573,-0.15855920125005674,-0.0435973214116044,-0.048944257189566236,0.012595816982627753,0.0003241399544371724,1.871262427129644e-05,0.0018035316406111808,0.0017857655407938257,-6.18394911927403e-06
-0.7618539600325275,0.4672688539467707,0.7508116471302767,-0.15825852858352304,-0.044758749480629766,-0.04962639917455306,0.012613566667816524,0.0003434837829673913,1.8894934489911047e-05,0.0017749624331912211,0.0019344589798210956,-6.152081494928662e-06
-0.7634337005101074,0.46681601505240494,0.7503033915142175,-0.15795638684848426,-0.04591995124847529,-0.0503071173017638,0.01263106289692577,0.0003642882180252282,1.9096289445729054e-05,0.001749615785300223,0.002080531926864261,-6.125425199050827e-06
-0.7650104171288173,0.4663516619742075,0.7497882231097145,-0.15765263430731324,-0.047080903112235575,-0.05098638129497959,0.012648322361205262,0.00038652831654405217,1.9316364300903838e-05,0.0017259381662011381,0.0022241103589059766,-6.104326420155643e-06
-0.7665840934263378,0.4658757973262518,0.7492661586742857,-0.1573471317142654,-0.048241582262473624,-0.051664157353233015,0.01266532115502134,0.00041020470835011647,1.955515498353837e-05,0.0016998698690267357,0.0023677517662101994,-6.088833274802754e-06
-0.7681547115586423,0.46538842384521995,0.7487372246310507,-0.1570397376880127,-0.049401961501084606,-0.05233948302212999,0.012682019461420443,0.000435333175253868,1.9812817524487305e-05,0.0016698197467766211,0.0025129714284058604,-6.081955433978503e-06
-0.7697222523038628,0.46488954462110216,0.7482014424402257,-0.1567303110679217,-0.050562009938585346,-0.05301285679346367,0.012698395788520393,0.000461921270272482,2.0089414586991782e-05,0.001637620301135471,0.0026589464137773047,-6.08246269034081e-06
-0.7712866950397441,0.4643791630920128,0.747658831478357,-0.15641871039831837,-0.05172169551710853,-0.05368448193319747,0.012714465840304294,0.0004899416799164284,2.0384574648223012e-05,0.0016069911308280783,0.0028021898011685448,-6.0893615147529145e-06
-0.7728480177727349,0.46385728300559365,0.7471094103027999,-0.1561047985098943,-0.05288098924296397,-0.05435443083986558,0.012730259212795742,0.0005193441816010847,2.069762946878997e-05,0.001579321451087847,0.0029404104886226164,-6.102974889013844e-06
-0.7744061972040467,0.46332390836949716,0.746553197072943,-0.15578844406801107,-0.05403986532885319,-0.05502273754300097,0.012745781971866408,0.0005500955343486755,2.1028126966666208e-05,0.0015522582347416087,0.0030753067740445137,-6.1230133424685075e-06
-0.7759612087754207,0.46277904343244797,0.7459902099728477,-0.15546951814784543,-0.055198297328434856,-0.05568940217837199,0.012761003637965842,0.000582203603915373,2.1376133989679374e-05,0.0015221469075710169,0.0032109896581864203,-6.149705690842693e-06
-0.7775130266574081,0.4622226927235532,0.7454204670793306,-0.1551478895918698,-0.05635625436801876,-0.056354441682619036,0.012775883339245224,0.000615694814296931,2.174196021078093e-05,0.0014879482168340804,0.0033493151237630066,-6.1822672552587554e-06
-0.7790616237071682,0.4616548611064828,0.7448439863622421,-0.15482342455829523,-0.057513701547899934,-0.057017867311530065,0.01279040646026083,0.0006505676443850343,2.2125560807010123e-05,0.0014522878146355496,0.0034874884355285273,-6.220312139611301e-06
-0.7806069714607913,0.4610755537973461,0.7442607857441478,-0.1544959912734619,-0.05867060400375025,-0.05767967489671642,0.012804591898422868,0.0006867717602243714,2.252625843153608e-05,0.001418517022793612,0.0036206278988697594,-6.264477291554043e-06
-0.7821490401940943,0.46048477633262025,0.7436708833611081,-0.15416546518576296,-0.05982693008122881,-0.05833983122067776,0.012818463432996216,0.0007242400844380452,2.294316390062907e-05,0.0013871240444319622,0.0037470590373313043,-6.31421894253237e-06
-0.7836877990124451,0.4598825345352114,0.7430742972686964,-0.1538317287482609,-0.060982650296344636,-0.05899833968623608,0.012832016607551053,0.0007629419534481954,2.337584602416824e-05,0.0013552852816535645,0.0038704235184986654,-6.370073274787619e-06
-0.7852232158912614,0.4592688345121653,0.7424710456890736,-0.15349466554198446,-0.06213773324226817,-0.059655188720256026,0.01284521635827218,0.0008028975595723728,2.3824525807420263e-05,0.001319939944108429,0.003995807350050003,-6.431794289231706e-06
-0.7867552576439967,0.45864368269935013,0.7418611469761629,-0.1531541553985342,-0.0632921429656103,-0.06031037170325583,0.012858027058962659,0.0008441355073314597,2.428953239407188e-05,0.0012810317750084608,0.004124051821893806,-6.499188763849007e-06
-0.7882838898725493,0.4580070859085842,0.7412446196020097,-0.15281007605150765,-0.06444584052746476,-0.06096387429022187,0.012870442600653044,0.0008866364741133913,2.477057831725224e-05,0.0012415125400195891,0.0042503638240946095,-6.5721397517677134e-06
-0.7898090769809685,0.457359051333946,0.7406214821520991,-0.15246231010490702,-0.065598788000177,-0.06161567236782627,0.01288248365477111,0.0009303254102024656,2.526666524583864e-05,0.0012040603432757178,0.004369170192780086,-6.6497831025353606e-06
-0.7913307822692429,0.45669958652,0.7399917533224666,-0.15211074990251855,-0.06675095046894507,-0.0622657419151348,0.012894167248479875,0.0009751248336019963,2.5776747469936104e-05,0.001168310774081894,0.004480227658781075,-6.733393539501244e-06
-0.7928489680360706,0.4560286993341886,0.7393554518573514,-0.15175529472234867,-0.06790229406607609,-0.0629140756605174,0.012905481150958603,0.0010210137185718397,2.6300506658777015e-05,0.0011313379730984153,0.004589182316168178,-6.822678101096919e-06
-0.7943635956037939,0.4553463979766371,0.7387125967245703,-0.1513958430094173,-0.06905278222956678,-0.06356065856717573,0.01291639018604925,0.001068024725212198,2.6838321235935065e-05,0.0010908473333192646,0.004701403201138829,-6.916976041166793e-06
-0.7958746252656878,0.45465269102719225,0.7380632069615721,-0.15103228843315686,-0.07020237429742267,-0.06420548921105375,0.012926866839056143,0.0011161814600079915,2.739045070053531e-05,0.001047605002481669,0.004815984874225623,-7.0163079217477525e-06
-0.7973820162388726,0.4539475874799503,0.7374073017849223,-0.15066452423633037,-0.07135102783260862,-0.06484854319993222,0.01293691266336843,0.0011654409641184303,2.795628832364892e-05,0.001004517879860552,0.004926270239311905,-7.121077927605702e-06
-0.7988857267082929,0.4532310967402263,0.7367449004653408,-0.15029245173495537,-0.07249870209243213,-0.06548979911244433,0.012946547872386614,0.0012157058599601052,2.8534522754732132e-05,0.0009634520587871929,0.0050268169658396035,-7.231096688505061e-06
-0.8003857139504358,0.45250322859254233,0.7360760223867151,-0.14991598366085782,-0.0736453588435719,-0.06612923313104925,0.012955782526532818,0.0012668973025745317,2.9124075632984814e-05,0.0009233922333547576,0.005119478462462559,-7.346731491755188e-06
-0.8018819344367402,0.451763993182585,0.7354006870106026,-0.14953503841192076,-0.07479095990816795,-0.06676683798988316,0.012964599372681684,0.001319009606155043,2.9724816561656547e-05,0.0008816069419078609,0.0052115712584848185,-7.467652321793952e-06
-0.8033743438348745,0.45101340103537063,0.7347189140054511,-0.14914953132884584,-0.07593546410913181,-0.06740260181509167,0.012972966688712314,0.0013720849875498286,3.033723677234797e-05,0.0008366491990562647,0.005307886022876738,-7.5935655128202115e-06
-0.8048628969388125,0.4502514630973991,0.7340307231610096,-0.14875937277454418,-0.07707882699288161,-0.06803651571393786,0.012980866046957546,0.001426134521504249,3.0961428108952074e-05,0.0007898484933366593,0.005405308289492629,-7.723842661759747e-06
-0.8063475476358847,0.44947819076040596,0.7333361343537428,-0.14836447532533584,-0.07822100347560518,-0.06866856036985527,0.012988304362146133,0.0014810887767125016,3.159642605712686e-05,0.0007437392148528689,0.005495786760343447,-7.859441033383071e-06
-0.8078282489854385,0.44869359584960883,0.732635167532176,-0.14796476266463454,-0.07936195042700432,-0.06929871059108186,0.012995299199234443,0.0015368342451282462,3.2240698505620996e-05,0.0006993864906370809,0.005574913395887534,-7.999635895060548e-06
-0.8093049533645502,0.44789769059532947,0.7319278427655584,-0.1475601703886193,-0.08050162652836274,-0.06992694378167873,0.013001853656271782,0.0015932997945924958,3.2893260347513986e-05,0.0006553435734764859,0.005646926137843536,-8.144517721232452e-06
-0.8107776126007425,0.4470904877598023,0.7312141690495326,-0.14715063848533508,-0.081639990361214,-0.07055437430023742,0.013007942640482783,0.0016505166777167216,3.355448498511346e-05,0.0006087911765802508,0.005722064364301149,-8.29109097391652e-06
-0.8122461778249705,0.44627200032240033,0.7304941727950365,-0.14673609640275256,-0.0827769950835383,-0.07117926799479492,0.013013543886895797,0.0017085214448268697,3.422477311289608e-05,0.0005600120651874466,0.005800857837704279,-8.443339064314696e-06
-0.8137105995197832,0.44544224189426906,0.729767865843071,-0.14631647492043645,-0.08391259432859861,-0.07180308529279535,0.01301864056496964,0.0017673249545815967,3.490422624949018e-05,0.0005095497237084916,0.005880737219799366,-8.597573896874045e-06
-0.8151708273725713,0.4446012263695715,0.7290352761228107,-0.14589170419303882,-0.08504673894134492,-0.07242420019446291,0.013023247139101923,0.0018268163857655508,3.559132360772848e-05,0.00046053393704422824,0.005949533442506349,-8.75746932754301e-06
-0.8166268104818596,0.44374896814615755,0.7282964275546707,-0.14546173313561508,-0.08617938393840299,-0.07304299406994703,0.013027378684637499,0.0018868677179515886,3.628432141497777e-05,0.0004130258748850627,0.006005526440095495,-8.92274481941091e-06
-0.8180784975118729,0.44288548207599326,0.7275513422866278,-0.14502652162843885,-0.08731048525863944,-0.07365963629810067,0.013031034406997587,0.0019474209445379015,3.6982399574869665e-05,0.0003654384044315629,0.006055718204348284,-9.092054895383028e-06
-0.8195258367583885,0.4420107834485868,0.7268000419585487,-0.14458603002132836,-0.08843999765814622,-0.0742741839371259,0.013034197369262365,0.002008505249833151,3.7685871809215615e-05,0.0003161570823573171,0.006108828563726818,-9.265463486334143e-06
-0.8209687760439426,0.4411248878688776,0.7260425597489438,-0.14414021154609186,-0.0895678729949442,-0.07488548671621849,0.013036859012467828,0.002070137172033079,3.8394859654548446e-05,0.0002660197352515642,0.006163592764170329,-9.445577166356668e-06
-0.8224072627911496,0.4402278116269231,0.725278910541205,-0.1436890234154043,-0.09069406506667117,-0.0754953726668663,0.013039011267434893,0.0021322967619008593,3.910905137060281e-05,0.00021507542964110572,0.006216361807908561,-9.62803020196284e-06
-0.8238412439430605,0.4393195714443132,0.7245091127449766,-0.14323242633032734,-0.09181852573338403,-0.07610347287661734,0.013040661287779894,0.002194871282881404,3.982691973678796e-05,0.00016484671776695662,0.0062578561672917395,-9.813273008353945e-06
-0.8252706661121807,0.43840018448382134,0.7237331863877489,-0.14277039612061176,-0.09294120836303207,-0.07670960894790554,0.013041815761914103,0.002257744209004748,4.054688823745861e-05,0.00011528712640836637,0.006287696868943408,-1.0001209116356534e-05
-0.826695475785966,0.43746966848866475,0.7229511404521702,-0.14230291854379873,-0.0940620674742467,-0.07731488554917426,0.013042462534237603,0.0023209026230363314,4.1268751632977496e-05,6.45119746173416e-05,0.006316245693918687,-1.0189736079047182e-05
-0.8281156192711533,0.4365280415794872,0.7221629907523098,-0.1418299722834846,-0.09518105412551284,-0.07791863023433307,0.013042583997396086,0.0023844044849059467,4.1993213333602434e-05,1.1975875266090852e-05,0.006350590941334841,-1.0380295120506042e-05
-0.8295310425652068,0.43557532218246237,0.7213687677944514,-0.14135152826342548,-0.09629811727848792,-0.07851937749545886,0.013042175285515845,0.002448267801372604,4.2720426424107557e-05,-4.104690698062826e-05,0.00638673691658399,-1.0575688679559795e-05
-0.8309416913338088,0.4346115291306881,0.7205685089840697,-0.14086756190377483,-0.09741320711341038,-0.07911642477494267,0.013041246637066125,0.00251240480920765,4.3449160248455954e-05,-9.304559528319068e-05,0.006414105716084299,-1.0776299658815785e-05
-0.8323475111219031,0.43363668197960814,0.7197622311154402,-0.14037806583905013,-0.09852627751717287,-0.07971181675244789,0.01303980003121061,0.00257669257128406,4.4177761587291536e-05,-0.0001448459815097442,0.006429179698305754,-1.0978527078670191e-05
-0.8337484474085822,0.43265080072360557,0.7189499536133827,-0.13988304238040572,-0.0996372802872458,-0.08030527714644423,0.013037835866511548,0.0026410295252996007,4.490485203119338e-05,-0.00019660615748635221,0.0064340965226632706,-1.1182789715746395e-05
-0.8351444457441749,0.43165390580660684,0.7181316974043974,-0.1393824998538991,-0.1007461671866423,-0.08089665661980573,0.013035348934792223,0.002705409260640139,4.5630296677665516e-05,-0.00024888709897086627,0.006438372170854654,-1.1388818540961784e-05
-0.8365354518291622,0.43064601836753913,0.7173074652936821,-0.1388764435166791,-0.10185289107582428,-0.08148777774623377,0.013032334629826985,0.0027698936001320554,4.635467458802777e-05,-0.00030162880569922047,0.006448830338319745,-1.1614121367190784e-05
-0.8379214112383436,0.4296271597144422,0.7164772854283371,-0.1383648668447195,-0.10295740069299635,-0.08207610945163363,0.013028788178855324,0.0028344948237243412,4.707818855357944e-05,-0.0003548478395664414,0.006460516668228178,-1.1831668757339219e-05
-0.8393022694832681,0.42859735163995266,0.7156411858757307,-0.13784777087472153,-0.10405964673645306,-0.08266164910792073,0.01302470913892994,0.002899127630845752,4.779972100987912e-05,-0.0004081108419903264,0.0064636722168841965,-1.2046324906818719e-05
-0.8406779722007864,0.42755661669054973,0.7147991723633125,-0.13732517302376293,-0.10515958224101898,-0.08324661366563467,0.013020099969035444,0.0029636593259253106,4.8517338874638315e-05,-0.00046112735118219105,0.006453556824544693,-1.2278015355239995e-05
-0.8420484651267875,0.426504977590681,0.7139512751930469,-0.13679709829581926,-0.10625715627848932,-0.0838285352181194,0.013014958105244136,0.003028002008359994,4.92299559659521e-05,-0.0005143998668244227,0.00643465071153553,-1.2500556553616294e-05
-0.8434136944013835,0.425442457806946,0.7130975031047495,-0.13626357988306767,-0.10735232180439061,-0.08440957421190097,0.013009283300313514,0.0030921728702014706,4.993762041647952e-05,-0.0005676970442372074,0.006417463729881284,-1.2737420787052089e-05
-0.8447736063357859,0.42436908098412,0.7122378896918138,-0.1357246384960595,-0.10844502763723632,-0.08498725442068504,0.013003074155992105,0.003156227379333265,5.064113240288635e-05,-0.0006211342230091291,0.00640582411780659,-1.2963185525546138e-05
-0.8461281475220991,0.42328487152611344,0.7113724455638291,-0.13518029595918205,-0.10953522703105055,-0.08556387527906975,0.012996332278157562,0.0032201618473956576,5.134027371127705e-05,-0.0006744106829352125,0.00639381542720819,-1.3202701966722991e-05
-0.8474772646122533,0.4221898540260173,0.7105012050352791,-0.13463057558464364,-0.11062286904335564,-0.08613705377404557,0.012989053973583315,0.0032838703054478813,5.203376663441763e-05,-0.0007280559820441218,0.006371209087464956,-1.342904335944126e-05
-0.8488209046526924,0.4210840538412558,0.7096241788649115,-0.13407552138655446,-0.11170790672362942,-0.08670913010949399,0.012981236140402266,0.0033472209605045202,5.27197490191192e-05,-0.0007820107582820281,0.006335422153142137,-1.3667354575130299e-05
-0.8501590150400141,0.41996749651825727,0.7087414021594628,-0.13351518275030339,-0.11279028836322082,-0.08727766372286012,0.012972875273550465,0.0034101537344158575,5.339754005119493e-05,-0.0008363156891473659,0.006293627037730347,-1.3892909770181135e-05
-0.8514915438127318,0.4188402083840203,0.7078528858250516,-0.13294961356124962,-0.1138699670572844,-0.08784508124283923,0.012963978205609598,0.0034727056707287906,5.4067500380406885e-05,-0.0008899373557740085,0.006255536444893783,-1.4127743964106532e-05
-0.8528184393631224,0.41770221594637996,0.70695866550199,-0.13237885434492916,-0.11494689225502384,-0.08840891721273655,0.012954550285239001,0.003534927102835514,5.47303725035291e-05,-0.00094302429481359,0.006222479743009382,-1.4350901753663026e-05
-0.8541396505748473,0.4165535464752721,0.7060587525696053,-0.1318029491565702,-0.11602101863117106,-0.08897159595385973,0.01294459440304574,0.0035967905479108086,5.538565400438098e-05,-0.0009958218829713272,0.006186674350777654,-1.4586037448499069e-05
-0.8554551266106226,0.41539422741085164,0.7051531828968506,-0.13122194624873174,-0.11709229582629574,-0.08953065587401844,0.012934101748059538,0.0036581779893887514,5.6031928737586795e-05,-0.0010494999332584369,0.006139066470587758,-1.4807492755881404e-05
-0.8567648172911073,0.4142242869642166,0.7042419676862934,-0.1306359142066927,-0.11816067724418203,-0.09008855168275472,0.012923065591490195,0.003718972564757329,5.666758263612247e-05,-0.0011038501221395836,0.006079771242454746,-1.5036940717881473e-05
-0.8580686730072158,0.41304375353207207,0.7033251431172839,-0.13004492351308447,-0.11922611106865856,-0.09064278426719917,0.012911484602111929,0.0037791431793638944,5.729230978404997e-05,-0.0011583331511141265,0.006017366427292692,-1.5254812833267974e-05
-0.8593666449947354,0.4118526562972609,0.702402720462185,-0.12944904614432717,-0.12028855143575935,-0.09119585200989085,0.012899374005271915,0.0038387404614278415,5.7906674271386864e-05,-0.001211293691308208,0.005960024754461109,-1.5479829018782647e-05
-0.8606586850044449,0.41065102460845376,0.7014747362345873,-0.12884834110461946,-0.1213479493550282,-0.09174523677539961,0.012886744388834503,0.0038978024328900915,5.8511260722491105e-05,-0.0012631955136245161,0.0059064857278654384,-1.5693671899111365e-05
-0.8619447454789835,0.40943888856266336,0.7005412020185919,-0.12824287375340507,-0.12240426150558988,-0.09229342770657792,0.01287359706807687,0.003956279985515769,5.9105325709522766e-05,-0.001314965366951832,0.005848035342071544,-1.591689058518075e-05
-0.8632247793502117,0.4082162784064016,0.699602154444374,-0.12763271547152577,-0.12345743844124304,-0.0928379090576503,0.012859916238435335,0.004014052092783796,5.9687419475095724e-05,-0.0013683149375912785,0.005777481455896445,-1.6127817475427736e-05
-0.8644987404470723,0.4069832251553088,0.6986576048625524,-0.1270179562700222,-0.124507434244513,-0.09338120095329587,0.01284569367023126,0.004071024206962127,6.025625778513729e-05,-0.001422486774862641,0.005697471942411055,-1.6344463228280263e-05
-0.8657665833561963,0.4057397600028611,0.6977075902519666,-0.1263986843575132,-0.12555419781945157,-0.09392074255212908,0.012830933812740612,0.004127192457134813,6.081189076031818e-05,-0.0014762135084287983,0.00561707544970645,-1.6550329133295714e-05
-0.867028263681426,0.4044859149226445,0.6967521220671067,-0.1257749873298599,-0.12659768548552705,-0.09445909377729159,0.01281566117188079,0.004182613486564326,6.135498276922529e-05,-0.0015274897348228815,0.005542343685441923,-1.6761820087011386e-05
-0.8682837376836069,0.40322172202794676,0.695791237536915,-0.12514694119014222,-0.12763785072899195,-0.09499368098570667,0.012799888758248211,0.004237308529507611,6.188590698110127e-05,-0.0015774648796536698,0.005469735666881059,-1.6962668799016478e-05
-0.8695329625036915,0.40194721415850976,0.6948249482785243,-0.12451463103399732,-0.12867465266260888,-0.09552706073757637,0.012783612701730316,0.004291211379816286,6.240374198748712e-05,-0.0016278264694643493,0.005390506412740639,-1.7170508807425435e-05
-0.8707758959637868,0.4006624242788446,0.6938532917148386,-0.12387814861185155,-0.12970804291834154,-0.09605664416101171,0.012766810277597974,0.004344207883661462,6.290714449452508e-05,-0.0016804597671842237,0.005299861008241885,-1.736663923078031e-05
-0.8720124969912488,0.399367386119132,0.692876279260671,-0.12323760157599119,-0.13073797680199156,-0.09658502833164648,0.012749474790848323,0.00439623025488408,6.339521874269198e-05,-0.0017337619734681922,0.005202436414026568,-1.7566095552683737e-05
-0.8732427254211617,0.39806213357306175,0.691893948675065,-0.12259309227782833,-0.13176440489462043,-0.09710958300075816,0.012731619298933326,0.004447297623900797,6.386830423254551e-05,-0.0017857583781009715,0.005106925156489808,-1.775661458879348e-05
-0.8744665422467574,0.39674670129824025,0.6909063114827114,-0.12194472142113696,-0.13278728678764679,-0.09763293780701612,0.012713276988126226,0.004497465012744729,6.432707827746818e-05,-0.0018344362613238986,0.005016916536049842,-1.7950245639756768e-05
-0.8756839092395939,0.3954211240539045,0.6899134057190723,-0.12129258015032385,-0.13380657908551072,-0.09815244371933235,0.012694459408646382,0.004546735763824034,6.477168609189993e-05,-0.001881959003472007,0.004927242331374998,-1.8134489954606085e-05
-0.8768947892219521,0.3940854372994912,0.6889152430638245,-0.12063677085731936,-0.13482224355414965,-0.09867073223286009,0.012675155389955287,0.004595033944173494,6.52011347183976e-05,-0.001930598164508114,0.004829974198993813,-1.8322709482334412e-05
-0.8780991458622273,0.3927396765930522,0.6879118617933758,-0.11997740195654136,-0.13583423312156834,-0.0991851391621063,0.012655336181662417,0.004642261014412151,6.561428872965935e-05,-0.001982111649946971,0.004722851499119843,-1.8500999257818152e-05
-0.8792969441029294,0.39138387825266674,0.6869032733818679,-0.11931459441070826,-0.1368425049745687,-0.09969834443652827,0.012635000656823636,0.0046883774403600675,6.601065575767009e-05,-0.0020337374011489434,0.0046117750932494345,-1.8680340648119983e-05
-0.8804881499027093,0.3900180787370659,0.6858895164354653,-0.11864846101290256,-0.1378470124304846,-0.1002076397761359,0.012614172175962923,0.004733418432791309,6.639077980766237e-05,-0.002083027158044398,0.0045042201896377835,-1.885192561395901e-05
-0.8816727304869411,0.3886423152409181,0.6848706026424224,-0.11797911299998205,-0.1388477192813376,-0.10071572122243808,0.012592890422846326,0.004777430860815052,6.675526332859329e-05,-0.0021283486384784805,0.004401352602040354,-1.9024687687953223e-05
-0.8828506539600508,0.38725662501614977,0.6838465708305367,-0.11730665435236826,-0.13984458564891966,-0.10121987602289337,0.012571161236053776,0.004820402147616342,6.710405020757727e-05,-0.0021730860586092393,0.0042972273798730235,-1.9189631965867395e-05
-0.8840218896233746,0.3858610459859847,0.6828174327038404,-0.11663120150221731,-0.14083757596554086,-0.10172281433031834,0.012548964414073728,0.004862254902542003,6.74361875691959e-05,-0.00221984299607604,0.00418536252409001,-1.9355213842530804e-05
-0.8851864078834154,0.38445561639993053,0.6817832053574913,-0.1159528774079265,-0.1418266476588528,-0.10222399555529706,0.01252627495090296,0.0049029111686916815,6.775079918853646e-05,-0.0022690999282977916,0.004065701511221962,-1.951363058492885e-05
-0.8863441802289079,0.3830403746306403,0.6807439323905526,-0.11527180666711193,-0.14281175439106755,-0.10272077243113834,0.012503090357781159,0.0049423585301392745,6.804781337650345e-05,-0.002318605520932615,0.0039447989322658064,-1.966709928389208e-05
-0.8874951795743296,0.38161535982763634,0.6796996273730409,-0.11458811478772314,-0.1437928599838157,-0.10321615126755648,0.012479453957636916,0.004980639754595571,6.832784571625085e-05,-0.00236377895198575,0.003828173578291794,-1.9816171146331077e-05
-0.8886393799863008,0.38018061145858184,0.6786503089854282,-0.11390191777832265,-0.1447699298448915,-0.10370962336033611,0.012455405928211575,0.0050177900247410645,6.859141337817514e-05,-0.00240493470524003,0.003715066881528516,-1.9961250677921567e-05
-0.8897767566322734,0.37873616927003056,0.6775959996454435,-0.11321333204256366,-0.14574293112396672,-0.10420081586873814,0.012430947834102759,0.005053784779222948,6.883828396324769e-05,-0.0024459337292564083,0.0035995039678926688,-2.0102919540892288e-05
-0.8909072858148119,0.3772820733038771,0.6765367237493005,-0.11252248133843251,-0.14671182787341647,-0.10468953200070859,0.012406046097558413,0.005088554246267456,6.906767109528039e-05,-0.0024902899801674846,0.003476963456133911,-2.0240692785953912e-05
-0.892030945065956,0.3758183639532617,0.675472506910552,-0.11182949671490999,-0.1476765801088831,-0.10517565263975844,0.012380673323602123,0.005122046724052039,6.927901458693504e-05,-0.002537385292499919,0.0033492524833385984,-2.0374919190085045e-05
-0.8931477132201174,0.3743450820152262,0.6744033750318374,-0.11113450982910698,-0.14863714819359597,-0.10565915215287627,0.012354844711584252,0.005154270136746627,6.947249873874814e-05,-0.002582960616716355,0.003222334113406611,-2.0505444270690607e-05
-0.8942575703985599,0.3728622686744676,0.6733293543268506,-0.1104376468468455,-0.1495934977085654,-0.10614000165053455,0.012328609202858297,0.00518526933653332,6.964876659813952e-05,-0.0026236419987640887,0.0030999014315773094,-2.063218675207815e-05
-0.8953604979406501,0.37136996543602385,0.6722504714179932,-0.10973902930241529,-0.15054559949004678,-0.10661816176383995,0.012302002047404318,0.005215067662296559,6.9808192494713e-05,-0.002660798449335056,0.002979802939146278,-2.0755456114684166e-05
-0.8964564783651837,0.36986821407656406,0.6711667531753029,-0.10903878038260523,-0.15149342444078234,-0.10709361038492547,0.01227501106685052,0.005243635588781764,6.995050774623927e-05,-0.0026991724768534687,0.0028567518306811123,-2.0874575606078528e-05
-0.8975454954056421,0.3683570566601866,0.6700782266442082,-0.10833702953348971,-0.15243693866710667,-0.10756633472162551,0.012247593479938921,0.005270918178580363,7.007512867142431e-05,-0.0027418242077005056,0.00272820669580692,-2.0990186296807076e-05
-0.8986275340826783,0.3668365355992353,0.6689849190428849,-0.10763391051478138,-0.1533761043185351,-0.10803632257933819,0.012219726816743937,0.005296888438962289,7.018182673710935e-05,-0.0027867226976431786,0.0025969622280959176,-2.1101482258839827e-05
-0.8997025807395983,0.36530669369081187,0.6678868577319721,-0.1069295552786382,-0.15431088544189378,-0.10850356243241008,0.012191439705588626,0.005321568863938039,7.027097604384505e-05,-0.002828758446902852,0.0024679674680489665,-2.1209009258850837e-05
-0.9007706230082634,0.3637675740818956,0.6667840702301265,-0.10622409032301593,-0.15524125261272084,-0.10896803864715983,0.012162788290313658,0.005345000225151392,7.034317605910755e-05,-0.002865180033832584,0.002343050316609619,-2.1312566964271394e-05
-0.9018316497491737,0.3622192201927369,0.6656765841615522,-0.1055176390859412,-0.15616718116414785,-0.10942974184302978,0.012133800579953863,0.005367195385382271,7.039868342212217e-05,-0.002898800766327671,0.0022194196755176204,-2.141242384533471e-05
-0.9028856510298212,0.3606616756760373,0.664564427231768,-0.10481032722217429,-0.15708864465016517,-0.10988866913972178,0.01210445045609731,0.005388126844733677,7.043727649310233e-05,-0.0029350331398115192,0.002093038993405463,-2.1507509478064496e-05
-0.9039326181601555,0.3590949844517051,0.6634476272463483,-0.1041022849108433,-0.1580056107011528,-0.11034481855362424,0.012074690184269477,0.005407758599646452,7.045862895618733e-05,-0.002976038708885953,0.001963057839893056,-2.1598310846791492e-05
-0.9049725437415289,0.35751919077574185,0.6623262121205197,-0.10339364389901254,-0.15891804388734007,-0.11079818506043879,0.012044507398276772,0.005426085111901134,7.046278257497945e-05,-0.003018280849471226,0.0018325229714173938,-2.1685177221469433e-05
-0.9060054216738692,0.3559343392631586,0.6612002099133634,-0.10268453272892318,-0.1598259126906236,-0.11124875494401286,0.01201394599309132,0.005443136169393912,7.04502083968844e-05,-0.0030561336852412,0.0017049672594720898,-2.176791720500236e-05
-0.9070312471140415,0.35434047483268266,0.6600696487254707,-0.10197507524477425,-0.16072919311344055,-0.11169652219307284,0.011983065821283216,0.0054589451951021165,7.042142645928226e-05,-0.0030880014919822695,0.001580754243081024,-2.1845957537576913e-05
-0.9080500164282429,0.35273764262324775,0.6589345567392173,-0.1012653934900705,-0.16162786472918803,-0.11214148058839124,0.011951883528512662,0.005473518699728707,7.037662801450911e-05,-0.0031182047895612222,0.001457192492568044,-2.1919845202326114e-05
-0.9090617271823214,0.3511258879682848,0.6577949622359741,-0.10055561139513228,-0.1625219033503143,-0.11258362866638452,0.01192035938794203,0.005486837648371543,7.031570476756658e-05,-0.0031523806704668437,0.0013317272714927124,-2.1989080615860134e-05
-0.9100663781688095,0.34950525645038794,0.6566508936046708,-0.09984585524250757,-0.16341127829546628,-0.11302296608470004,0.011888445232752298,0.005498886269134308,7.023859046706802e-05,-0.0031913731616358865,0.001204684907649466,-2.205359143707403e-05
-0.9110639694302554,0.34787579397231316,0.6555023793472988,-0.09913625065978712,-0.16429595736772507,-0.11345948666937197,0.011856142840275134,0.0055096751952637794,7.014552587925483e-05,-0.0032301880228937604,0.001078706093552121,-2.211429137485007e-05
-0.9120545022459866,0.34623754676156004,0.6543494480527479,-0.09842691960803937,-0.16517591435107962,-0.11389317951535216,0.011823510164393399,0.0055192351727053795,7.00369988519449e-05,-0.003263207742024256,0.00095580224932038,-2.217036005041541e-05
-0.9130379790904561,0.3445905612934067,0.6531921284424144,-0.09771798041151795,-0.1660511308848386,-0.11432402809535268,0.011790606083669612,0.005527591906700993,6.991343678486738e-05,-0.0032903398245833007,0.0008354692663174434,-2.222177213620507e-05
-0.9140144035997955,0.34293488420855234,0.652030449329944,-0.09700955027177502,-0.16692159043102386,-0.11475202710648638,0.01175743223691534,0.005534750987983436,6.977502504776481e-05,-0.003317308118216597,0.0007156955466461202,-2.2268923897508138e-05
-0.9149837805670491,0.34127056230865066,0.6508644396024403,-0.09630174717195752,-0.1677872707471246,-0.11517718100619428,0.011723936597916047,0.0055407067515326385,6.96218265598892e-05,-0.0033494790635071915,0.0005953554486416649,-2.231087143097059e-05
-0.9159461159532292,0.33959764262875863,0.6496941282721002,-0.09559468920082344,-0.16864814314701432,-0.11559948882902199,0.01169007529390373,0.005545462319441495,6.945399879627995e-05,-0.003386037373683585,0.0004753277342930737,-2.2348587498652595e-05
-0.9169014168865691,0.337916172504178,0.6485195444427726,-0.09488849234690551,-0.16950417950429691,-0.1160189441550748,0.011655867129620296,0.005549037900312356,6.927190673143029e-05,-0.0034207154181723504,0.0003573211798486835,-2.2381356250832993e-05
-0.917849691637625,0.3362261995511361,0.6473407173244072,-0.0941832692310743,-0.17035535954417852,-0.1164355309881332,0.011621381560147056,0.005551460844056214,6.907599306832057e-05,-0.003448448211255651,0.00024204995640954218,-2.2409647232696246e-05
-0.9187909495849866,0.33452777157312313,0.6461576762376617,-0.0934791298476772,-0.17120167043622736,-0.11684923470751547,0.011586670596164843,0.0055527511039446965,6.886661173455907e-05,-0.003470980148430937,0.00012877434462158988,-2.243358834264786e-05
-0.9197252011928793,0.3328209364870337,0.6449704505843272,-0.09277618301085332,-0.17204309887117855,-0.11726005413460812,0.011551718110454195,0.005552919020507921,6.864400741386867e-05,-0.003495124963548391,1.6533007037562864e-05,-2.2452860788242617e-05
-0.9206524580023969,0.3311057423430802,0.6437790698925532,-0.09207453668946243,-0.17287962418471636,-0.11766799133572498,0.011516463011801297,0.005551974567061369,6.840841617312015e-05,-0.003525379055543787,-9.471078531670378e-05,-2.246787685890391e-05
-0.9215727326237553,0.32938223741197004,0.6425835637805004,-0.09137429707678749,-0.1737112201133039,-0.11807304833364218,0.01148087105161903,0.00554993571896964,6.816016665303806e-05,-0.0035590582171157424,-0.00020415677376586279,-2.2478576548527352e-05
-0.9224860387164263,0.32765047023923766,0.6413839619419142,-0.09067556766438847,-0.17453786336582608,-0.11847521676056588,0.011444979201828806,0.005546826019246139,6.78996546544919e-05,-0.003589040438170175,-0.00031124815392371104,-2.2484539925402026e-05
-0.9233923909614613,0.32591048960021796,0.6401802941684679,-0.08997844933720092,-0.17535953985910394,-0.11887447869935222,0.0114088636743,0.005542667281256088,6.762724892721297e-05,-0.0036114017119730163,-0.00041615791243083234,-2.2486321760203538e-05
-0.9242918050373737,0.32416234439523756,0.6389725903866674,-0.08928304098169489,-0.17617624168228155,-0.11927081823300688,0.011372563847686474,0.005537477589495529,6.734327613704937e-05,-0.0036298253395738536,-0.0005192589621260424,-2.248369952587001e-05
-0.9251842976995125,0.32240608374834523,0.6377608643509698,-0.0885894417668345,-0.17698795966124425,-0.11966586362120227,0.011336035989928559,0.005531263196394711,6.7047907214997e-05,-0.003652622308930024,-0.0006217346109913031,-2.2478679264696144e-05
-0.9260698865269098,0.32064175666379907,0.6365451551935538,-0.0878977453475038,-0.17779466971222954,-0.12005709335035403,0.011299219657254968,0.005524056825463392,6.674164289050922e-05,-0.0036814639761313978,-0.0007209375468849873,-2.2468274855279845e-05
-0.9269485900676958,0.31886941240552963,0.6353254972785666,-0.08720804342510637,-0.1785963491659859,-0.12044499303234268,0.01126209695324723,0.005515888884462624,6.642494716478194e-05,-0.003712095586906785,-0.0008170993715278963,-2.245329538262301e-05
-0.9278204277893624,0.31708910050538547,0.6341019228035888,-0.08652042500556689,-0.17939298040848928,-0.12082977423774405,0.011224723566956654,0.005506782345402152,6.609819038474974e-05,-0.0037371585437769037,-0.0009109637197259558,-2.243447671769827e-05
-0.9286854200470299,0.3153008706793499,0.6328744630845308,-0.08583497727419874,-0.1801845555201098,-0.12121151518291783,0.011187177432046192,0.005496754492547528,6.576168670441968e-05,-0.0037544283558887167,-0.0010030993955238725,-2.2410818918469953e-05
-0.929543588065359,0.31350477271409943,0.6316431491011001,-0.08515178542926052,-0.1809710706676999,-0.12159024945328362,0.0111494808919749,0.005485826199590533,6.541577692309907e-05,-0.003769464059425932,-0.0010931474510253974,-2.2383475798824685e-05
-0.9303949539175204,0.3117008564282753,0.6304080120040653,-0.08447093136905451,-0.18175251638018106,-0.12196597407766406,0.011111582680090163,0.0054740300616666305,6.506093585189373e-05,-0.0037896267395429338,-0.0011799356658345316,-2.235191864555311e-05
-0.9312395404917527,0.3098891717452217,0.6291690828755956,-0.08379249275971447,-0.1825288745269657,-0.12233871299217751,0.01107341861069417,0.005461404320770674,6.469769532982136e-05,-0.0038162083314074524,-0.0012628993251137422,-2.2316457879162182e-05
-0.9320773714461666,0.3080697687853338,0.6279263928876225,-0.08311654373882665,-0.18330012514799787,-0.12270846232413431,0.011034987018060206,0.005447979257510209,6.432649386287346e-05,-0.0038429567859138364,-0.0013428346222699107,-2.2277291599250318e-05
-0.9329084711756265,0.3062426978772874,0.6266799731685546,-0.08244315665913525,-0.18406625612363472,-0.12307521712715477,0.010996357845387099,0.005433771679426985,6.39476223166978e-05,-0.003862711129516872,-0.001421088946394531,-2.223400908010196e-05
-0.9337328647966412,0.30440800946363433,0.6254298549761572,-0.08177240274906558,-0.18482726502385777,-0.12343895405299954,0.010957603728810137,0.005418795700359827,6.35613300426217e-05,-0.0038752020460630443,-0.0014979316995985923,-2.2187558149277274e-05
-0.9345505781400337,0.3025657539995075,0.6241760695675103,-0.08110435072709421,-0.1855831510177953,-0.12379967662104649,0.01091872636955923,0.005403078946223428,6.31680164228217e-05,-0.0038875231070844957,-0.001572011592621212,-2.213753112089245e-05
-0.9353616377243993,0.30071598194563487,0.6229186483449664,-0.08043906461326608,-0.1863339054131507,-0.12415738759114528,0.010879659770121355,0.005386665721076659,6.276826472073298e-05,-0.003906444284390601,-0.0016416607097953593,-2.208347737041486e-05
-0.9361660707068155,0.2988587438612302,0.621657622747528,-0.07977660326711372,-0.18707951128469333,-0.12451209923621959,0.010840346174686792,0.0053696010830058165,6.236265068271796e-05,-0.0039311414003749936,-0.0017068036604965106,-2.2026587622532948e-05
-0.9369639048290563,0.29699409048867537,0.6203930243799598,-0.0791170223669723,-0.18781995250008826,-0.12486379535769931,0.010800803732703444,0.005351912445706731,6.195156151536127e-05,-0.003954023825002049,-0.0017692049847884842,-2.1966170425409177e-05
-0.9377551683897607,0.2951220727368944,0.6191248848656683,-0.0784603767686491,-0.1885552226081169,-0.1252124611866345,0.010761113106570958,0.005333610525422332,6.153519675571488e-05,-0.003968840161067417,-0.0018305345351421103,-2.1902620149343998e-05
-0.9385398902397833,0.293242741570517,0.617853235983737,-0.07780672042955893,-0.1892853237355293,-0.12555807186998943,0.010721335255501478,0.005314709871596294,6.111379830091478e-05,-0.0039775607492439,-0.0018904089703858198,-2.1835591749181275e-05
-0.9393180997758351,0.2913561479228897,0.6165781096110275,-0.0771561037796572,-0.19001025661586424,-0.12590062520418172,0.010681449786819987,0.0052952474996024795,6.068784343276129e-05,-0.003988320901587176,-0.0019465815754547836,-2.1765397802300123e-05
-0.9400898269029951,0.28946234272117466,0.6152995377254055,-0.07650857125588215,-0.19073001248701602,-0.12624013045182367,0.010641381191103796,0.005275277722684279,6.025798759397335e-05,-0.004006632383112642,-0.0019973224714348865,-2.1692335007246832e-05
-0.9408551019716522,0.2875613769927105,0.6140175523797374,-0.07586416184478799,-0.19144457569129977,-0.12657659327882972,0.010601084064018768,0.005254847326206542,5.9824802664582744e-05,-0.00402948463552806,-0.0020433844918596247,-2.1616257819621037e-05
-0.941613955722637,0.28565330193446625,0.6127321857212242,-0.07522291221621312,-0.1921539342182979,-0.12690999938179773,0.010560597060446335,0.005233977616826444,5.938857857663367e-05,-0.004048471584940556,-0.0020873156638287404,-2.153787238218899e-05
-0.942366419267584,0.2837381688648652,0.6114434700875144,-0.07458485904791677,-0.19285808687038894,-0.1272403142982367,0.010520006302621912,0.005212674512031626,5.894944205128734e-05,-0.004058846408715607,-0.00213065499278472,-2.1456914824603467e-05
-0.943112524094911,0.28181602910684905,0.610151437783755,-0.0739500378321118,-0.19355703918436845,-0.1275675344806021,0.010479356276845037,0.0051909568710966966,5.850765550805044e-05,-0.004064772770067094,-0.002172108230891045,-2.1373209629502108e-05
-0.9438523020572379,0.27988693392016967,0.6088561213031104,-0.07331847923890263,-0.19425079224855216,-0.12789165293849009,0.010438605084424608,0.005168872057868149,5.806377304779106e-05,-0.004074889316318255,-0.002208824772428634,-2.128718039794963e-05
-0.9445857853206505,0.27795093455769443,0.607557553250541,-0.07269020705774792,-0.19493933676587757,-0.12821267855726856,0.010397673509726275,0.00514648067970072,5.761848288011612e-05,-0.004092927805165538,-0.0022394801979898744,-2.1198780325543855e-05
-0.9453130062931382,0.27600808237851643,0.606255766281254,-0.07206524005868939,-0.19562265869460457,-0.12853061520205444,0.01035653367904072,0.005123825814328295,5.717228483441649e-05,-0.004113753940607719,-0.0022658275701905703,-2.1108047334850515e-05
-0.9460339975752307,0.2740584288931176,0.6049507931621361,-0.07144359586720389,-0.19630075042522102,-0.12884544162707637,0.01031524341905435,0.005100920881586536,5.6725363544203344e-05,-0.004128797517369898,-0.002290832847080682,-2.1015296109770314e-05
-0.9467487919529476,0.27210202568797465,0.6036426667983482,-0.07082529259176304,-0.19697361548978104,-0.12915712756807923,0.010273888058965707,0.005077770040561516,5.6277809434131724e-05,-0.004135308234688982,-0.0023154221535114593,-2.092009537745298e-05
-0.9474574224066871,0.2701389243064349,0.6023314201549865,-0.07021034631838274,-0.19764126149067585,-0.12946566403956494,0.010232490884858506,0.005054399539529733,5.5829931641716833e-05,-0.004139490513594435,-0.002337386463930967,-2.0823052667659558e-05
-0.9481599220902636,0.26816917621191555,0.6010170862793562,-0.06959876711622855,-0.19830368883692978,-0.12977105836332367,0.010190991337745018,0.005030865647366095,5.538234730231232e-05,-0.004149729012562745,-0.0023537235605209646,-2.072374750353339e-05
-0.9488563242673714,0.2661928328701906,0.5996996982826632,-0.06899055795603015,-0.19896088759304936,-0.1300733232681491,0.010149312991731618,0.005007229725083215,5.493571636625556e-05,-0.0041676104366881435,-0.0023639242113419772,-2.0622543080902372e-05
-0.9495466622939469,0.2642099459306314,0.5983792786587687,-0.0683857191939786,-0.19961284450945052,-0.13037353109021277,0.010107410626652363,0.00498351750262481,5.448984840638426e-05,-0.0041900137817607345,-0.002371552200965651,-2.0567766579938726e-05
-0.950230969446517,0.26222056709312763,0.5970558666279588,-0.06778424965571507,-0.20025955011071947,-0.130669990826703,0.01006537883514413,0.004959740502300108,5.40451493122153e-05,-0.004202958064461482,-0.0023780276139612915,-2.048508336924174e-05
-0.9509092790254872,0.2602247481266011,0.5957294983089634,-0.06718614895666047,-0.20090101239280694,-0.13096299517407214,0.01002330489339091,0.004935906797312265,5.360183701289599e-05,-0.004207174833729459,-0.002383695537827516,-2.0389465542877395e-05
-0.951581624351037,0.2582225407377049,0.594400208423504,-0.06659141351724979,-0.20153723992665462,-0.1312526845963887,0.009981192963136768,0.004912052113583328,5.3160344374255396e-05,-0.004210975636846733,-0.002385790626669407,-2.028686961671305e-05
-0.9522480387250257,0.25621399655630855,0.5930680311494952,-0.06600003287148859,-0.2021682316507225,-0.13153913155725364,0.009938969510289665,0.004888238477055399,5.272133023578111e-05,-0.004222130162891485,-0.002381682784112466,-2.0180525972536694e-05
-0.9529085553576234,0.2541991672358841,0.5917330003592728,-0.06541198993377655,-0.20279397703367388,-0.1318223830917678,0.009896567788778853,0.004864522834193916,5.228538129609137e-05,-0.004239959567261865,-0.0023718800035296707,-2.0071991313124264e-05
-0.9535632072972013,0.252178104547971,0.5903951501685726,-0.06482726495057599,-0.20341446662460627,-0.13210241223799674,0.009854005421502237,0.004840930822142685,5.185277356860437e-05,-0.004256026796415367,-0.00235951337109029,-1.99607446120646e-05
-0.954212027407979,0.25015086036670986,0.5890545146553834,-0.06424583891825662,-0.204029701954609,-0.13237920441033435,0.009811369016278404,0.004817464288707738,5.1423544784055655e-05,-0.004263433240774952,-0.002346961941304367,-1.984676653321073e-05
-0.9548550483803271,0.24811748654996188,0.5877111279371379,-0.06366769271558606,-0.20463969367403,-0.13265274184884102,0.009768724143764444,0.004794134011352064,5.0997811434059694e-05,-0.004264282653932629,-0.0023333327160226748,-1.9730717847009258e-05
-0.9554923027314146,0.2460780348452075,0.5863650240859577,-0.06309280301478637,-0.20524445017540463,-0.13292303525577953,0.009726047427817632,0.00477098252218336,5.057599425555419e-05,-0.004267469859573576,-0.0023154500857163734,-1.961293931607983e-05
-0.9561238227605608,0.2440325569170503,0.5850162372370173,-0.06252113940550745,-0.20584396887385045,-0.13319009821436698,0.009683254700326585,0.004748072068958099,5.0158693972053024e-05,-0.004279074135298197,-0.0022913424028045645,-1.9494144234035153e-05
-0.9567496404751367,0.2419811044639488,0.5836648016684893,-0.061952665976732726,-0.20643823958361293,-0.13345392900529882,0.009640293532237868,0.004725450402733916,4.974636117151327e-05,-0.004295921498060275,-0.002262459413338339,-1.9374690093248565e-05
-0.9573697875365252,0.2399237292980649,0.5823107516339352,-0.06138734563112023,-0.20702725629984578,-0.13371452208167642,0.009597201641458298,0.00470313279080921,4.933912319361101e-05,-0.004308997095476985,-0.002232049653802582,-1.9255044841895182e-05
-0.957984295249896,0.23786048329741363,0.5809541214920813,-0.060825142396758264,-0.2076110246254278,-0.13397184709564267,0.009554068286079217,0.004681118847194418,4.8936953789056314e-05,-0.004313146836324646,-0.0022016785294783786,-1.9135227311271455e-05
-0.9585931945784664,0.23579141828174313,0.579594945645609,-0.06026601937383172,-0.20818955678016704,-0.13422588977875213,0.009510938415970593,0.004659425567139425,4.8539999636924436e-05,-0.004312801623810485,-0.0021696078317339114,-1.9014365509621557e-05
-0.9591965161338414,0.23371658594445566,0.57823325859976,-0.059709934664428255,-0.2087628594015825,-0.13447665081906798,0.009467764909462929,0.004638100035657573,4.814868178081351e-05,-0.0043171687377034805,-0.0021328284593177377,-1.889335789152049e-05
-0.9597942901244295,0.23163603791445742,0.5768690949010465,-0.05915683982075712,-0.20933092747593737,-0.1347241461761539,0.009424459972619575,0.0046171991454164885,4.776350414412011e-05,-0.004330315438935069,-0.00209035961086897,-1.877271050037295e-05
-0.9603865462877877,0.22954982587896067,0.5755024891999327,-0.058606682431992733,-0.2098937508252581,-0.13496837319482752,0.009380989590400119,0.004596758882934517,4.7384769432806734e-05,-0.004346863740960288,-0.0020442919967749986,-1.8652261972420408e-05
-0.960973313851684,0.22745800163708377,0.5741334761926742,-0.05805941002493715,-0.2104513262384813,-0.13520931425718466,0.009337410722459314,0.00457678650445817,4.7012508526485335e-05,-0.004357716047753222,-0.0019974987728432337,-1.8531792791771694e-05
-0.9615546215355634,0.22536061702459184,0.5727620906237402,-0.05751497106211467,-0.2110036621105358,-0.13544694469429827,0.009293810038579577,0.004557283460402743,4.664669412929498e-05,-0.004359901320530986,-0.0019505605523475248,-1.8411457778391725e-05
-0.9621304975610645,0.22325772379062825,0.571388367313714,-0.056973312155107904,-0.21155077042377649,-0.1356812516976602,0.00925020937016864,0.004538272745483208,4.628749719558727e-05,-0.00435990348755225,-0.0019013228148635603,-1.8291277181518164e-05
-0.9627009696333239,0.22114937356179598,0.5700123411114917,-0.05643437471202278,-0.21209265474705824,-0.13591224732040108,0.009206541733530664,0.004519801634747079,4.5935309237196424e-05,-0.004366604157800659,-0.0018473574263100827,-1.8171342267489605e-05
-0.9632660648865837,0.21903561793126738,0.5686340469912216,-0.055898094688808096,-0.21262930727663926,-0.13613993765758256,0.009162723153755565,0.004501917561725058,4.559050883257577e-05,-0.004381702444116575,-0.0017886485492727775,-1.8052602580488504e-05
-0.9638258098292166,0.21691650857877334,0.5672535199517716,-0.0553644056693727,-0.21316071812693385,-0.13636432225959408,0.00911874223420653,0.004484644482935684,4.525326277129577e-05,-0.004397940421989829,-0.0017275439792330217,-1.7934217084427587e-05
-0.964380230320155,0.2147920972915089,0.565870795119508,-0.054833241814084034,-0.2136868867765968,-0.13658537114844516,0.009074672171624746,0.004467985139888938,4.492353806864495e-05,-0.004406858664227343,-0.0016661653112589512,-1.781646813179408e-05
-0.9649293515769186,0.21266243586603664,0.5644859075584316,-0.054304537638710376,-0.2142078234228081,-0.13680307219609505,0.009030591048864446,0.004451944993796845,4.460132474079732e-05,-0.00440796857120176,-0.001604240566442715,-1.7699337050657672e-05
-0.9654731981786597,0.21052757599418445,0.5630988924460214,-0.05377822509596822,-0.214723538466413,-0.1370174140072478,0.008986495820990276,0.004436551059452685,4.42868016164373e-05,-0.004409383006714457,-0.0015396143042803786,-1.758322056312683e-05
-0.9660117940400339,0.2083875692618175,0.5617097850044273,-0.05325423136704691,-0.2152340317186407,-0.13722840973799577,0.008942304937300393,0.004421845791540949,4.398028858947124e-05,-0.00441895260944909,-0.001470742470013027,-1.7467556122287944e-05
-0.9665451623618555,0.20624246725979034,0.5603186205300327,-0.05273247974736298,-0.2157392929266779,-0.13743606758636984,0.008897945020487722,0.004407863938172309,4.368202617062708e-05,-0.004435860003893349,-0.0013983957594384826,-1.7352942069074134e-05
-0.9670733255920269,0.2040923216894629,0.5589254344094718,-0.052212892519561876,-0.21623931303152025,-0.137640374645912,0.00885342853728258,0.004394619159169276,4.339206109049345e-05,-0.004451520701025996,-0.0013246830893055594,-1.723958840986712e-05
-0.9675963054164417,0.20193718435163008,0.5575302620103075,-0.05169539264415177,-0.2167340940968196,-0.13784131269673228,0.008808839806326232,0.004382113274642157,4.311033349497261e-05,-0.004458749464384169,-0.001250788479117978,-1.7127418854053977e-05
-0.9681141227658066,0.19977710702872406,0.5561331388057625,-0.0511799026240763,-0.21722364704363223,-0.1380388557674778,0.008764242267520499,0.004370356859104255,4.283686017374882e-05,-0.004459634203340754,-0.0011758364557453006,-1.7016324780260026e-05
-0.9686267978113143,0.19761214139239935,0.5547341001931867,-0.050666342156481664,-0.21770797963586996,-0.13823301652522765,0.008719608143974949,0.0043593771328158835,4.257180241935475e-05,-0.004463296661478937,-0.0010981623815131318,-1.690623781707266e-05
-0.969134349934645,0.19544233903505764,0.5533331817053796,-0.05015462725916104,-0.21818708766314654,-0.13842380039068156,0.008674847413172516,0.004349206852586056,4.231536622626729e-05,-0.004475961421537325,-0.001017212582060441,-1.6797193503980267e-05
-0.9696367976905877,0.19326775159441784,0.5519304189613707,-0.04964467177348439,-0.2186609589955386,-0.1386112101521674,0.008629902939627484,0.004339867284019292,4.2067650169679795e-05,-0.004494339734438867,-0.0009341362259812585,-1.668960035547564e-05
-0.9701341587859481,0.19108843083812654,0.55052584758837,-0.04913638941762309,-0.21912958599054735,-0.13879523542594155,0.00858481066781864,0.0043313651480005435,4.182862762885993e-05,-0.004509123550972753,-0.0008503878383321608,-1.658314256115324e-05
-0.9706264501660922,0.18890442874665175,0.5491194837931778,-0.048629695909885445,-0.2195929762689307,-0.13897779707076313,0.008539656420768791,0.004323694705870504,4.1598175879512e-05,-0.0045153249773784085,-0.0007672134105731693,-1.6476582977434654e-05
-0.9711136879769511,0.18671579731943752,0.5477113350523204,-0.04812450715181534,-0.2200511414318207,-0.1391597564489646,0.008494482646565079,0.004316855309411077,4.137622131463996e-05,-0.004517281530961525,-0.0006841038758134812,-1.6369353238190182e-05
-0.971595887370284,0.18452258822007706,0.54630144384629,-0.047620734634911316,-0.2205040787008341,-0.13933762278016784,0.008449240047092054,0.004310873692740504,4.116290126029644e-05,-0.004524167924978713,-0.0005983209195300891,-1.6263559349219452e-05
-0.9720730625621823,0.1823248529697329,0.5448898684960783,-0.04711828677991496,-0.2209517768996931,-0.13950983109705994,0.008403838027437893,0.004305780734062283,4.095836824363677e-05,-0.004540113846952352,-0.0005094501332932765,-1.6160834975104186e-05
-0.9725452270180065,0.1801226433822798,0.5434766353837066,-0.046617073246020886,-0.22139422800197153,-0.13967958330610225,0.008358232527716978,0.004301583539646013,4.076259352595488e-05,-0.004560465717926624,-0.00041986877694966216,-1.6058960635555485e-05
-0.973012393279306,0.17791601139025975,0.5420617761105242,-0.04611700292177827,-0.22183142382620916,-0.1398463432231273,0.008312479141809378,0.004298285659505096,4.05755153751017e-05,-0.004575258149424508,-0.00032993249076113617,-1.595812364262943e-05
-0.9734745729786075,0.17570500898941308,0.5406453246218603,-0.04561798429805876,-0.22226336926732262,-0.14000985428841756,0.00826666929884809,0.004295895269760259,4.039710923586307e-05,-0.004580907634433872,-0.00023917864960233703,-1.5858327620561817e-05
-0.9739317768380722,0.1734896881136514,0.5392273163512633,-0.04511992444120915,-0.22269007319382259,-0.1401699603735211,0.00822082781726032,0.004294427197014354,4.022739997262935e-05,-0.00458407526693869,-0.0001469421873654221,-1.5759964575755077e-05
-0.974384014655796,0.17127010059644762,0.5378077878041662,-0.04462272893169122,-0.2231115353284469,-0.14032656815219574,0.008174884086840903,0.004293895878058883,4.0066405322970736e-05,-0.004594303909259032,-5.326208861019541e-05,-1.5663212814133854e-05
-0.9748312952931119,0.16904629826851608,0.5363867759616634,-0.04412630281307333,-0.22352774307991718,-0.14047964856622647,0.008128746082980304,0.004294308781001359,3.991408354577821e-05,-0.004613734978549117,4.1164754977380425e-05,-1.5568118306263363e-05
-0.9752736266726107,0.16681833309186958,0.5349643176351693,-0.04363055126450903,-0.22393868156576227,-0.14062922021208005,0.008082397414535097,0.0042956691337433725,3.977035340186277e-05,-0.004634805113602885,0.0001359143063337691,-1.5475041279663905e-05
-0.975711015778811,0.1645862571866661,0.5335404497653176,-0.043135379028282225,-0.22434434595792035,-0.14077525133661156,0.008035913949512145,0.004297984788348489,3.9635172668438564e-05,-0.0046482884184881395,0.00023144899845575033,-1.5383711458679234e-05
-0.9761434686531202,0.16235012272798383,0.5321152094074078,-0.042640689481781006,-0.22474474302984618,-0.1409177097357233,0.007989380193846691,0.00430126977022796,3.95085408379075e-05,-0.004653321120585303,0.00032838617929521497,-1.5294771387243767e-05
-0.9765709903783835,0.1601099818236694,0.5306886337207563,-0.042146384790139366,-0.22513987983654057,-0.14105658304846258,0.007942795627232706,0.004305535818329171,3.939044307808725e-05,-0.004658405840175717,0.0004264971985990737,-1.5207627399859936e-05
-0.9769935850646191,0.1578658865078634,0.529260760021019,-0.041652367274938935,-0.22552975188536184,-0.14119187261136865,0.007896073629689655,0.004310783731755032,3.9280779442498835e-05,-0.004672152510454542,0.0005246880403449236,-1.5121925196346745e-05
-0.9774112558509552,0.1556178888593222,0.5278316256597322,-0.04115854047996035,-0.22591434366768146,-0.14132359050391896,0.007849132977338469,0.004317006807366423,3.917938820990644e-05,-0.004694021497000341,0.00062220845703167,-1.5037844679438848e-05
-0.9778240049195509,0.1533660411184584,0.5264012679448316,-0.040664808458545254,-0.22629364090254972,-0.14145173658339083,0.007801983694145176,0.004324204508337535,3.9086155190195416e-05,-0.004714888038016769,0.0007196750996775522,-1.4955474875011464e-05
-0.9782318335010612,0.15111039567887488,0.5249697241645439,-0.04017107400207859,-0.2266676413649022,-0.14157629084878492,0.007754715046877382,0.0043323892962236045,3.900106688080996e-05,-0.004726827899027958,0.0008183878454965894,-1.487484361283526e-05
-0.9786347418602203,0.1488510049626735,0.5235370317124114,-0.03967723805165134,-0.22703635248509849,-0.14169722508999097,0.00770739679317977,0.004341577011858142,3.892413461577671e-05,-0.0047317920053548245,0.0009186846311091447,-1.4795927826808054e-05
-0.9790327292750006,0.14658792131802265,0.5221032279929174,-0.03918320140170277,-0.2273997782782065,-0.1418145418403225,0.007660001605106901,0.004351769647408216,3.885525816555835e-05,-0.004739488869925305,0.0010191805456091652,-1.4719014140893078e-05
-0.9794257940332076,0.14432119705072347,0.5206683503786719,-0.03868886712982359,-0.22775790973506838,-0.14192826312270448,0.0076124324767837806,0.004362950731464369,3.8794199748955164e-05,-0.004756886227942027,0.0011180291820024927,-1.464364116337019e-05
-0.9798139334559752,0.14205088455753367,0.5192324362534414,-0.0381941408957493,-0.22811072908041027,-0.14203839942917562,0.007564625067998001,0.004375102483000204,3.874071062536569e-05,-0.0047807175100223484,0.0012150995761172772,-1.4570010417153977e-05
-0.9801971439254108,0.13977703642061137,0.5177955229469053,-0.03769892853639116,-0.22845822332888324,-0.14214494582053772,0.007516614994978377,0.0043882253210738515,3.869467989137521e-05,-0.0048009871338287186,0.0013122117897207488,-1.4498238138480355e-05
-0.9805754208866427,0.13749970536244968,0.5163576477931378,-0.03720313363427666,-0.22880039250635417,-0.14224787834486458,0.007468497838311839,0.004402337287325195,3.865613212520603e-05,-0.004811698724808938,0.0014111281330079588,-1.442800258768287e-05
-0.9809487588230709,0.13521894411085303,0.51491884815315,-0.03670665805204997,-0.22913724355125614,-0.14234718096359258,0.007420322705066414,0.00441745129169597,3.862504965352951e-05,-0.00481749961847719,0.0015113354187746117,-1.4359511835652262e-05
-0.9813171512361185,0.13293480532419133,0.5134791613044873,-0.03620940534161828,-0.22946877644004254,-0.14244287098087466,0.007372036629782783,0.004433553956677107,3.860122334945308e-05,-0.004828596984998374,0.0016102048332037374,-1.4292253660063098e-05
-0.9816805906603473,0.13064734165877384,0.5120386244805215,-0.03571128344472707,-0.2297949775728657,-0.14253497215042107,0.007323539002555044,0.004450612006159188,3.858429379868662e-05,-0.004849755203502096,0.0017057464615258507,-1.4226672709180934e-05
-0.9820390687080576,0.12835660590828948,0.5105972750095409,-0.035212203508242904,-0.23011582756442958,-0.14262348157216262,0.007274787362975652,0.004468601632469799,3.857398012264715e-05,-0.0048751593594263155,0.0017989071815074668,-1.4162135084893266e-05
-0.9823925761046993,0.12606265106920786,0.5091551501155847,-0.0347120758792102,-0.23043131512612272,-0.14270839403254273,0.007225840858372184,0.004487529007118745,3.8570211051493236e-05,-0.004894648773514931,0.0018926849852751598,-1.4099714355411716e-05
-0.982741102680334,0.1237655302613012,0.507712287033041,-0.03421080774175989,-0.23074144192710047,-0.14278968506564618,0.007176794141360397,0.0045074169676982525,3.857303805590521e-05,-0.004904672973595179,0.001988746526153301,-1.4039137821929405e-05
-0.9830846373349468,0.12146529659209467,0.506268722995538,-0.03370830543105656,-0.2310462131659163,-0.14286734668597006,0.007127671399891212,0.004528270085947665,3.8582382029694084e-05,-0.004912278369353082,0.002085265172302927,-1.3980144474045933e-05
-0.9834231680263237,0.11916200311579767,0.504824495199489,-0.03320447927210497,-0.23134562398760222,-0.14294139623085897,0.007078397509517422,0.004550056561577325,3.859790335519061e-05,-0.004927396083734854,0.0021786036288290894,-1.3922801177229092e-05
-0.9837566819099274,0.11685570303637012,0.5033796204155592,-0.03269924575758622,-0.23163966049548007,-0.14301389475860418,0.007028876049337188,0.004572734306919115,3.861920917536467e-05,-0.004952155737428814,0.0022677331480849346,-1.386541837161928e-05
-0.9840851651401473,0.11454644957890532,0.501934147041668,-0.03219252295626843,-0.23192829630985473,-0.143081680225978,0.006979090355450075,0.004596277375479695,3.864600787257018e-05,-0.004978581675574963,0.0023542678803636836,-1.3809615032867813e-05
-0.9844086030915808,0.112234296211353,0.5004881172833718,-0.031684228215375816,-0.2322115234151587,-0.14314535175652718,0.006929119471436454,0.004620699621603849,3.867828687105642e-05,-0.004997103278088552,0.002442188007799518,-1.3755561773902827e-05
-0.9847269804227305,0.10991929661701301,0.49904155015610024,-0.031174275173457413,-0.23248934865847323,-0.1432072076839673,0.006879046058471043,0.004646029872626418,3.8716151020717714e-05,-0.005007358841366208,0.00253299087461856,-1.3701791941971148e-05
-0.9850402807643857,0.10760150431324537,0.497594494941685,-0.030662576900399703,-0.2327617681438224,-0.1432642184179617,0.006828869531744146,0.004672256136364517,3.8759398135149285e-05,-0.005017672823118692,0.0026225944146472586,-1.3650666821593334e-05
-0.9853484869111365,0.10528097282549136,0.4961469941096608,-0.030149054356407457,-0.23302877334252706,-0.14331708219374367,0.006778498776856812,0.00469932579912095,3.880755849217977e-05,-0.005037098056651047,0.0027069363901862696,-1.3601330105567942e-05
-0.9856515808687245,0.10295775579261245,0.49469908706426496,-0.029633635488612156,-0.233290343462673,-0.14336612119226336,0.006727849259720666,0.004727182613802216,3.886014759375997e-05,-0.005064976501186037,0.0027856534621104974,-1.3553316899753044e-05
-0.9859495439184202,0.10063190707781104,0.4932508122718757,-0.02911624997820505,-0.23354645887559358,-0.14341142390984984,0.006676932312828405,0.004755810159466881,3.891695963437034e-05,-0.0050917216276338455,0.0028627283443762854,-1.3506143584013923e-05
-0.9862423566368046,0.09830348075741659,0.49180220751257386,-0.02859682370507486,-0.23379711272307563,-0.14345303558512823,0.006625841710833085,0.0047852332073700975,3.897806166975966e-05,-0.005109089349391295,0.0029422803471218103,-1.34602647175496e-05
-0.9865299988550675,0.09597253098895223,0.4903533101370741,-0.0280752792109639,-0.23404230804690537,-0.14349098047235245,0.006574649411861547,0.004815472334654711,3.9043489222347256e-05,-0.005119261305684396,0.0030238900471815018,-1.3415884293805485e-05
-0.9868124496179644,0.0936391119015891,0.4889041576490463,-0.027551542109202076,-0.23428204374414513,-0.14352524707994044,0.006523324782460355,0.004846500163817086,3.9112962832387564e-05,-0.005132496503720869,0.0031027618770792294,-1.3372809084372511e-05
-0.9870896872128752,0.09130327763336252,0.4874547873504326,-0.027025546678565444,-0.23451630492523734,-0.1435558751932857,0.006471765462567397,0.004878248146656121,3.9185937040237685e-05,-0.005155967473088695,0.0031747786829235923,-1.3331069480859698e-05
-0.9873616892577197,0.0889650824719987,0.48600523633203574,-0.026497234359689627,-0.23474506774281106,-0.14358289780232028,0.006419904826183998,0.004910659208008605,3.926195621407173e-05,-0.00518610084658839,0.0032410878046125182,-1.3289822762208611e-05
-0.9876284327763504,0.08662458095217843,0.4845555415892451,-0.025966546537378968,-0.23496831375663493,-0.14360631307209037,0.006367782178015269,0.004943729668070295,3.9340906549269104e-05,-0.005212303718261592,0.003307028888414434,-1.3249814244602334e-05
-0.987889894200057,0.08428182780595725,0.48310574001457735,-0.025433419499580792,-0.23518603842882868,-0.14362610612963211,0.0063154990120902,0.004977492447699766,3.9422903001931574e-05,-0.005228357268782127,0.00337626207198227,-1.3211618380621687e-05
-0.9881460493139428,0.08193687781946174,0.4816558683912842,-0.024897787335176592,-0.2353982443231388,-0.14364227376038777,0.006263106401072431,0.005011958521850468,3.9507926305878017e-05,-0.005239303569606572,0.003446592723684372,-1.3174558258343935e-05
-0.9883968732294023,0.07958978575408428,0.48020596344711036,-0.024359589867436228,-0.23560492633114105,-0.1436548312470836,0.006210547356600238,0.005047080068432307,3.9595586342521055e-05,-0.005255948537027772,0.0035121410230681306,-1.3138836267791649e-05
-0.9886423404384594,0.0772406064195181,0.478756061879707,-0.02381877711994178,-0.23580606502007923,-0.1436638022418837,0.006157716131188525,0.005082776282364129,3.968529525181473e-05,-0.00528316797912437,0.003569608613748298,-1.310426394688074e-05
-0.9888824249190626,0.07488939482168282,0.4773062002831275,-0.023275305251696538,-0.23600163524699888,-0.14366920398874392,0.006104569875132671,0.005118996781508437,3.977666546766016e-05,-0.005314672213545221,0.003622037857541496,-1.3070435878818086e-05
-0.9891171002010387,0.07253620622858574,0.4758564151457286,-0.02272912817619388,-0.23619162083568396,-0.1436710299681821,0.006051173959598943,0.005155752784086243,3.986969006204006e-05,-0.005339639344653263,0.0036755889084723998,-1.3037525187202596e-05
-0.9893463393443129,0.07018109608276846,0.47440674296517216,-0.02218019407309901,-0.2363760195171922,-0.14366925396995983,0.005997630067925688,0.005193080748305888,3.99645120683062e-05,-0.005354438233243778,0.0037327858094451175,-1.3005828642420069e-05
-0.9895701148778506,0.06782411985605558,0.47295722020911896,-0.02162845081995287,-0.2365548326186718,-0.14366387058004013,0.005943963622274119,0.005230976684565458,4.0061025741440895e-05,-0.00536669486942082,0.00378958370291122,-1.2975695040828594e-05
-0.9897883987914226,0.06546533300643605,0.47150788326700754,-0.021073854656393953,-0.2367280506150999,-0.14365490283386637,0.005890094275083535,0.0052693725826327255,4.0158756441545846e-05,-0.005386986030449573,0.0038395804208071196,-1.2946067237580202e-05
-0.9900011626176725,0.06310479108510117,0.47005876848916683,-0.020516372668395864,-0.23689565027481393,-0.1436423746962105,0.005835920893694496,0.005308182237043196,4.0257128616362566e-05,-0.005417390166839952,0.0038809564138748806,-1.2917088630773356e-05
-0.9902083775447662,0.06074254987977696,0.4686099121778611,-0.019955976194069813,-0.2370576064755145,-0.14362629186805292,0.005781428869853125,0.005347368255609867,4.035586307773214e-05,-0.0054492549887386,0.0039185931011185135,-1.2888616740386735e-05
-0.9904100144632327,0.05837866544170558,0.4671613506426377,-0.019392632197673555,-0.2372139060321971,-0.14360663163352627,0.00572670568298245,0.005386956552523292,4.0455044309264426e-05,-0.005472371920355293,0.003958821224912759,-1.2861430571935186e-05
-0.9906060440386081,0.0560131940378439,0.46571310016118667,-0.018826301347174168,-0.23736455222963387,-0.14358537481837796,0.005671841079285831,0.005426991845808593,4.055487249933095e-05,-0.005486514347620021,0.004003521203668731,-1.2834573660515149e-05
-0.9907964363460527,0.05364619183563753,0.46426520795285753,-0.018256945908310628,-0.23750953774101516,-0.1435594247598932,0.005616833837584689,0.005467445169191868,4.065511272436762e-05,-0.00550077877427201,0.004045324479204304,-1.2809385502183729e-05
-0.9909811611065209,0.051277715032042336,0.462817715072984,-0.01768454026148015,-0.2376488498625403,-0.14352941730036312,0.0055615866180304275,0.005508228827605943,4.0755212964974105e-05,-0.005524776889936155,0.004078358088102002,-1.278500841914897e-05
-0.991160187775899,0.04890781997380578,0.46137065986305964,-0.017109069118526114,-0.23778246315530593,-0.14349564149970895,0.0055060112211268025,0.005549257870836816,4.0854651757019474e-05,-0.005557594668669044,0.004102896530236412,-1.2760956660972589e-05
-0.9913334856474965,0.04653656327993244,0.4599240793859698,-0.01653051890078546,-0.23791035411490313,-0.14345821943046877,0.005450124039821874,0.00559051210812832,4.095327352739464e-05,-0.005588773062855496,0.004125415855681128,-1.2737361085179125e-05
-0.9915010238701122,0.04416400182335121,0.4584780101001023,-0.01594886995577509,-0.23803251323920566,-0.14341718584735408,0.005394029021087548,0.005632028815746022,4.1051239171140416e-05,-0.005609556845787067,0.004151662853468827,-1.2714300163246472e-05
-0.9916627713843519,0.04179019258561266,0.45703248818940095,-0.015364098210470406,-0.23814894170024387,-0.1433725481107396,0.005337804620764405,0.005673833002171605,4.1148632220193786e-05,-0.005622495089120142,0.004180410720648187,-1.2692661989006712e-05
-0.9918186967438568,0.03941519246486423,0.45558757171129216,-0.014776184523747928,-0.2382596311404603,-0.14332212578576997,0.0052814105529066565,0.005715878920631639,4.124516250210348e-05,-0.005639461759577318,0.004204583833368195,-1.2671892280575635e-05
-0.9919687684764534,0.03703905850744167,0.4541432867176552,-0.014185122394317247,-0.23836456938161227,-0.14326914140888047,0.0052247414897544035,0.005758070676337012,4.134028463641078e-05,-0.005666960887771483,0.004219167326649628,-1.2651622439551757e-05
-0.9921129549984481,0.034661847931108956,0.45269966311895815,-0.013590913775807803,-0.23846372824748294,-0.1432132224821766,0.005167730907636504,0.005800334860775821,4.143358950941718e-05,-0.0057011121358119575,0.00422640987025473,-1.2631164163103065e-05
-0.9922512245861451,0.03228361815814847,0.45125675550260297,-0.012993559661534586,-0.2385570810895326,-0.14315189024773228,0.005110419629865701,0.005842670184391897,4.1525046124351266e-05,-0.005731181019839796,0.00423352345934558,-1.2610959946029252e-05
-0.9923835456953668,0.02990442694214852,0.4498145882404057,-0.012393054566772541,-0.23864462781431303,-0.14308813758581973,0.0050529248945140985,0.00588512108545506,4.161485071196466e-05,-0.005749526196915238,0.004245080932277933,-1.2591875392610032e-05
-0.9925098865517931,0.027524332022233033,0.4483732119593967,-0.011789389982176811,-0.23872636447622858,-0.14301932533914788,0.004995297508218586,0.005927697310070664,4.170302894491323e-05,-0.0057627907125159614,0.004257613030049099,-1.2573120515761123e-05
-0.9926302154480562,0.02514339121558635,0.4469326490670221,-0.011182565481055977,-0.23880228994251135,-0.14294828679159924,0.0049374803601579895,0.005970335532438866,4.1789238786994913e-05,-0.005781766093744446,0.00426381246995478,-1.2554987190042245e-05
-0.9927445004849996,0.022761662321752606,0.4454929488006562,-0.010572592665946835,-0.23887237652594578,-0.14287236444052084,0.004879355926845757,0.006012935339349407,4.187297218050643e-05,-0.005812493502556132,0.004259970475609907,-1.2536594374108684e-05
-0.9928527100329568,0.020379203452925085,0.4440541326445198,-0.00995949017748184,-0.2389366020352533,-0.14279434076350148,0.004820887540411869,0.006055441548659477,4.195394975675049e-05,-0.005846887508153487,0.004250610212677528,-1.2518433181360856e-05
-0.9929548124648429,0.017996072929409038,0.4426162495393905,-0.009343272743499168,-0.23899494321853992,-0.14271145223029644,0.004762146497833038,0.006097871838456308,4.203225151585858e-05,-0.00587415184057035,0.00424301779275032,-1.2500526321533677e-05
-0.993050776462558,0.015612329346099614,0.4411793206888365,-0.0087239484185603,-0.23904740351810932,-0.14262644358270105,0.004703251463606228,0.006140271178954421,4.210808121064524e-05,-0.005889549824826271,0.004239922455526105,-1.2483514060758251e-05
-0.9931405706009704,0.01322803124721405,0.43974339461076567,-0.008101524844038869,-0.23909397904886664,-0.1425365763972335,0.004644225704263582,0.006182631189767151,4.2181390697523536e-05,-0.005902621104976764,0.0042359890807479985,-1.2467160156975717e-05
-0.9932241636846265,0.01084323723918401,0.4383084923103465,-0.007476019683316794,-0.23913466543375456,-0.14244461969050856,0.004584987317623375,0.006224873129843976,4.225181016998125e-05,-0.005923882351968291,0.004224181529071646,-1.2451187235666473e-05
-0.9933015245013014,0.008458005951681193,0.4368746620042615,-0.006847462129422194,-0.2391694325440746,-0.14234787730696635,0.004525424430978877,0.006266901568191815,4.231890609608781e-05,-0.0059563305732979474,0.004202830795919729,-1.2435360596499099e-05
-0.9933726222892824,0.006072396343096765,0.4354419246475014,-0.006215885405123322,-0.23919825990702742,-0.1422490757822363,0.004465531896503302,0.006308682562604545,4.2382539108962125e-05,-0.005989293460199512,0.004178085830963034,-1.2419380347939637e-05
-0.9934374264340056,0.003686467574860514,0.4340103282603611,-0.005581317001048515,-0.23922112942349102,-0.14214548511057953,0.004405405750226469,0.006350248457726484,4.2442871228504045e-05,-0.006012652816246713,0.0041565753871475476,-1.2403330991376497e-05
-0.9934959067592369,0.0013002790196719335,0.432579893680486,-0.004943778463861911,-0.23923804833075574,-0.14203979671886827,0.004345155910902136,0.006391637553426025,4.2500079522968807e-05,-0.006025020381087836,0.0041388949863902375,-1.2388175341445503e-05
-0.9935480331132129,-0.001086110031305083,0.4311506686960231,-0.0043032937109485575,-0.23924901243970714,-0.14192931644311496,0.004284773827340445,0.006432822153399275,4.2554057399107046e-05,-0.006038242969621418,0.00411844494991434,-1.2373328668994235e-05
-0.9935937757387459,-0.0034726402328633553,0.42972267417900967,-0.003659897771489409,-0.2392540142134915,-0.14181675904011254,0.004224157859153145,0.006473714289848579,4.260444893046344e-05,-0.006061629339366966,0.004089198077463816,-1.2358364697045305e-05
-0.9936331050358941,-0.005859252173065561,0.4282959578104921,-0.0030136357129633713,-0.23925302246746813,-0.14169946601603264,0.004163210532581618,0.006514231228584192,4.265093798319342e-05,-0.006094762848691448,0.004051677743077253,-1.2342708398176773e-05
-0.9936659920190551,-0.008245886107162256,0.4268705404724452,-0.0023645534988797007,-0.23924601997348866,-0.14158011011465252,0.004101960593049191,0.0065543612919518835,4.2693511326361344e-05,-0.006125021773643282,0.004012989665021154,-1.2326837777180849e-05
-0.9936924079766416,-0.01063248210885594,0.4254464696783429,-0.0017126903294717565,-0.2392329943717875,-0.141456000731857,0.004040521576358328,0.006594145977467968,4.273237331358243e-05,-0.006143927219690978,0.003978451403756268,-1.2311177349718464e-05
-0.9937123247541887,-0.013018980110362644,0.42402376626517807,-0.0010580809007995308,-0.2392139560483632,-0.1413297831564169,0.003978985269437769,0.00663361183607535,4.276765534598708e-05,-0.006153654028936721,0.003946568283193402,-1.2296696055298525e-05
-0.9937257143514753,-0.015405320149699463,0.4226024775758675,-0.00040076485696427755,-0.23918889969299126,-0.1411988161472412,0.003917309662067759,0.00667271348017935,4.2799211869979326e-05,-0.006167581733869746,0.003910146395906003,-1.2282307644182278e-05
-0.9937325493240268,-0.01779144220911961,0.4211826245097297,0.00025920693173260567,-0.23915781481306558,-0.14106577087595293,0.0038553810151684058,0.006711361340723437,4.2826732792062056e-05,-0.006192883108881226,0.0038647675658474144,-1.2267845663626824e-05
-0.9937328025452744,-0.020177286161751788,0.4197642542873845,0.000921775802566627,-0.23912067046044994,-0.1409280329409167,0.0037931245094314893,0.006749491194691619,4.285002120607869e-05,-0.00622566624967952,0.0038129664227335948,-1.2253012774680918e-05
-0.9937264476434867,-0.022562791556789315,0.4183473878137294,0.0015868850661861103,-0.23907745385227203,-0.1407882191175101,0.0037306024655467934,0.0067871119230430476,4.286916062910655e-05,-0.006252217344545986,0.0037620534175573095,-1.2238486141399118e-05
-0.9937134586275462,-0.024947897797044098,0.4169320722298798,0.002254484899748854,-0.2390281584035742,-0.14064367644967532,0.0036679369629627943,0.006824267312052746,4.288436600109951e-05,-0.0062665606086749,0.0037155191051592242,-1.2224257605163189e-05
-0.9936938101715541,-0.027332544214549948,0.41551832846506925,0.0029245280566078417,-0.23897279665193158,-0.1404970103058158,0.0036051935914204972,0.006860968819299773,4.289573179424607e-05,-0.00627434493340552,0.0036701305919361027,-1.2210168085866979e-05
-0.9936674772295101,-0.029716670260852906,0.4141062034616002,0.0035969603443617958,-0.23891136142225275,-0.1403456369070322,0.0035422986534382295,0.006897157773732517,4.2903099565838144e-05,-0.0062894988685969965,0.0036188749688161746,-1.2196231014120402e-05
-0.9936344354614934,-0.03210021532124859,0.41269571813988665,0.004271717251969856,-0.238843839723508,-0.1401921867268214,0.0034791353338306736,0.006932750908009976,4.290623626439082e-05,-0.006316334131850844,0.003559292596589814,-1.218205605217973e-05
-0.9935946609846664,-0.034483118633461374,0.4112869193194001,0.00494872911132731,-0.23877020218067574,-0.14003408099616188,0.003415658681138708,0.006967705577145058,4.290506894420824e-05,-0.006347664460021818,0.0034954457422165662,-1.2166966821360982e-05
-0.9935481307848899,-0.03686531913415863,0.40987982795807687,0.005627930458942288,-0.23869044145833546,-0.13987388389693473,0.0033519620640201516,0.0070020466232625376,4.289974905161107e-05,-0.006369657998160429,0.003434083153197114,-1.215230987398506e-05
-0.9934948223172669,-0.0392467556601505,0.4084744907236343,0.0063092619668590035,-0.2386045565298739,-0.13970899556653107,0.0032881664735587993,0.007035814115045408,4.289048004408453e-05,-0.006379552542500392,0.0033767274923936857,-1.2137876514961946e-05
-0.9934347137983728,-0.04162736704589204,0.4070709285950012,0.006992664876012303,-0.23851256104470506,-0.13954197716391994,0.003224305291328525,0.007069003820918565,4.2877311825925056e-05,-0.006386108938508813,0.0033189487059170873,-1.2124114116090115e-05
-0.9933677838419225,-0.04400709224811253,0.4056691880680266,0.007678072290251765,-0.23841444551312058,-0.13937030170644382,0.0031602774137123256,0.007101550107457348,4.2860107539076446e-05,-0.0064027755741969785,0.0032546065803722864,-1.211008200365685e-05
-0.9932940117456148,-0.0463858701679944,0.40426931184759846,0.008365408407623932,-0.23831019033781944,-0.1391943770115725,0.003095966472407417,0.0071333811885214244,4.283872869217921e-05,-0.0064310789165166644,0.0031830858473592197,-1.2094954163107613e-05
-0.9932133777447631,-0.04876363945901287,0.4028713163641797,0.009054595771900188,-0.23819977970866335,-0.1390168313290931,0.0030313726177491345,0.007164479077266482,4.2813204931658874e-05,-0.006459367221472857,0.003109766462616961,-1.2079649421591928e-05
-0.9931258626529821,-0.0511403385790972,0.4014752454300145,0.009745561666194377,-0.23808320174130476,-0.13883490049558922,0.0029666062065406063,0.007194876659971052,4.278372235331696e-05,-0.0064766199557570415,0.0030397357610443343,-1.2064357799437739e-05
-0.9930314480195,-0.05351590590471836,0.400081140555178,0.010438238631911527,-0.2379604654502099,-0.1386487882859231,0.0029017793562213334,0.007224605999714113,4.275045396953407e-05,-0.006482661048761107,0.0029729114170598883,-1.2049886490011185e-05
-0.9929301159785681,-0.05589027990610769,0.3986890540899293,0.01113255686677961,-0.2378315765264164,-0.13845741389245056,0.002836881571153045,0.007253642188090305,4.271340885164957e-05,-0.00648975169192016,0.0029035962573545353,-1.2035830033064539e-05
-0.9928218494056474,-0.058263399120926755,0.3972990310810757,0.011828438610628917,-0.2376965291305877,-0.13826153592479248,0.0027717995242765663,0.00728192079301093,4.2672494668318366e-05,-0.0065081749546725505,0.0028278379007346324,-1.2021567644315246e-05
-0.992706631990769,-0.06063520199844532,0.3959111105001927,0.012525799870771613,-0.23755530475653416,-0.13806178447702905,0.0027064441190388306,0.00730939074085584,4.262766441878191e-05,-0.00653550781978301,0.0027469722018674675,-1.2007232785521108e-05
-0.9925844482831373,-0.06300562677036672,0.39452532835783083,0.013224557293620976,-0.23740788832408677,-0.13785844799746208,0.0026408513712497883,0.007336053599785767,4.25790272855905e-05,-0.006559239165952831,0.002666263361269554,-1.1992266314567273e-05
-0.9924552836753343,-0.06537461149254965,0.3931417190456416,0.013924633063026893,-0.2372542811404408,-0.13765165840196517,0.002575149285680779,0.007361946510843677,4.252677955099313e-05,-0.006570170162749569,0.0025892686757641643,-1.1977479009559601e-05
-0.9923191244734072,-0.06774209421186084,0.39176029791385375,0.014625953273478714,-0.23709449984734854,-0.13744329962403498,0.0025094252885876664,0.007387092411052986,4.2471074189161284e-05,-0.006572358632023361,0.0025145677347440227,-1.196317007328492e-05
-0.9921759575195949,-0.07010801312052574,0.39038110765123535,0.015328440268398226,-0.23692854615018388,-0.13723065012428434,0.0024436322447161066,0.007411461155173076,4.2411930181002615e-05,-0.006579260627641466,0.0024368522937698893,-1.1949204195690593e-05
-0.9920257704712717,-0.07247230647626152,0.3890041848225898,0.016032009734881576,-0.23675641201448852,-0.13701435329534856,0.0023776466069070383,0.0074349976619963055,4.2349317349955766e-05,-0.006598517304787087,0.0023536287517039183,-1.1934890042679936e-05
-0.9918685518493268,-0.07483491243053521,0.3876295631533486,0.016736573546251018,-0.23657807964603186,-0.1367947096014989,0.00231140495623637,0.007457671317327364,4.228327037976572e-05,-0.006624115889160294,0.0022673438183817302,-1.1920387845467642e-05
-0.9917042910671271,-0.07719576893147635,0.3862572750398001,0.01744204599316508,-0.23639353941296373,-0.13657183621558958,0.0022449773208413596,0.0074794981609925685,4.221393426557808e-05,-0.006642711758160644,0.0021826629079408385,-1.1905967937148748e-05
-0.9915329784003272,-0.0795548138133283,0.3848873521986778,0.01814834654176763,-0.23620279900380853,-0.1363457700511151,0.0021784968799736,0.0075005135301596665,4.214149726857098e-05,-0.00664798983437866,0.0021015157571239304,-1.189152218257585e-05
-0.9913546049282657,-0.08191198498334645,0.3835198263070591,0.01885539649575482,-0.2360058739167356,-0.1361165028395244,0.0021120188762136618,0.007520726826181557,4.2066083334100607e-05,-0.0066477437384326885,0.002021308774399155,-1.1877433326890261e-05
-0.9911691625167884,-0.08426722050561303,0.38215472881455775,0.019563113523958717,-0.23580276985896184,-0.13588407739552338,0.002045464912599364,0.007540106972402608,4.1987733667838e-05,-0.006655337363878845,0.0019379941495971148,-1.1863356842873463e-05
-0.9909766438567833,-0.08662045849571175,0.3807920910065193,0.020271409978653312,-0.23559347602658046,-0.13564854099875182,0.0019787121119969994,0.007558612109535736,4.1906474603450285e-05,-0.006675218717908562,0.0018504936189289317,-1.1849053311378323e-05
-0.9907770425203035,-0.08897163694482536,0.3794319440084814,0.020980196653480367,-0.23537797663807158,-0.13540991823301138,0.0019117299064647642,0.007576229900274117,4.182239330397029e-05,-0.006698156928475958,0.0017617593864958313,-1.1834920806354731e-05
-0.9905703529758387,-0.091320693666324,0.37807431885147164,0.021689387739561874,-0.23515626829798653,-0.13516819557572163,0.0018446187537176336,0.007592984589627393,4.1735649577304556e-05,-0.006711049486152852,0.0016754496896641952,-1.1820928768618375e-05
-0.9903565705518339,-0.09366756642932383,0.37671924652953387,0.022398901722725663,-0.23492836451325147,-0.13492334724131444,0.0017775061889299486,0.007608905597167364,4.1646408916504845e-05,-0.006711188650604242,0.001592081982359231,-1.1807186012170448e-05
-0.9901356913925863,-0.09601219313961838,0.375366757990312,0.02310865766768462,-0.23469428228740472,-0.13467537423682505,0.0017104122799673177,0.00762399395159313,4.155478630764298e-05,-0.006709321115553384,0.0015088171708338507,-1.1793327378529632e-05
-0.9899077124530599,-0.09835451187444254,0.3740168841854593,0.023818571169293683,-0.2344540253460626,-0.13442430241780678,0.0016432326785185472,0.007638221183326314,4.1460845157201533e-05,-0.006717888460596854,0.0014227054221890956,-1.1779481399177645e-05
-0.9896726315369354,-0.10069446073897813,0.37266965603664093,0.02452855430512619,-0.23420758218980206,-0.13417016276306334,0.0015758556844062634,0.007651560422778857,4.1364651275628465e-05,-0.00673762587532146,0.0013339067358070476,-1.1766103203919662e-05
-0.9894304473330288,-0.10303197770343485,0.3713251044853613,0.025238519417587937,-0.23395494094604743,-0.13391295293014824,0.001508287664038246,0.0076640139393972136,4.126632984671811e-05,-0.006756726747650398,0.0012453350204304258,-1.1752263683601731e-05
-0.9891811594120574,-0.10536700060093539,0.3699832604306508,0.025948382488912947,-0.23369610519799397,-0.13365264878429464,0.001440652160437857,0.007675608347098955,4.116603710014722e-05,-0.006763473440728827,0.0011594247230789726,-1.1738528683747417e-05
-0.9889247681880987,-0.10769946729564404,0.3686441547862982,0.026658062699097804,-0.23343109357698405,-0.13338922343441265,0.001373060504732039,0.007686365751578115,4.106391136121599e-05,-0.006759087131278551,0.0010757250167683107,-1.1725674298824471e-05
-0.9886612748860415,-0.11002931584290039,0.36730781850016087,0.02736747903281014,-0.2331599234642356,-0.13312267880353193,0.0013054952431402343,0.007696282534433722,4.096006196995941e-05,-0.006756446288605228,0.0009916634888615821,-1.1712755041441057e-05
-0.9883906815464238,-0.11235648447118092,0.3659742824422312,0.028076547782814595,-0.23288259655121987,-0.13285305290106453,0.0012378341569153945,0.007705337644737074,4.085456881374017e-05,-0.006766027387591893,0.0009054968839037922,-1.1700500402851571e-05
-0.9881129910543786,-0.11468091141106074,0.3646435774758903,0.028785183556620058,-0.23259910179144191,-0.13258036887104732,0.0011699870344326852,0.007713519280335632,4.0747535244111654e-05,-0.006784629734926054,0.0008181500819089619,-1.1688026676965132e-05
-0.9878282071565104,-0.11700253476021093,0.36331573446696325,0.029493302432031094,-0.2323094325514036,-0.13230461692966897,0.0011019983041367341,0.007720839328098217,4.06390889843384e-05,-0.0067987893431215125,0.0007319919853201026,-1.1675847944366014e-05
-0.9875363344448408,-0.11932129253496852,0.3619907842898121,0.030200823802531643,-0.2320135995484853,-0.1320257647722371,0.0010340051091073201,0.00772732264031748,4.052936638389766e-05,-0.0067992347557783665,0.0006483191345103383,-1.166434520455453e-05
-0.9872373783222183,-0.12163712286006297,0.36066875785493263,0.03090766924215596,-0.2317116255076666,-0.1317437896472446,0.0009660928942618047,0.007732984647289236,4.041850022186206e-05,-0.006791135786768372,0.0005661893275492995,-1.165250777396773e-05
-0.9869313449819644,-0.12394996409398208,0.3593496860266706,0.03161375996935374,-0.2314035272458046,-0.13145870996849013,0.0008982074761427873,0.0077378221071571825,4.030659107720842e-05,-0.006788455249134439,0.00048373534561025613,-1.1641498645501281e-05
-0.9866182414135467,-0.1262597547585101,0.35803359961440995,0.03231901574423262,-0.2310893046540403,-0.1311705627272134,0.000830218891920238,0.007741824797236914,4.019374154593012e-05,-0.0067987710822009625,0.0004002591064198363,-1.163052862120363e-05
-0.9862980754183516,-0.12856643335436505,0.3567205294033804,0.0330233562228153,-0.2307689484050687,-0.13087936536092343,0.0007620664857247057,0.007744993723866242,4.0080068333174726e-05,-0.006815152601249862,0.0003168835129492685,-1.1619268637143904e-05
-0.9859708556096459,-0.13086993826582455,0.355410506203892,0.03372670309877289,-0.2304424580514333,-0.13058509739075827,0.0006938301118034871,0.0077473456279295375,3.996568778857344e-05,-0.00682354879454481,0.0002351820180901832,-1.1608914719577477e-05
-0.9856365913911186,-0.13317020786337858,0.35410356081492206,0.03442898074874495,-0.23010985110132734,-0.13028772812669198,0.0006256493321295426,0.0077489012082564675,3.9850721935497616e-05,-0.006817988893964985,0.0001555504144037563,-1.1598865530288444e-05
-0.9852952929296552,-0.13546718069948208,0.35279972406072774,0.03513011501529495,-0.22977115307795082,-0.1299872437744067,0.0005575760716517927,0.007749671795465567,3.97352814350891e-05,-0.0068072365931477795,7.705187806826358e-05,-1.1589290326117932e-05
-0.9849469711431039,-0.1377607955878994,0.3514990266544375,0.03583003175416436,-0.22942637938872867,-0.12968367640506764,0.0004895235067305014,0.007749658567528759,3.961946875711171e-05,-0.006805166744705944,-1.328856688354153e-06,-1.158022590077093e-05
-0.9845916377010872,-0.14005099148588776,0.3502014992844532,0.036528656732389905,-0.2290755286158671,-0.12937705842634584,0.00042136507370836796,0.007748863064736183,3.9503390389286644e-05,-0.006815753353597415,-7.955555761739817e-05,-1.1571256336519775e-05
-0.9842293050253527,-0.14233770731191803,0.34890717268901905,0.037225916791076646,-0.2287185943994899,-0.12906739100442574,0.0003530759603707527,0.007747295769364744,3.9387157671305456e-05,-0.006828821279283259,-0.00015673402611920636,-1.1562233155962538e-05
-0.983859986279005,-0.14462088189994252,0.34761607748883133,0.03792174082691591,-0.22835558314014454,-0.12875466103758856,0.0002847656772661545,0.007744973742002176,3.927087818052032e-05,-0.006830938242356218,-0.0002322064328674216,-1.1553545356542742e-05
-0.9834836953448334,-0.14690045414553732,0.3463282443160857,0.03861605967513352,-0.2279865183526783,-0.1284388379466642,0.0002165643057424207,0.007741913100347633,3.915465284551047e-05,-0.006820047157485717,-0.00030606706929206496,-1.1545465124817924e-05
-0.9831004468065645,-0.14917636319074998,0.34504370380709104,0.03930880537918007,-0.22761142696688194,-0.12811991870081627,0.00014848559115199203,0.007738124786808741,3.9038584935460116e-05,-0.006807781625786982,-0.0003788334662638329,-1.1537296977978721e-05
-0.982710255938359,-0.15144854845008096,0.34376248656494235,0.03999991080284192,-0.2272303223955482,-0.1277979326870736,8.041733398810779e-05,0.0077336177083519,3.892276634092872e-05,-0.006806736124136571,-0.00045070916851521565,-1.152992866302022e-05
-0.9823131386974572,-0.15371694945530495,0.342484623115804,0.04068931000251302,-0.22684320270832078,-0.127472913272644,1.224758432854059e-05,0.007728404084513231,3.880729179585961e-05,-0.006816885695989221,-0.000521362918617331,-1.1522953414431355e-05
-0.9819091117106827,-0.1559815056912931,0.3412101439548239,0.041376938715423944,-0.22645006573060214,-0.12714486033977396,-5.600954242325415e-05,0.007722499043433382,3.869225573823962e-05,-0.00682562380816435,-0.0005905038564865123,-1.1516183293162786e-05
-0.9814981922571779,-0.15824215660449742,0.33993907954084757,0.04206273433666364,-0.22605092489459283,-0.12681374793607375,-0.00012422341166087414,0.00771591719161998,3.857774546415183e-05,-0.006821298534421063,-0.0006581841471571684,-1.1509999538982525e-05
-0.9810803982524253,-0.1604988417815316,0.33867146029073925,0.042746635624727074,-0.22564580867301356,-0.12647955562086033,-0.00019228428961320942,0.007708671312344412,3.846384672851285e-05,-0.006805999956675117,-0.0007245861164684249,-1.1504203526982962e-05
-0.9806557482357131,-0.16275150110741246,0.3374073166288878,0.04342858273883245,-0.22523474410385116,-0.1261422886247038,-0.00026021808333380795,0.007700775697657292,3.8350638178251215e-05,-0.006793292151477533,-0.0007895588876822352,-1.1499157943740861e-05
-0.9802242613565951,-0.16500007473539688,0.3361466789477788,0.04410851770196617,-0.22481774241278607,-0.1258019787843253,-0.0003281526659651143,0.007692248515924389,3.823819770107257e-05,-0.0067933717266482315,-0.0008527148291519906,-1.1494571423490072e-05
-0.9797859573558635,-0.1672445029077417,0.33488957753543375,0.04478638467075201,-0.22439480215120533,-0.12545865575387036,-0.00039617541799546633,0.007683109430607447,3.81265969501313e-05,-0.006802189411428433,-0.0009139044306353504,-1.1490729388751725e-05
-0.979340856542093,-0.16948472582380023,0.3336360426963221,0.0454621295552215,-0.22396592629815246,-0.12511230572134563,-0.00046423389543810196,0.0076733742540417,3.801591228182904e-05,-0.006805762761360367,-0.0009735128054931898,-1.1486951357787918e-05
-0.9788889797753849,-0.17172068370347401,0.3323861046016352,0.04613569936746855,-0.22353113511539086,-0.12476291036623412,-0.000532187352827616,0.007663053770499216,3.7906217398201274e-05,-0.0067952616260062,-0.0010320427618142121,-1.1483341932000463e-05
-0.9784303484573598,-0.173952316982437,0.3311397934232305,0.04680704219960765,-0.22309046064322144,-0.1244104516556741,-0.0005999557316131969,0.007652160254001828,3.779757243571826e-05,-0.006776754685921995,-0.0010893453259392919,-1.1480826910129404e-05
-0.9779649845215171,-0.17617956643041635,0.32989713929921444,0.04747610813187849,-0.22264392887721648,-0.12405494658892639,-0.0006676020968479071,0.007640714096559092,3.769003756082915e-05,-0.00676455430098529,-0.0011446086999245119,-1.14786042451385e-05
-0.9774929104130233,-0.178402373068123,0.328658172229195,0.04814285011124192,-0.22219154898077467,-0.12369643760450444,-0.0007352590680815049,0.0076287420277540464,3.758366076041859e-05,-0.006765615910935178,-0.0011971991253119981,-1.1477124852921288e-05
-0.9770141490569091,-0.1806206779782824,0.32742292220894076,0.04880722371532035,-0.22173332101993368,-0.12333493622453998,-0.00080298140885531,0.0076162674019739545,3.74784946420682e-05,-0.006772153917821698,-0.0012474541214716275,-1.1475751832630177e-05
-0.9765287238317856,-0.18283442221871118,0.3261914191199465,0.049469185935290164,-0.22126925387716076,-0.12297043394957433,-0.0008706820719627614,0.007603303202310495,3.7374590385692846e-05,-0.006769987245185663,-0.0012964108183884208,-1.1475006409172065e-05
-0.9760366585567201,-0.18504354693545386,0.32496369285640364,0.0501286943034104,-0.22079937398290475,-0.12260289853265559,-0.0009382221975225454,0.0075898569912455915,3.727199752993481e-05,-0.006753934623810735,-0.0013446112785410755,-1.1475130630723521e-05
-0.9755379773789625,-0.1872479935130696,0.32373978964679134,0.05078570801106716,-0.22032371228220587,-0.12223068615985601,-0.00100556069129208,0.007575959246789152,3.717074473518613e-05,-0.006733772601169823,-0.0013897639496940522,-1.147569327758119e-05
-0.9750327050285812,-0.18944770375584036,0.32251973018949043,0.05144019113927912,-0.21984229738997715,-0.12185636958915627,-0.001072790498760729,0.007561629297546178,3.7070868852273584e-05,-0.006722905156117708,-0.001432983772837478,-1.1476429914201115e-05
-0.9745208665894718,-0.19164261967642546,0.32130354018235785,0.05209210861315687,-0.219355135826969,-0.12147947482162239,-0.001140036592895381,0.007546895955196559,3.697238840481739e-05,-0.006724535021990463,-0.0014733224383326876,-1.1477874350061935e-05
-0.9740024873760156,-0.19383268327198797,0.32009126369506574,0.05274142856976312,-0.21886222711833866,-0.12109816549044414,-0.0012073128483183425,0.0075317959405052795,3.687530831061593e-05,-0.006727552353485453,-0.0015099890362693608,-1.1479976977440269e-05
-0.9734775931788265,-0.1960178366247246,0.3188829204553767,0.053388122176913765,-0.21836359117328583,-0.12071485095687284,-0.0012745067255163904,0.007516328180094593,3.6779676124166374e-05,-0.006719315768761316,-0.0015467629843129306,-1.1482349631060709e-05
-0.9729462099652495,-0.1981980219146923,0.3176785515349057,0.05403215842740138,-0.21785925522629815,-0.12032736977309948,-0.0013414995331983647,0.0075005105727753195,3.6685505656947356e-05,-0.006699210064231145,-0.0015817470625768572,-1.148572062236629e-05
-0.9724083640542277,-0.20037318167265755,0.3164781913527557,0.05467351068137839,-0.21734925469470265,-0.11993638459235963,-0.0014082855036964906,0.007484367586258485,3.659280183473082e-05,-0.006678527595170798,-0.0016142843814231744,-1.148959970324315e-05
-0.9718640821739494,-0.20254325883942212,0.31528185529479164,0.05531215527716947,-0.21683361445646007,-0.11954382253095977,-0.0014749797853828399,0.007467920109683166,3.650157390838831e-05,-0.006669359968432391,-0.0016447327979968672,-1.1493649307417378e-05
-0.9713133912591376,-0.20470819652011538,0.3140895662859972,0.05594806976846905,-0.216312339593799,-0.11914895082616041,-0.001541689081246318,0.007451196567761481,3.64118165569266e-05,-0.006670862634422534,-0.0016723387527457678,-1.1497943672998027e-05
-0.9707563184452719,-0.20686793784065233,0.3129013502877259,0.056581234063551075,-0.21578543577582518,-0.11875145961288752,-0.0016083912916251151,0.007434212082925109,3.632354108568374e-05,-0.006670155340136184,-0.0016984324745576214,-1.1502415197385952e-05
-0.9701928910623916,-0.209022425972299,0.3117172348660264,0.057211628201879215,-0.21525292390217377,-0.11835115935628783,-0.0016749547458754423,0.007416968674047719,3.62367763733168e-05,-0.006656281000161097,-0.0017243243215805683,-1.1507022984238887e-05
-0.9696231366475443,-0.21117160431662646,0.3105372479862727,0.05783923233432129,-0.21471483944715844,-0.1179479875949932,-0.0017412777936219354,0.0073994721889381835,3.615153843602088e-05,-0.006632241631515082,-0.00174963140029602,-1.1512149037306809e-05
-0.9690470829479306,-0.21331541665436793,0.3093614176714999,0.05846402874862998,-0.21417121644547257,-0.11754194452638386,-0.0018073958179202338,0.0073817472217045325,3.6067814379556486e-05,-0.006611740555617888,-0.0017724790791778732,-1.1517168344342594e-05
-0.9684647578955946,-0.21545380710142892,0.3081897720818874,0.05908600385625455,-0.21362207360937466,-0.11713304144566199,-0.0018734380585308263,0.0073638327613655685,3.5985555408822356e-05,-0.006604163416198802,-0.001791427862325854,-1.1522665342073935e-05
-0.9678761895606331,-0.21758671992680292,0.3070223395835642,0.05970514790063231,-0.21306741740773416,-0.11672127222754722,-0.0019394845950399422,0.007345761487853228,3.59047206278778e-05,-0.006604594201506909,-0.0018071086577697416,-1.1528461103219018e-05
-0.967281406113396,-0.21971409943178957,0.30585914860850805,0.06032145259479332,-0.21250725852995955,-0.11630661609255749,-0.0020054763091223297,0.00732754575371945,3.5825300233792156e-05,-0.006599113143164127,-0.001821554205756167,-1.153482584068928e-05
-0.9666804358150859,-0.2218358900239952,0.3047002275636365,0.06093490929408522,-0.21194162403180505,-0.11588904555986297,-0.002071275718116109,0.0073091863045697675,3.5747310987366665e-05,-0.006579883826876239,-0.0018359252051562524,-1.1541043084579858e-05
-0.9660733070251979,-0.22395203640919528,0.30354560487422105,0.06154550976971037,-0.2113705520432919,-0.1154685429729345,-0.002136813654923825,0.007290694195115936,3.567074457829502e-05,-0.006553737790591092,-0.0018491907437259698,-1.1547239552426406e-05
-0.9654600481966438,-0.22606248369494616,0.30239530893898914,0.06215324881537862,-0.21079407480125775,-0.11504512351167166,-0.0022021611094234033,0.007272102366888207,3.5595537658402636e-05,-0.0065346906916119605,-0.0018591621329328578,-1.1553945440710529e-05
-0.9648406878403725,-0.22816717729643543,0.30124936802087565,0.0627581258845678,-0.21021220841145244,-0.11461882488931902,-0.0022674484693417057,0.00725345334584303,3.552160690461318e-05,-0.006528682300357116,-0.001864880926947278,-1.1560550626079977e-05
-0.9642152544733573,-0.2302660627502472,0.3001078103791284,0.06336014391003317,-0.20962496021064017,-0.11418965435926585,-0.00233272199673142,0.007234776041325724,3.544888890030229e-05,-0.006527300063993247,-0.0018677087869615546,-1.1567525845302912e-05
-0.9635837765865334,-0.23235908564034202,0.2989706641273913,0.06395930659232786,-0.20903234574147034,-0.11375760595463293,-0.0023978911486296577,0.007216077462646807,3.537736861549183e-05,-0.006516863516121879,-0.0018698357220350461,-1.1574604771000046e-05
-0.9629462826425523,-0.2344461917175052,0.29783795728771906,0.06455561707512608,-0.20843439700864677,-0.11332266037088169,-0.0024628242108218953,0.007197358174308807,3.53070405495097e-05,-0.0064932555384912575,-0.0018719062146656039,-1.1582055343765907e-05
-0.9623028010842228,-0.23652732708607446,0.29670971783933375,0.0651490794643625,-0.2078311531313048,-0.11288481361187465,-0.0025274898873188434,0.0071786350643316356,3.523785491851239e-05,-0.006466517921768234,-0.001872287907990611,-1.1590067975490385e-05
-0.9616533603217409,-0.2386024382549208,0.29558597364772715,0.06573970155451597,-0.20722264354326803,-0.11244409452967533,-0.0025919876602631684,0.00715994629184731,3.516970793051363e-05,-0.0064497284405302365,-0.0018688536833935871,-1.159833368051618e-05
-0.9609979886890021,-0.24067147200152278,0.29446675243355336,0.06632749575932115,-0.20660888198438693,-0.11200053870312571,-0.002656437214581288,0.0071413326671463245,3.5102481414097826e-05,-0.006444907363195806,-0.0018613384207981376,-1.1607061569799381e-05
-0.9603367143943712,-0.24273437519904686,0.2933520817931464,0.06691247721561153,-0.20598987750492184,-0.11155415758804182,-0.002720847176587483,0.007122816079050963,3.5036101273382145e-05,-0.006440948860437581,-0.0018516342711513256,-1.1616263269826604e-05
-0.9596695654973204,-0.2447910947942733,0.29224198921151856,0.06749466111506645,-0.2053656505993502,-0.1111049374013775,-0.0027851034445931723,0.007104398356725715,3.4970552410246736e-05,-0.006425580174286481,-0.0018417472092919222,-1.1625042711463362e-05
-0.95899656991375,-0.24684157796269157,0.29113650212564396,0.06807406212495347,-0.20473623711742195,-0.11065285826349393,-0.002849091574678844,0.007086081847212698,3.490581141668292e-05,-0.006398767075846439,-0.0018316254465830623,-1.163384322231922e-05
-0.9583177554229617,-0.2488857722735664,0.29003564782995495,0.0686506965014818,-0.20410167572723145,-0.110197933618281,-0.0029128191629209568,0.007067889095594762,3.48417927527591e-05,-0.006372713520829372,-0.0018192491698653956,-1.1642922812342171e-05
-0.9576331496457307,-0.25092362568592036,0.2889394535187253,0.06922458453736569,-0.20346199255653805,-0.10974019393496597,-0.0029764045914389262,0.007049860132079326,3.477835936468708e-05,-0.006358498077477671,-0.0018028698581092032,-1.1651975615276233e-05
-0.9569427799974124,-0.2529550863842663,0.2878479462190319,0.06979575067978379,-0.20281719962985026,-0.1092796722937152,-0.00303994673460807,0.007032030369245468,3.471538479146359e-05,-0.006354169979366547,-0.0017829492737951637,-1.1660770513091907e-05
-0.9562466736453332,-0.25498010263282567,0.2867611528540954,0.070364221160458,-0.20216730850220543,-0.10881637072381116,-0.0031034166188332888,0.007014413505075568,3.46528011751798e-05,-0.006346944471150952,-0.0017616588837823118,-1.1669509140279283e-05
-0.9555448574965805,-0.2569986228067181,0.2856791003037583,0.07093002173600464,-0.20151234444170618,-0.10835026655091642,-0.0031666871420985795,0.006997008245485308,3.459058308006733e-05,-0.006327008740797817,-0.001740497901339127,-1.1678256502393894e-05
-0.9548373582088542,-0.2590105955688288,0.2846018152818264,0.07149317794436237,-0.20085234592303527,-0.10788135708037759,-0.003229670134667658,0.006979820554983179,3.452868373249309e-05,-0.0062982560015127685,-0.0017187404650321444,-1.1686673046740319e-05
-0.9541242021912758,-0.2610159699993915,0.28352932433455214,0.07205371745657443,-0.20018734990895876,-0.10740966520102074,-0.0032924105230020453,0.006962877148027126,3.4466984398745954e-05,-0.006273995823087063,-0.0016943115674758738,-1.1695054193175686e-05
-0.9534054155756565,-0.2630146955386569,0.2824616538968435,0.07261167194122764,-0.199517379007768,-0.10693522342237435,-0.0033550347539806533,0.006946216147573661,3.4405328223839675e-05,-0.006262380221175635,-0.0016660703511302026,-1.1703078582548601e-05
-0.9526810241705798,-0.26500672180878604,0.281398830320877,0.073167076415783,-0.19884244427660824,-0.10645805044950635,-0.003417612777556428,0.006929864914584704,3.43435879068496e-05,-0.00625775952428115,-0.0016350930178806572,-1.17108940139068e-05
-0.9519510534305826,-0.26699199850806876,0.28034087977609107,0.07371996679530167,-0.1981625604222426,-0.10597814979701041,-0.0034800812010775113,0.006913830097759127,3.4281706885004794e-05,-0.006246799521381966,-0.0016034508057768267,-1.1718069157793313e-05
-0.9512155284531014,-0.2689704754915025,0.27928782838213134,0.07427037830662142,-0.19747775705105694,-0.10549549954494351,-0.003542311013175005,0.006898109971655143,3.4219653044261624e-05,-0.006222938357901893,-0.0015719811331682835,-1.1724831071907508e-05
-0.9504744739896615,-0.2709421029532591,0.2782397020588012,0.07481834639894465,-0.19678807392906134,-0.10501010692006872,-0.003604247284538583,0.00688271462010275,3.4157349596187975e-05,-0.0061935842090329665,-0.0015395030651912096,-1.1731334300176032e-05
-0.9497279144398993,-0.27290683151027206,0.27719652657157584,0.07536390898843652,-0.19609354529436032,-0.10452199925462452,-0.0036659670014232443,0.006867672576267322,3.409465848726183e-05,-0.006171928589415323,-0.0015041716577173247,-1.1736853371892456e-05
-0.9489758738191792,-0.27486461209885543,0.2761583275515531,0.07590710759671988,-0.1953941903830053,-0.1040312102933547,-0.003727593422634974,0.006853016610515056,3.403141019274192e-05,-0.006162598732953974,-0.001465563180503144,-1.1742613481999244e-05
-0.9482183757192588,-0.2768153957990343,0.27512513050860365,0.07644798611836418,-0.19469002016798442,-0.10353775602985556,-0.0037891622954268913,0.006838765217806674,3.39674963960318e-05,-0.0061568435267904086,-0.0014251051856148814,-1.174738403999087e-05
-0.9474554432886331,-0.2787591337755298,0.27409696084156515,0.076986588635328,-0.1939810528873209,-0.10304162791277202,-0.003850582273411384,0.0068249201197446326,3.390286695057856e-05,-0.0061419536469032275,-0.001384475018919883,-1.1751384349836319e-05
-0.9466870992367511,-0.28069577740029833,0.2730738438426909,0.07752295862116101,-0.1932673217525303,-0.10254281192394157,-0.003911733692038421,0.006811481345277856,3.3837475181526236e-05,-0.006115097279533872,-0.0013438419467405197,-1.1754763250877361e-05
-0.9459133658416752,-0.2826252784240199,0.2720558046068634,0.07805714023747967,-0.19254886648755057,-0.10204132202755797,-0.00397259837110913,0.006798462645441554,3.377122243548528e-05,-0.00608642282448988,-0.0013018337510363835,-1.1757244064619874e-05
-0.9451342649374918,-0.2845475890081582,0.2710428681045703,0.07858918015204232,-0.19182571789518435,-0.10153718679233176,-0.004033277401286316,0.0067858908718690675,3.3703945123060705e-05,-0.006067857323991752,-0.001257140355662033,-1.1759911595139864e-05
-0.9443498178831606,-0.28646266158644795,0.27003505915674597,0.07911912788640564,-0.19109789225231424,-0.10103043870056101,-0.004093880416828822,0.006773790748538578,3.363549392788141e-05,-0.0060602551476404845,-0.0012099745283958752,-1.176187275187997e-05
-0.9435600455334078,-0.2883704487060634,0.2690324024870714,0.07964703436281957,-0.19036540126886756,-0.10052108471076211,-0.004154406856752571,0.006762172905960752,3.35657747778778e-05,-0.0060525968087888704,-0.0011617456257637263,-1.176304761225575e-05
-0.9427649682297838,-0.29027090302019104,0.26803492266043427,0.0801729503123523,-0.18962826687044335,-0.10000911796255976,-0.0042147462830788955,0.0067510370012883215,3.349473773967373e-05,-0.006033894637909324,-0.0011135509926860207,-1.1763370462631892e-05
-0.9419646058833836,-0.292163977514991,0.2670426305688877,0.08069692647742173,-0.18888652744739157,-0.09949588453496987,-0.0042747904868983425,0.006740374474465933,3.342236910780024e-05,-0.006004371566369199,-0.001066212358825309,-1.1762615427183245e-05
-0.9411589778678222,-0.2940496255456258,0.26605554447172214,0.0812190119539307,-0.1881402214471407,-0.09898064837212524,-0.004334553640001063,0.006730195529933949,3.334857750664516e-05,-0.005976265611680329,-0.0010178532587355224,-1.1760612664102254e-05
-0.9403481029570829,-0.29592780076885467,0.26507369921114243,0.08173925789528222,-0.1873893741742903,-0.09846177036138579,-0.0043941581227072,0.006720530996227941,3.3273175525000165e-05,-0.0059603975621901634,-0.0009664112594814933,-1.1757888899112277e-05
-0.9395319994199676,-0.2977984571025735,0.26409712362096316,0.08225772008326931,-0.1866340006395384,-0.0979398649532965,-0.0044536939783661,0.0067114006947361065,3.319602641963907e-05,-0.005953533754962231,-0.0009129870857843064,-1.1753825748456104e-05
-0.9387106849805611,-0.2996615485766964,0.2631258437769259,0.08277445469422909,-0.18587411455587602,-0.09741519920290712,-0.004513126998509657,0.006702811017641515,3.3117045839590195e-05,-0.005943249043391117,-0.0008589236674951001,-1.1748892921320053e-05
-0.9378841768074078,-0.3015170293666742,0.2621598843415331,0.08328951754138036,-0.18510974165490945,-0.09688789059050198,-0.004572338436275767,0.0066947630547370615,3.3036169229761945e-05,-0.005921089601227733,-0.0008047512476277289,-1.1743357943818748e-05
-0.937052491511717,-0.30336485395426793,0.26119926954846623,0.08380296448874765,-0.18434091941592778,-0.09635796673975199,-0.004631256234259766,0.006687263558507102,3.295330677549027e-05,-0.0058917243571395515,-0.0007499035520365293,-1.1737076208205077e-05
-0.9362156451411366,-0.3052049772335338,0.2602440234635474,0.0843148525490181,-0.18356768387089162,-0.09582545180659886,-0.004689933581353939,0.006680326853202992,3.286833731082263e-05,-0.005867677919673534,-0.0006936233972692049,-1.1729570038521252e-05
-0.935373653165085,-0.3070373544434593,0.2592941697765542,0.08482524032261536,-0.1827900579363364,-0.09529040278372868,-0.004748490686976272,0.00667396749524477,3.278114080445662e-05,-0.005855652341948294,-0.0006358875658476737,-1.1720463952086344e-05
-0.9345265304578071,-0.30886194099822856,0.25834973188769084,0.08533418736083798,-0.1820080537343538,-0.09475285680554062,-0.004806985585740157,0.006668193218026931,3.2691623191067655e-05,-0.005849430160580024,-0.00057737836357955,-1.1710247937315574e-05
-0.9336742912914646,-0.3106786923984463,0.25741073295080175,0.0858417533108345,-0.18122168631350571,-0.09421282450607743,-0.004865352486045148,0.006663006011538126,3.25997150164181e-05,-0.005836628770300423,-0.0005186701358712091,-1.1699116780042562e-05
-0.9328169493375622,-0.31248756431751173,0.2564771958642274,0.08634799773996563,-0.18043098403051516,-0.09367030833313582,-0.00492347409187277,0.006658408619893896,3.250534483273728e-05,-0.005812097727645885,-0.0004596874705793235,-1.1686840498534122e-05
-0.9319545176663667,-0.31428851276771724,0.2555491433220474,0.08685298061943118,-0.17963598444707718,-0.09312531952968041,-0.004981310071817934,0.006654408040674346,3.2408424043956496e-05,-0.0057835334821703475,-0.0004000050184698602,-1.1672980900822103e-05
-0.9310870087397923,-0.3160814941635994,0.25462659783284924,0.08735676271588143,-0.1788367202314307,-0.09257788903253766,-0.005038940433784541,0.00665101255679306,3.230884698996401e-05,-0.005762969953015004,-0.00033949423867801195,-1.1658532912106078e-05
-0.9302144342613807,-0.31786646508967026,0.2537096026324694,0.08785940223725791,-0.17803320611839393,-0.09202597027931539,-0.005096505340136051,0.006648191050820514,3.220673598897736e-05,-0.005756422737491326,-0.00028209522864929964,-1.164059815363204e-05
-0.9293368055400205,-0.3196433824076538,0.2527981721103972,0.08836095871851168,-0.1772254547025337,-0.09147244623675274,-0.005154014800475302,0.006645963464137847,3.21019415629962e-05,-0.005750876378358549,-0.00022270203417363365,-1.162076456804757e-05
-0.9284541332694104,-0.32141220305296236,0.2518923217712788,0.0888614929375015,-0.17641348294092762,-0.09091718541682847,-0.0052113716596789116,0.006644340622691558,3.199433658277418e-05,-0.005735614417314011,-0.00016222619832011395,-1.1601181107427155e-05
-0.9275664273757337,-0.323172884026565,0.25099209020521385,0.08936106287160996,-0.1755973170833026,-0.09035786543376526,-0.005268492940521008,0.006643295691389394,3.188401845580725e-05,-0.005712054792944458,-0.00010443389132261109,-1.157895220504274e-05
-0.9266736973749196,-0.32492538282506533,0.25009748983424696,0.08985972830546957,-0.1747769949928022,-0.08979709582431347,-0.005325356905149497,0.006642854771583157,3.1770787256479586e-05,-0.005686321244596668,-4.403138597722974e-05,-1.1556262065243188e-05
-0.9257759520162179,-0.32666965717559154,0.2492085554410083,0.09035754766970108,-0.17395254106580563,-0.08923266207187999,-0.0053820811221187105,0.006642991479156499,3.16547456057001e-05,-0.005672344613432709,1.373268519420505e-05,-1.153055370590065e-05
-0.9248731996268587,-0.32840566516922015,0.24832529741936327,0.09085458007376011,-0.17312397163759388,-0.08866701391392118,-0.005438746522995872,0.00664372508124097,3.15358142980633e-05,-0.005666461079484651,7.34234797831119e-05,-1.149578710588063e-05
-0.9239654477835471,-0.3301333648481289,0.24744774791138732,0.09135088286092415,-0.17229129346903613,-0.08809797773021406,-0.005495357591190711,0.006645030171052622,3.141404179822147e-05,-0.005661025911343702,0.00013057360271162777,-1.1463303374588899e-05
-0.9230527036404805,-0.33185271447532144,0.24657591673954335,0.09184651455495185,-0.17145452733452834,-0.08752776048136557,-0.005551793170257131,0.006646934725604864,3.128929575554731e-05,-0.005643475002749343,0.00019052145246566257,-1.1422148768148296e-05
-0.9221349736066313,-0.3335636724200854,0.24570983476754651,0.09234153328802314,-0.17061370192008254,-0.08695424548070757,-0.005607979941635363,0.006649423032389811,3.116155718208398e-05,-0.005618592217038282,0.0002488980796448173,-1.1384936454889893e-05
-0.9212122636045912,-0.3352661975195648,0.24484951567265192,0.0928359968682663,-0.1697688523673297,-0.08637915561048197,-0.00566394127623677,0.0066524808686146426,3.10308294706075e-05,-0.005596046515869381,0.00030585244175611813,-1.1348899070556892e-05
-0.9202845789044102,-0.3369602488422129,0.2439949870508907,0.09332995946586675,-0.1689199998119262,-0.08580111800486877,-0.00571979158137929,0.006656098733389076,3.0897106458127144e-05,-0.0055849415331926805,0.00036185672839665747,-1.131255939914141e-05
-0.9193519243356513,-0.3386457857448845,0.2431462581667154,0.09382347819018388,-0.16806715807108497,-0.08522197167097405,-0.00577558641482546,0.00666029870212395,3.076031948291856e-05,-0.005579392271250894,0.0004200685549008675,-1.1264170270951938e-05
-0.9184143041379029,-0.340322767652555,0.24230333970565268,0.09431661166007167,-0.16721033942908597,-0.08464156196439437,-0.005831271812810963,0.006665099624739008,3.062026939151678e-05,-0.005568446489517023,0.00048016545182987176,-1.1218296688525691e-05
-0.9174717219302894,-0.3419911541022296,0.2414662463916176,0.09480941971356505,-0.16634956746668883,-0.08405946191191532,-0.005886728834114136,0.006670519890475405,3.0476721757666082e-05,-0.005545606417616337,0.0005421013727755558,-1.1178482207359578e-05
-0.9165241807025278,-0.3436509049190281,0.24063499518802825,0.09530196366643594,-0.16548487750454194,-0.08347543468007379,-0.005941893817141639,0.006676571269567134,3.0329521361930726e-05,-0.005516400070023134,0.0006052143823033165,-1.114050122647175e-05
-0.9155716828064246,-0.3453019803170084,0.23980960420792113,0.09579430515286072,-0.1646163044592388,-0.08288937341934569,-0.0059968205102934845,0.0066832508386226,3.0178614356333287e-05,-0.005492568512777726,0.0006680350843439015,-1.110284536488897e-05
-0.9146142299641892,-0.34694434083287623,0.23899009192877607,0.09628650456603395,-0.16374387188707928,-0.08230125944627653,-0.006051616184773029,0.006690544362424656,3.0024020463093448e-05,-0.005479464074742196,0.0007294322740748988,-1.1065011771689643e-05
-0.9136518232899661,-0.348577947175424,0.23817647693098642,0.09677862061243357,-0.16286759367166104,-0.08171108896748888,-0.0061063234420752665,0.006698440863570313,2.9865745996427652e-05,-0.005470619775654842,0.0007897317364167049,-1.1026569928617008e-05
-0.9126844633052862,-0.3502027601569395,0.23736877807852488,0.09727071151456164,-0.1619874861559733,-0.08111882039088007,-0.006160872638557474,0.006706943712218742,2.970371290183661e-05,-0.005454811044589238,0.0008503682526520552,-1.0987367824396716e-05
-0.9117121499358507,-0.35181874078738656,0.23656701430597582,0.09776283656099401,-0.16110357777316783,-0.08052442703668107,-0.0062151573208375594,0.006716063969560113,2.95378031090159e-05,-0.00542835687975633,0.0009121109353658083,-1.0946695096820424e-05
-0.910734882494107,-0.35342585042638136,0.23577120460814185,0.09825505592454656,-0.1602159055370762,-0.0799278974719735,-0.006269150556563758,0.006725802302409842,2.9367960821367085e-05,-0.005399209424924962,0.0009739203280280635,-1.0904736492171295e-05
-0.9097526596749216,-0.3550240508287929,0.23498136791425334,0.09874742868021266,-0.15932450224101244,-0.07932925231462182,-0.006322934263225937,0.00673613914442954,2.9194262580065945e-05,-0.0053782537526193275,0.0010337730726713808,-1.0861009818098037e-05
-0.9087654795795804,-0.3566133040345463,0.23419752300235835,0.09924001092119318,-0.15842938816930574,-0.07872852457686166,-0.006376611023818567,0.006747046300390228,2.9016846988023274e-05,-0.00536755645509138,0.0010908062594816134,-1.0815048871138043e-05
-0.9077733397524421,-0.3581935722214625,0.23341968861150775,0.09973285607642206,-0.15753057606257168,-0.07812572055262103,-0.006430195631133573,0.006758508560268842,2.883577249121414e-05,-0.00535833845813457,0.0011463184345517972,-1.0766968465835452e-05
-0.9067762372014818,-0.35976481767869595,0.2326478833770709,0.10022601719108146,-0.15662808383854276,-0.0775208350716379,-0.006483601727610295,0.0067705313124560825,2.8650969543626253e-05,-0.00534048463957271,0.001202369478733437,-1.0716571390779969e-05
-0.9057741683886753,-0.36132700292619274,0.2318821257715447,0.10071954861082696,-0.15572194142072318,-0.07691386820960847,-0.006536738904695688,0.006783124084659099,2.846234088443445e-05,-0.005313589880376978,0.0012593733320911155,-1.0663981796847536e-05
-0.9047671292117144,-0.36288009084624606,0.23112243413359737,0.10121350502364378,-0.1548121842715841,-0.07630483446714402,-0.006589613850742483,0.0067962775554512985,2.8269903243174743e-05,-0.0052873639475139785,0.001315445046725876,-1.061011320642911e-05
-0.9037551150111944,-0.36442404468151346,0.2303688266198738,0.1017079387191912,-0.15389884070844412,-0.07569376957456923,-0.00664232474901855,0.006809959568818402,2.807383181737385e-05,-0.00527095644014029,0.0013683011098167162,-1.0554347747583956e-05
-0.9027381206105547,-0.3659588278999335,0.22962132121408774,0.10220289793318041,-0.15298192671071306,-0.07508070627993554,-0.006694957388250711,0.00682413626715393,2.7874318301801404e-05,-0.00526312791616482,0.0014177713560717714,-1.049658315458282e-05
-0.9017161403603452,-0.36748440407001287,0.2288799357933159,0.10269842818677222,-0.15206145362246887,-0.0744656525979797,-0.006747495694945419,0.006838796342652023,2.7671412373450786e-05,-0.005253692057256261,0.001466110810566288,-1.0436366403872713e-05
-0.9006891681519986,-0.3690007368777444,0.22814468810066243,0.10319457530100636,-0.15113744043225066,-0.07384860478538122,-0.0067998421540690045,0.006853950626464321,2.746501206290027e-05,-0.0052345046052978605,0.0015155334204102959,-1.0374142200547076e-05
-0.899657197398633,-0.3705077902633149,0.22741559573153525,0.10369138671992752,-0.15020991750737706,-0.07322956545914297,-0.00685192707360772,0.0068696062088502395,2.7255040928929814e-05,-0.0052083478786415045,0.0015656650868910858,-1.0309893037134931e-05
-0.8986202210189264,-0.3720055285253884,0.22669267606542046,0.10418890955093073,-0.14927891773246385,-0.07260856300225102,-0.006903786603831693,0.006885742992326031,2.7041605463000897e-05,-0.005185806230748389,0.0016137869740771103,-1.0243975829652338e-05
-0.8975782314575561,-0.37349391627569234,0.22597594635175872,0.10468718728282755,-0.14834446471773052,-0.07198562942330773,-0.006955524624934248,0.006902319194606943,2.6824969781275825e-05,-0.005173652763280171,0.0016577305455744793,-1.0175887851924391e-05
-0.8965312207386402,-0.3749729182940657,0.22526542369156743,0.10518625876903212,-0.147406570856629,-0.07136079105286118,-0.00700720245688212,0.006919301371333224,2.660534505245051e-05,-0.005167631418660185,0.001698329611419202,-1.010563459170172e-05
-0.8954791805096968,-0.3764424994373676,0.22456112500261705,0.10568616069451943,-0.14646524709593367,-0.0707340587269601,-0.007058774854001812,0.006936686087142835,2.638273565250148e-05,-0.005157085490694858,0.0017385851427007995,-1.003330512788266e-05
-0.8944221020431385,-0.3779026246976209,0.22386306703416023,0.10618693090646734,-0.1455205139822843,-0.07010543195192992,-0.007110141029617923,0.00695448867381712,2.6157007710150745e-05,-0.005136460782685963,0.0017803739038804334,-9.9596211734814e-06
-0.8933599762087395,-0.3793532593444116,0.2231712664304915,0.10668860893665912,-0.1445724021719134,-0.06947491397217562,-0.007161256577773896,0.006972710328630609,2.5928126658197063e-05,-0.005111395434400582,0.001822282408779395,-9.884653863371508e-06
-0.8922927934079586,-0.38079436891929214,0.22248574874174787,0.10719123209684342,-0.14362094065161113,-0.06884162661254259,-0.007212185936266285,0.00699131622892278,2.56963265931329e-05,-0.00509277400854127,0.001860708564059622,-9.80741611315146e-06
-0.8912205437573866,-0.3822259193421983,0.2218065252230103,0.10769483485369354,-0.1426661502288445,-0.06820701777328685,-0.00726302740765115,0.007010260077293438,2.546192239526415e-05,-0.005083983039508713,0.001894504868117798,-9.728538817747917e-06
-0.890143217044533,-0.38364787663177885,0.2211336097789047,0.10819944566702726,-0.14170804060006126,-0.06757082900178989,-0.007313812620778132,0.007029514216869883,2.5225097814558123e-05,-0.0050783550669692,0.0019255354204503515,-9.648144173026516e-06
-0.8890608027731592,-0.38506020686698406,0.22046701738856317,0.10870509187307748,-0.14074662339128913,-0.0669329413287166,-0.007364471666381835,0.007049084647552274,2.498580023004471e-05,-0.005065736114108118,0.001957165981025377,-9.565632811415393e-06
-0.8879732901544867,-0.38646287628606685,0.21980676348640668,0.10921180282780563,-0.13978192118225716,-0.06629329330216789,-0.007414909435226983,0.007068988372925612,2.4743892161672908e-05,-0.005043606123213492,0.0019904969501154664,-9.481440380223534e-06
-0.8868806680786243,-0.3878558514261598,0.21915286356386857,0.10971960932244146,-0.1388139647994843,-0.06565187742569703,-0.00746510967029497,0.00708921719872826,2.4499415524724906e-05,-0.005019850441774067,0.002023008478784647,-9.396247631327718e-06
-0.8857829251184506,-0.38923909915361515,0.21850533295892594,0.1102285396703836,-0.13784278169263586,-0.06500872435264961,-0.007515151628728154,0.007109728214473898,2.4252672076717935e-05,-0.005004020670996697,0.002051228847718515,-9.310155742609328e-06
-0.8846800495821706,-0.3906125865559178,0.21786418682080833,0.11073861664752238,-0.13686838807270738,-0.06436387000243532,-0.0075651239346068155,0.00713047206019593,2.4004027525768387e-05,-0.004997053552991746,0.0020745130798970283,-9.222120765083591e-06
-0.8835720295763654,-0.3919762808121407,0.21722944030274022,0.11124985861128393,-0.13589079304844454,-0.06371731572210133,-0.007615029165619721,0.007151429129665722,2.375362073030439e-05,-0.004990344289590398,0.002095836635936776,-9.13289640824054e-06
-0.8824588530302634,-0.3933301491836429,0.21660110844408356,0.1117622837350785,-0.13491001031248262,-0.06306905896943688,-0.007664781140568184,0.007172613278709248,2.3501341156793652e-05,-0.004975016814251679,0.002118545813791109,-9.042242595470523e-06
-0.8813405076708971,-0.3946741591327973,0.21597920614636504,0.11227591268229115,-0.13392606485418015,-0.06241910064659688,-0.007714298967847076,0.007194038768906295,2.324706926065528e-05,-0.004951600078678906,0.0021426811937585682,-8.950727732142746e-06
-0.8802169809948384,-0.39600827844100417,0.21536374813077178,0.1127907668285886,-0.1329389874476544,-0.061767462532067406,-0.007763595140552398,0.007215685758848718,2.299094572456012e-05,-0.00492943273964669,0.002164832377513134,-8.85859820811014e-06
-0.8790882602861784,-0.3973324751961465,0.21475474897653865,0.11330686381563797,-0.13194880286910088,-0.061114176564176254,-0.0078127607073644,0.007237502361123061,2.2733372644252235e-05,-0.004916370546201438,0.0021817946586657607,-8.764868074193509e-06
-0.8779543326818358,-0.39864671766567605,0.21415222313924392,0.11382421523220818,-0.1309555246855574,-0.06045926920854377,-0.00786186628981348,0.007259442557688037,2.247471024326571e-05,-0.0049103707568074265,0.0021941549898589967,-8.669722383210419e-06
-0.8768151852309002,-0.39995097419208137,0.21355618499071397,0.11434282905670959,-0.12995916201504176,-0.05980274586610721,-0.00791088566441984,0.007281497639700755,2.2215025276984736e-05,-0.004901748660104216,0.002205644406460695,-8.573716162963738e-06
-0.8756708049030525,-0.4012452132247313,0.21296664869077203,0.11486271420207378,-0.12895973102965153,-0.05914461287706548,-0.007959724257401832,0.007303686981363618,2.195416705451138e-05,-0.004883669067589438,0.0022190712965790517,-8.476572827341542e-06
-0.874521178553997,-0.40252940345126326,0.2123836282759849,0.11538388222326385,-0.12795725882556666,-0.05848487395171343,-0.008008322220195709,0.00732601799746674,2.169207431463754e-05,-0.004859604565080332,0.0022332396849586633,-8.378791746437362e-06
-0.8733662929057049,-0.4038035138866876,0.21180713763850378,0.11590634435758032,-0.12695177549109948,-0.0578235523920666,-0.008056718952737251,0.007348458524902024,2.1429005795201627e-05,-0.004839480237190013,0.0022441916523407534,-8.280089161834505e-06
-0.8722061345821931,-0.40506751382283535,0.21123719048631762,0.11643010699347926,-0.12594330298014242,-0.05716068513184483,-0.008105008881543406,0.0073709521412445465,2.116541546231894e-05,-0.004828798888587221,0.0022495011890123966,-8.180871381211939e-06
-0.871040690181421,-0.4063213726947408,0.2106738003857097,0.11695517046879367,-0.12493185283942626,-0.05649629652307338,-0.00815323910303626,0.007393460473343755,2.0901625104983857e-05,-0.004822827416505096,0.0022509732708081644,-8.08034465374839e-06
-0.8698699463241379,-0.40756506000824305,0.21011698078234067,0.11748153259459093,-0.12391743501989506,-0.05583039168412405,-0.008201358096917374,0.007415985794822304,2.0637623414928095e-05,-0.0048117039048838845,0.0022526727113636406,-7.979139917032517e-06
-0.8686938896454296,-0.4087985454072793,0.20956674498188993,0.11800919307319584,-0.12290006841888548,-0.055162970419688186,-0.008249271316963963,0.007438549173690071,2.037324399085131e-05,-0.0047911256457104,0.00225647901272185,-7.877438955512971e-06
-0.8675125067574481,-0.4100217988082933,0.20902310611053726,0.11853815402565271,-0.12187978181248207,-0.0544940470241484,-0.008296944268406305,0.007461148148438493,2.010851125984252e-05,-0.004767097925083191,0.0022600391451232495,-7.775470394850055e-06
-0.8663257842425703,-0.41123479045339967,0.20848607715431927,0.11906841605501946,-0.12085660405321379,-0.05382364849389758,-0.008344438598889758,0.007483739746795829,1.984378762942386e-05,-0.004749235237828527,0.002259301891360031,-7.673152626481045e-06
-0.8651337087049262,-0.4124374908274968,0.20795567091768716,0.11959997407363208,-0.11983055433806052,-0.05315181069568451,-0.008391844040153069,0.007506268090102844,1.9579550989843096e-05,-0.004740346083607984,0.002252976561801779,-7.570180623103002e-06
-0.8639362668421035,-0.41362987052930483,0.20743190006547474,0.12013281744962827,-0.11880164288785108,-0.05247855329825236,-0.008439180807733699,0.007528705979329487,1.9316046819217407e-05,-0.004733478671894034,0.002243931213716247,-7.466328780514494e-06
-0.8627334454307282,-0.4148119001740922,0.20691478412587938,0.12066693356191906,-0.11776988053292424,-0.05180318158232124,-0.008486385280361237,0.007551060586922468,1.905322768179499e-05,-0.004720249102946021,0.0022356031192555846,-7.362231987688557e-06
-0.8615252313819942,-0.41598355058172676,0.20640433852484516,0.1212023129117412,-0.11673528838025789,-0.05112609471156506,-0.008533376749174407,0.007573347892489513,1.8790966238037933e-05,-0.004698948556611334,0.0022288730300033936,-7.258441959160277e-06
-0.8603116117419933,-0.4171447929344164,0.20590056998180825,0.12173894815845263,-0.11569789573212302,-0.05044816346240624,-0.008580140524873704,0.007595558118649153,1.8529357100732738e-05,-0.004676179156463018,0.002221165151064667,-7.154681066978153e-06
-0.8590925736181501,-0.4182955986959074,0.20540348810927184,0.12227682867011916,-0.11465772918634953,-0.049769113603633036,-0.008626750880250366,0.007617643002890107,1.826883323267607e-05,-0.004660837370321281,0.0022086308209758837,-7.05029311564264e-06
-0.8578681042503141,-0.41943593952137537,0.20491310381964215,0.12281593796122597,-0.11361480513060461,-0.049088830327991294,-0.00867328353647347,0.00763955287895872,1.800984197197174e-05,-0.004653068051046598,0.002191129658715882,-6.945559419818924e-06
-0.8566381910813458,-0.42056578715462284,0.20442942840490744,0.12335625503882004,-0.11256913315243708,-0.04840727680690519,-0.008719730484199687,0.007661273627305973,1.7752530279728736e-05,-0.004644497921298757,0.0021722164616602866,-6.840217314584177e-06
-0.8554028217745114,-0.421685113435455,0.2039524731834719,0.12389775904416252,-0.11152072695794583,-0.04772443889090906,-0.008766006048598878,0.00768282392526279,1.749675557270547e-05,-0.00462736021106697,0.0021551710450841465,-6.7348388665970155e-06
-0.8541619841817498,-0.42279389041916043,0.20348224934108824,0.12444043210254048,-0.11046961116164836,-0.047040320996367596,-0.008812038687326957,0.007704216890066926,1.724242218884419e-05,-0.004603068203643245,0.002139437379254628,-6.629520852629863e-06
-0.852915666315759,-0.4238920904796911,0.20301876800495552,0.12498425729523524,-0.10941581638566607,-0.04635493504282605,-0.008857846943586076,0.007725428012057945,1.698976561106334e-05,-0.004580630708582801,0.002121252628377032,-6.524258671513195e-06
-0.8516638563331038,-0.42497968622725774,0.20256204646390277,0.1255292132901909,-0.10835936748898861,-0.045667681972575404,-0.008903517413760328,0.0077464031280701845,1.673928143391598e-05,-0.004566853247706835,0.002097651328132016,-6.419591460509699e-06
-0.850406542709768,-0.4260566505414087,0.20211209228227808,0.12607527429359844,-0.10730028008404255,-0.044979546186001675,-0.008949107485569006,0.007767102640732658,1.6491348088950545e-05,-0.0045588148678172135,0.0020700901049809247,-6.314814524170504e-06
-0.8491437142144543,-0.42712295637295905,0.20166891478657278,0.12662241010271744,-0.10623856434352072,-0.04429034864109117,-0.008994582971145984,0.00778752474277802,1.6246004298001296e-05,-0.004547357748842668,0.00204234812188754,-6.2105016287606666e-06
-0.8478753599132621,-0.4281785767960136,0.20123252401026734,0.12717059185471286,-0.10517423708506315,-0.043600007185411335,-0.009039853272198235,0.007807690371639836,1.6003083529516382e-05,-0.004526840687835536,0.0020166999410614313,-6.106809801838618e-06
-0.8466014691360041,-0.42922348513884656,0.2008029302778439,0.1277197935923251,-0.10410732583251638,-0.04290848814816702,-0.009084868934145267,0.007827603546974963,1.5762572541856613e-05,-0.004501378174379447,0.0019914537148817122,-6.003584693668069e-06
-0.8453220314636036,-0.43025765506022884,0.2003801439277312,0.12826998924279492,-0.10303786143802539,-0.04221580020374283,-0.009129673288303422,0.007847230815211536,1.5524792386172226e-05,-0.0044802490602450845,0.0019628619713415664,-5.901461024078967e-06
-0.8440370368074539,-0.43128106054916365,0.19996416941178707,0.1288211489144297,-0.10196586779033544,-0.04152254795206834,-0.00917434922271516,0.007866523820328956,1.5290212459058983e-05,-0.004467409137241948,0.0019294343925972495,-5.799552794172279e-06
-0.8427464753715616,-0.43229367566342314,0.19955501988291788,0.12937323595071212,-0.10089135807954636,-0.040827869753840305,-0.009218933698230415,0.007885453085228564,1.5059133262675054e-05,-0.004458265556437219,0.0018930589465460423,-5.6979049193671675e-06
-0.8414503377606833,-0.4332954745741235,0.19915270672007154,0.12992621264812224,-0.09981434419297479,-0.04013193751080566,-0.00926337179383815,0.007904025710098789,1.4831515794338907e-05,-0.004443629865312085,0.0018573935192389517,-5.597063581550232e-06
-0.8401486149583343,-0.43428643162955427,0.1987572404501217,0.130480043217113,-0.09873484633294931,-0.03943482657480461,-0.009307576663248529,0.007922260195349539,1.4607218421686094e-05,-0.004420309453892156,0.0018235781784744806,-5.496727130142768e-06
-0.8388412982913932,-0.43526652147551137,0.19836863107249672,0.13103469417176672,-0.09765289436213666,-0.03873658952321543,-0.00935152385839887,0.007940150900288951,1.438631910713955e-05,-0.0043945443177915424,0.0017891987138378717,-5.397294406028866e-06
-0.8375283794279927,-0.43623571909153513,0.19798688832122266,0.13159013081351822,-0.09656851862368217,-0.0380372655773433,-0.009395275958839319,0.007957659674405312,1.416920483816762e-05,-0.0043750374644835575,0.0017510039965478407,-5.298353382575339e-06
-0.8362098504602284,-0.43719399975782547,0.19761201638991133,0.13214631432132723,-0.09548174080334294,-0.03733742325734233,-0.00943890997162977,0.007974743833365322,1.3956314218071975e-05,-0.004363231688568195,0.0017085406161987619,-5.199369044000375e-06
-0.8348857038641927,-0.4381413388043968,0.1972440277702722,0.13270319994322588,-0.09439257315467821,-0.03663623710787897,-0.009482437034086718,0.007991387173141023,1.3747824333175551e-05,-0.004352539809309147,0.0016644567322442955,-5.101905670338796e-06
-0.8335559325880029,-0.439077711691504,0.1968829330583255,0.13326074334271093,-0.09330102941313001,-0.035933889450588945,-0.009525785495626828,0.008007603067958858,1.3543637677568072e-05,-0.004334682817416142,0.001621710297316448,-5.005555254911491e-06
-0.8322205300208912,-0.4400030940974287,0.196528741943543,0.13381890247746384,-0.09220713297474127,-0.035230463531540024,-0.009568878855157302,0.00802340543793726,1.334364997794879e-05,-0.00430917565520524,0.0015803559041262273,-4.910397766026208e-06
-0.8308794899638844,-0.44091746202457094,0.19618146362222488,0.13437763691524546,-0.09111091532128197,-0.03452601248047771,-0.00961171844680694,0.008038780424495158,1.3148017089833523e-05,-0.004283802052717635,0.0015376155607518234,-4.81691303724067e-06
-0.8295328066407925,-0.44182079179940714,0.19584110701129281,0.13493690417125015,-0.09001240563846773,-0.03382057802432093,-0.009654379270690535,0.008053689738136204,1.2957131243057005e-05,-0.00426592879942386,0.0014910460615209832,-4.72508858224761e-06
-0.828180474778877,-0.4427130600170697,0.19550767595277904,0.1354966578227117,-0.08891162349544916,-0.03311467958658971,-0.009696925178034865,0.008068099553089413,1.2771356603376648e-05,-0.0042544409857166446,0.0014410937855543781,-4.633772582296728e-06
-0.826822489566573,-0.4435942433176287,0.19518118173646046,0.1360568466524089,-0.08780858094538348,-0.03240757294925415,-0.009739340831885327,0.008082006008380093,1.2590764200616682e-05,-0.004241419557948261,0.001390755355785987,-4.543533256248667e-06
-0.8254588467171168,-0.4444643184954593,0.19486163396397704,0.1366174210803607,-0.08670329423176333,-0.03169941916192098,-0.009781544350762044,0.008095425150911216,1.24152236524501e-05,-0.004220209900089841,0.0013420216613953915,-4.455175373307772e-06
-0.8240895424672798,-0.4453232626483112,0.19454903679760163,0.13717833440004934,-0.08559579014545265,-0.030990757142476528,-0.009823467205803436,0.008108364626900134,1.2244695909422356e-05,-0.004192147346479666,0.0012940525843047725,-4.367669684710898e-06
-0.8227145735078384,-0.44617105319890327,0.19424339658406795,0.13773953985799897,-0.08448610214083135,-0.030281375085203687,-0.009865131023113274,0.008120805094486863,1.207940403944149e-05,-0.0041662476055676296,0.0012441491892956436,-4.281271317410188e-06
-0.8213339370138288,-0.4470076678807268,0.19394472053480588,0.1383009883301982,-0.08337425924711529,-0.029571200351876815,-0.009906618101181288,0.008132711502653024,1.1919727685742512e-05,-0.004148578043711177,0.0011907404826458495,-4.19599381917571e-06
-0.8199476306930111,-0.44783308462716,0.1936530161635853,0.13886262675665786,-0.08226028000942566,-0.02886021187066022,-0.009947978953261872,0.008144061062526834,1.1765925480892109e-05,-0.004135960039854401,0.0011350527389022908,-4.11209146923254e-06
-0.8185556528449003,-0.4486472815427241,0.19336828670383893,0.1394244006441722,-0.08114417820428177,-0.028148836041536493,-0.00998917404706207,0.008154854687620297,1.1618031180318824e-05,-0.004119388856098881,0.001079456302772131,-4.028674606436534e-06
-0.8171580022801752,-0.4494502368349965,0.19309054222375344,0.13998625492364913,-0.08002597307440872,-0.027436381918351835,-0.010030116067836638,0.008165108673598931,1.1475912509391422e-05,-0.004094086110740634,0.0010254894782722702,-3.946977397326873e-06
-0.8157546783496846,-0.45024192902489396,0.19281979129867446,0.14054813797702484,-0.07890569518838421,-0.026722997336798286,-0.010070761732573296,0.008174824942779045,1.133957812430383e-05,-0.004064455090724572,0.0009717148611341135,-3.867182396798797e-06
-0.8143456809316453,-0.4510223370028496,0.19255604183504654,0.14110999821234618,-0.07778337909881715,-0.0260087580846027,-0.010111156782246996,0.008183982969775178,1.1209252670034993e-05,-0.004039398370654114,0.0009158875775252825,-3.7902750729923755e-06
-0.8129310104541723,-0.451791439963988,0.19229930138118742,0.1416717814315091,-0.0766590523865411,-0.025293712387751625,-0.010151383517784118,0.008192555835566665,1.108524040341075e-05,-0.004022572010804805,0.0008573682164436674,-3.714921159821853e-06
-0.8115106679291918,-0.45254921728918335,0.1920495772391005,0.14223343042275824,-0.07553273240935199,-0.0245778905694287,-0.010191470155175176,0.008200532390898347,1.0967682693711355e-05,-0.004008567384024226,0.0007977338386824014,-3.641612989205792e-06
-0.810084654964614,-0.4532956484982517,0.1918068765461714,0.14279488719178252,-0.07440443406051218,-0.023861305447435817,-0.010231358761205376,0.008207921042672534,1.0856528719384318e-05,-0.003988769411331437,0.0007389401542029117,-3.569716422032501e-06
-0.8086529737488886,-0.4540307133260631,0.19157120634169317,0.14335609528165236,-0.07327418031336651,-0.02314396126975513,-0.010270966691110042,0.008214733132243331,1.0751685890959869e-05,-0.003960706902077433,0.0006812806352373956,-3.5003169710820542e-06
-0.8072156270319641,-0.4547543918406351,0.19134257350660755,0.14391699982763817,-0.07214200421473299,-0.022425875509118415,-0.010310275274920483,0.008220965253238191,1.065322189508077e-05,-0.003930777466234674,0.0006232804221477953,-3.4324194644026594e-06
-0.805772618126965,-0.45546666447359796,0.19112098473455202,0.1444775455159196,-0.0710079399992956,-0.021707076576772885,-0.010349347335132231,0.008226599308232314,1.0561343541078358e-05,-0.00390713046376528,0.0005634703444050338,-3.3672655440968962e-06
-0.8043239509328519,-0.45616751193326294,0.19090644654841177,0.14503767483722088,-0.06987201317446022,-0.020987591478462863,-0.01038825660044431,0.00823161861394359,1.0476252455666423e-05,-0.003890856510107841,0.0005019918143650011,-3.3040375984630486e-06
-0.8028696299557049,-0.4568569150972595,0.19069896530966357,0.14559732850050816,-0.06873424015704431,-0.020267438882528077,-0.01042700633445543,0.008236021416007997,1.0397989057950671e-05,-0.003874908961651587,0.0004403378108575364,-3.243459218505935e-06
-0.8014096603087093,-0.45753485500122626,0.1904985472536701,0.14615644741818254,-0.06759463775117898,-0.019546627137547488,-0.010465524370632714,0.00823981740560073,1.0326479289195752e-05,-0.0038517447096997766,0.0003796529448756579,-3.185024740189673e-06
-0.7999440476964833,-0.4582013129375348,0.1903051984463728,0.14671497402161568,-0.06645323235029618,-0.01882516987205644,-0.010503739943417818,0.008243013175076617,1.0261681338683988e-05,-0.0038215038768981925,0.0003196273173746567,-3.1286335040152216e-06
-0.7984727984031748,-0.45885627055620914,0.19011892486469514,0.14727285163670656,-0.0653100589276213,-0.018103079825750015,-0.01054165891705415,0.008245603533500434,1.0203669012550964e-05,-0.0037918495374785776,0.0002590825428293488,-3.075008292093911e-06
-0.7969959192982871,-0.459499709860494,0.1899397323414102,0.14783002295007677,-0.06416515081034982,-0.01738038053673943,-0.010579353707962924,0.008247576366852163,1.0152576280711097e-05,-0.0037694369577201533,0.00019732628804184344,-3.0254413810751347e-06
-0.7955134178531036,-0.46013161310583217,0.18976762650306978,0.14838642919198586,-0.06301853160327112,-0.016657099583334535,-0.010616882422998934,0.008248925437740945,1.0108482946804608e-05,-0.0037528351351661274,0.00013494624075523155,-2.9792012920636505e-06
-0.7940253021486008,-0.46075196271394697,0.18960261270706266,0.1489420110403541,-0.06187021767996189,-0.01593326404029184,-0.010654224018655699,0.00824965502013697,1.0071370745744662e-05,-0.003734128951525733,7.299358211034965e-05,-2.93494733164754e-06
-0.7925315808673244,-0.4613607412952381,0.18944469612779197,0.14949670995820336,-0.060720228571987105,-0.015208888377881856,-0.010691298870410778,0.008249772975644243,1.00411896146044e-05,-0.0037074602776449024,1.1827088826585785e-05,-2.891949817139629e-06
-0.7910322632800769,-0.4619579317574476,0.18929388190601,0.15005046852049805,-0.059568594218444806,-0.014483974950679364,-0.010728053674589953,0.008249281887568708,1.0017923761749061e-05,-0.0036754612253200028,-4.908107561685602e-05,-2.8523020754987243e-06
-0.7895273592416203,-0.46254351738307525,0.1891501751467529,0.15060322964077424,-0.058415351027307834,-0.01375853232480867,-0.010764515904290901,0.008248177945773824,1.0001609868373096e-05,-0.003646209513762617,-0.00011037027482050781,-2.8175441014174105e-06
-0.7880168791821074,-0.46311748176685313,0.1890135834250373,0.15115493513742725,-0.05726053126923498,-0.013032320096429172,-0.010800763969633512,0.00824646495889434,9.99216596900624e-06,-0.003624798746059276,-0.00017127854755135644,-2.7913192045996198e-06
-0.7865008341444971,-0.4636798087788798,0.18888410988793547,0.1517055286989295,-0.05610415684944973,-0.012305785617480837,-0.010836833822055693,0.008244141555689744,9.989640320738198e-06,-0.003606983160157812,-0.00023232399102932815,-2.766135628997721e-06
-0.784979235754777,-0.4642304824535146,0.18876175828923375,0.15225495291047703,-0.05494624499387376,-0.011578867289061465,-0.01087268221931302,0.008241212094204916,9.994017199375238e-06,-0.003584843333795244,-0.00029293364113804396,-2.7421498999523156e-06
-0.7834520962168392,-0.46476948704874876,0.18864653256352434,0.15280315120018675,-0.053786818677545846,-0.010851544528770771,-0.010908229390113995,0.008237679992075949,1.0005278019393685e-05,-0.0035547263586585983,-0.0003532015303235599,-2.7205671748562563e-06
-0.7819194283075509,-0.4652968071582281,0.1885384367707343,0.15335006749751384,-0.052625911308900444,-0.010123805699333492,-0.010943442502752162,0.008233545753505647,1.0023422580697044e-05,-0.003521326207169872,-0.00041341900471631197,-2.702625067476942e-06
-0.7803812453775149,-0.46581242776096815,0.18843747500931884,0.15389564573880987,-0.05146356033934876,-0.009395651906982818,-0.010978366944452738,0.008228810990125408,1.0048417587247722e-05,-0.0034924647440159186,-0.000473475291631006,-2.6903592721991423e-06
-0.7788375613517171,-0.466316334161407,0.1883436511810092,0.15443983002391515,-0.05029979688688997,-0.00866710805117453,-0.011013072614677964,0.008223481747983187,1.008018567136108e-05,-0.0034705931554671506,-0.0005329269272088398,-2.683258355530093e-06
-0.7772883907225734,-0.4668085118895671,0.18825696885565363,0.15498256525394272,-0.04913464257104351,-0.00793820918070298,-0.011047575192797435,0.008217565667542821,1.0118652979276261e-05,-0.003450289434075267,-0.0005916144829866378,-2.679129209114242e-06
-0.7757337485379628,-0.46728894667077314,0.18817743145391974,0.15552379732740945,-0.04796811676223601,-0.0072089689641053195,-0.011081816684028033,0.008211066809356992,1.0163814913240843e-05,-0.0034241862204179756,-0.000649896004741029,-2.674877662272332e-06
-0.7741736503860807,-0.4677576244825776,0.18810504427140964,0.15606347201891602,-0.04680024663680249,-0.00647919793597409,-0.011115731648245888,0.00820399374338868,1.02155347076227e-05,-0.0033915388708115847,-0.0007073204329038947,-2.678588314556045e-06
-0.7726081124151791,-0.468214531703787,0.18803980923344538,0.15660153734602744,-0.0456310679696965,-0.005749235589705915,-0.011149307225262512,0.008196344700454524,1.0273878462090686e-05,-0.003357605544307791,-0.0007649218433517653,-2.6813182589646668e-06
-0.7710371513160358,-0.46865965509273955,0.18798172885125747,0.15713793988820357,-0.04446061834705239,-0.0050190273941137405,-0.011182599911399704,0.008188127793238957,1.033874424465887e-05,-0.003329321753014425,-0.0008217119235121484,-2.6888135512550384e-06
-0.7694607843142987,-0.46909298171174724,0.18793080581360577,0.15767262732555085,-0.04328892750657959,-0.004288558532647615,-0.01121566837502258,0.008179356464857486,1.0409981744056843e-05,-0.0033069046608722895,-0.0008771576090721316,-2.699858303817243e-06
-0.7678790291540751,-0.4695144988433263,0.1878870427159429,0.1582055491446283,-0.04211601691378526,-0.003557838869331123,-0.011248506695287108,0.008170039527318079,1.0487526899497447e-05,-0.00328389541686409,-0.0009317220782022919,-2.7108784485405137e-06
-0.7662919040861359,-0.4699241939923841,0.18785044205176768,0.158736655967585,-0.04094190839987108,-0.002826878032893655,-0.011281047762193946,0.008160176932201727,1.0571431263483068e-05,-0.0032541751990310974,-0.0009862914478809199,-2.72013434321793e-06
-0.7646994278697035,-0.47032205497830726,0.18782100618500938,0.15926589825807555,-0.039766632750963586,-0.002095689491447196,-0.011313234154075634,0.008149766905024421,1.0661742571292648e-05,-0.0032187128362483686,-0.0010410383097855958,-2.729850082730226e-06
-0.7631016197785477,-0.4707080700180962,0.18779873727739277,0.15979322594877904,-0.03859022871333473,-0.0013642955172254651,-0.011345077316933011,0.008138816978719975,1.0758364613213388e-05,-0.003184394976948544,-0.0010950318189640515,-2.743812965439765e-06
-0.761498499594503,-0.4710822277125469,0.18778363729015282,0.16031858960459322,-0.03741273364890014,-0.000632718213691104,-0.01137664125517766,0.00812734636143226,1.0861057206268814e-05,-0.0031564773445308643,-0.0011471043658386588,-2.7630695915527366e-06
-0.7598900875780901,-0.47144451693861045,0.1877757094967227,0.16084194144262473,-0.036234176065501104,9.917429353259631e-05,-0.011407972068771016,0.008115384114804558,1.0969471209609275e-05,-0.0031331694055954274,-0.001196270539783405,-2.7871241058092502e-06
-0.758276404445396,-0.47179492681015484,0.1877749558568047,0.1613632380537417,-0.03505457764474679,0.0008312513828165337,-0.01143904535380995,0.008102942289795622,1.1083501899407938e-05,-0.0031074209724792725,-0.0012442315771202172,-2.8106704572998093e-06
-0.7566574713513368,-0.4721334467009185,0.18778137771780032,0.16188243711519068,-0.03387396301210902,0.0015634517313072671,-0.011469795128756758,0.008090019677224211,1.1203177598590942e-05,-0.0030750743890649423,-0.0012923135575650898,-2.8353872166523435e-06
-0.7550333098935039,-0.4724600663326405,0.18779497619389124,0.1623994956084667,-0.03269236590533219,0.002295750968250322,-0.011500185866274616,0.008076617891442837,1.1328464815958981e-05,-0.0030391750245688663,-0.0013402340755370161,-2.8641136974879167e-06
-0.7534039421155893,-0.4727747758276581,0.1878157521578356,0.1629143701253823,-0.03150982540956867,0.00302812412124167,-0.01153024930566317,0.008062754283715981,1.1459155153880014e-05,-0.00300644940093756,-0.0013864193425390822,-2.896151315207701e-06
-0.7517693904884083,-0.4730775656655814,0.18784370627711372,0.16342701903126097,-0.030326376527456345,0.0037605509984797044,-0.011560047490824836,0.008048457416865471,1.1594933443757412e-05,-0.002979927892843052,-0.0014297481539827747,-2.9290946833209543e-06
-0.7501296778738651,-0.4733684265945581,0.18787883896884724,0.16393740427901654,-0.029142045347195035,0.004493007289057438,-0.01158960364022925,0.008033748355092529,1.1735602753766533e-05,-0.0029557280530772396,-0.0014709704584599985,-2.959568313460445e-06
-0.748484827498633,-0.4736473496021088,0.18792114957170872,0.1644454912021572,-0.027956853793139804,0.0052253833198083206,-0.011618872982037008,0.00801861974422175,1.188132145862402e-05,-0.0029270511362433508,-0.0015129283149417961,-2.9847865259950536e-06
-0.7468348629567458,-0.4739143259456687,0.18797063890449128,0.16495124281804344,-0.026770829562098832,0.005957826196563872,-0.011647793677126282,0.008003068785594451,1.2032098006213828e-05,-0.0028921902925814155,-0.0015551660288924908,-3.014389729919932e-06
-0.7451798082272189,-0.47416934726338045,0.18802730713254479,0.16545462204272873,-0.025584009071866625,0.006690269605052862,-0.011676348659207648,0.007987101743301962,1.2187825864133521e-05,-0.0028556227127538823,-0.0015967772526876405,-3.0492271301500984e-06
-0.7435196876711517,-0.4744124055974767,0.1880911540215408,0.1659555917096173,-0.0243964317714803,0.007422674314464363,-0.011704581461694834,0.007970744638591454,1.2348190825294952e-05,-0.0028234082015195557,-0.0016357861625832736,-3.0868906823564936e-06
-0.7418545260008507,-0.4746434933325915,0.18816217902419863,0.16645411753519232,-0.02320813125659778,0.008155011022918043,-0.01173254596587216,0.00795403033744105,1.2512829626684901e-05,-0.0027965815083230774,-0.001671508274703689,-3.1240841686825345e-06
-0.7401843482370041,-0.47486260311582934,0.18824038136653728,0.16695016948968788,-0.02201913294444275,0.008887258001996641,-0.01176024588348294,0.007936976086784217,1.2681581153823294e-05,-0.0027701258414242432,-0.0017055056232370203,-3.1586814734512453e-06
-0.73850917968657,-0.4750697278451024,0.18832576015833993,0.16744371982303516,-0.020829460682519313,0.00961940220573131,-0.011787628899873425,0.007919577538540166,1.2854516216631796e-05,-0.0027384387454872424,-0.0017399378333491002,-3.1927043270851e-06
-0.7368290459527923,-0.47526486074007945,0.18841831435518924,0.16793473986481738,-0.019639145193685106,0.010351425840980939,-0.011814641352610986,0.00790182658433229,1.3031715821535665e-05,-0.0027013854497860133,-0.0017751809207616636,-3.2294825015126045e-06
-0.73514397295201,-0.4754479954177138,0.1885180428117055,0.1684231990295225,-0.018448225254878735,0.011083318328768299,-0.011841283767175161,0.007883734482608403,1.3213015334689875e-05,-0.00266438455081646,-0.0018092980478970687,-3.270652758844764e-06
-0.7334539869056884,-0.47561912589470007,0.18862494413938358,0.16890906734203823,-0.017256740307546127,0.011815057822320488,-0.011867606062309681,0.007865334807760666,1.3398003640647984e-05,-0.002632375181779161,-0.0018400574845803947,-3.314325022833138e-06
-0.7317591143037787,-0.4757782465182315,0.1887390166661621,0.16939231830141135,-0.0160647228938221,0.012546620574662451,-0.011893652436170053,0.007846670782578823,1.3586152697778513e-05,-0.0026047851946161137,-0.0018664943199562592,-3.3605173913257646e-06
-0.7300593818483782,-0.47592535190441393,0.1888602581111507,0.1698729315183047,-0.01487219841428611,0.013277947032220785,-0.011919412484069667,0.007827759091788728,1.3777258862331448e-05,-0.0025761545625793323,-0.001891262558338165,-3.408059004888609e-06
-0.7283548164341264,-0.4760604369446264,0.18898866599796363,0.17035088850814117,-0.013679192770933523,0.014009015636618575,-0.011944833797135644,0.007808593523681253,1.3971368781372744e-05,-0.0025422830637457107,-0.0019166519789240396,-3.4590323182272525e-06
-0.7266454451568924,-0.47618349687247113,0.18912423785244967,0.17082616989262625,-0.012485738776434963,0.014739822829493132,-0.011969872237272887,0.007789160137510783,1.4168695465189168e-05,-0.0025039979049452737,-0.0019434356289822975,-3.5059744666309535e-06
-0.7249312953408943,-0.47629452732497046,0.18926697157017006,0.17129875287495672,-0.011291876573305989,0.015470405921196926,-0.011994542406706585,0.007769474868798904,1.436903571963742e-05,-0.0024671727929680737,-0.0019686255979886273,-3.554751550211487e-06
-0.7232123945238649,-0.47639352432742077,0.1894168649222807,0.17176861612993427,-0.010097644816653675,0.016200756303914796,-0.012018894276282732,0.0077495752802159935,1.4571931040636487e-05,-0.0024353443932878392,-0.0019900590202246563,-3.6048425922173555e-06
-0.7214887704092265,-0.47648048422273415,0.18957391539647783,0.17223574326334834,-0.008903074659936675,0.01693084871279579,-0.012042954487631154,0.007729490846760844,1.4777042916395426e-05,-0.0024061798803882103,-0.0020085447484846424,-3.6537582038945407e-06
-0.7197604508273172,-0.47655540362909077,0.18973812022546593,0.17270012214070687,-0.007708192163809436,0.0176606565954597,-0.012066694896024646,0.007709223132742515,1.498436047989146e-05,-0.002374200873699419,-0.0020268740440256127,-3.7021498246460485e-06
-0.7180274637359618,-0.47661827947444235,0.18990947645161224,0.17316174081926175,-0.006513026337249067,0.01839015698941833,-0.012090060571611622,0.007688757092122936,1.5194054593847693e-05,-0.002336729000498769,-0.0020467080401158997,-3.7517954862955253e-06
-0.7162898372467214,-0.47666910907239385,0.19008798097899035,0.17362058446704823,-0.005317614261668363,0.019119333989742627,-0.0121130274000083,0.007668091611713007,1.5406096673427176e-05,-0.0022968456530757376,-0.0020666533126178542,-3.8057813238653426e-06
-0.7145475996339089,-0.4767078901571704,0.19027363056992355,0.17407663675381924,-0.004121997492618421,0.019848176229456234,-0.012135624209841411,0.007647255838980107,1.5620103559892954e-05,-0.0022598448612966963,-0.002083683588155865,-3.8628624861015436e-06
-0.712800779301731,-0.4767346208453331,0.19046642169493755,0.17452988437945505,-0.002926214035728863,0.020576659951215045,-0.012157897971071824,0.007626292690035561,1.5835542904734972e-05,-0.002227540647698858,-0.0020964219223844715,-3.921093044363251e-06
-0.7110494047294608,-0.47674929956838197,0.19066635045684843,0.17498031984461404,-0.0017302944606575946,0.021304751103925976,-0.012179860743023446,0.007605226853747333,1.605212283263992e-05,-0.0021964421357263094,-0.0021066911971432483,-3.978368161623183e-06
-0.709293504438829,-0.47675192504834457,0.19087341286811227,0.17542793928611383,-0.0005342661841483585,0.022032438288002724,-0.012201475470330953,0.007584053020217801,1.6269908369841107e-05,-0.0021616381295185257,-0.002117491501293241,-4.035370946187151e-06
-0.7075331070064071,-0.4767424963478903,0.19108760479506667,0.17587273785933452,0.0006618387670986908,0.02275970271618724,-0.012222695437449792,0.0075627570778880136,1.648904353444662e-05,-0.002122162670313276,-0.002129703032011378,-4.094886286218903e-06
-0.7057682410901377,-0.476721012936064,0.19130892197346616,0.17631470756705658,0.0018579809874979046,0.023486530835200494,-0.012243513379857554,0.007541347356268017,1.6709381970991382e-05,-0.0020819606400075043,-0.0021410814950921188,-4.15851604116908e-06
-0.7039989354263338,-0.47668747470051864,0.19153735994716442,0.17675384000557562,0.0030541188687481205,0.02421290836748994,-0.01226396636687953,0.007519862196633392,1.693042328955071e-05,-0.00204546515817614,-0.0021486255052153144,-4.224851224220021e-06
-0.7022252187839947,-0.4766418818973367,0.19177291390593365,0.17719013123381025,0.004250215857812031,0.024938805976946837,-0.012284093403625804,0.007498344513173172,1.715163952318515e-05,-0.002012869786689053,-0.0021518777713435745,-4.2908724282459405e-06
-0.7004471199087023,-0.47658423509225234,0.19201557880980757,0.17762358337346917,0.005446242061127248,0.02566420225186944,-0.012303892622137961,0.007476810987099236,1.7372832501033946e-05,-0.0019800874696949845,-0.0021534617983574524,-4.355628812956758e-06
-0.6986646675029186,-0.47651453515887493,0.19226534945965265,0.17805420115783951,0.006642168716135931,0.026389077589115573,-0.012323323073169263,0.007455250091208714,1.759413343160376e-05,-0.001943210325606907,-0.0021561986196341667,-4.420772160569342e-06
-0.696877890247467,-0.4764327833343086,0.19252222053556797,0.1784819871566419,0.00783796142918101,0.027113416086088866,-0.012342349146965165,0.007433650979425012,1.7815646617531927e-05,-0.001902772282520112,-0.002160020094721251,-4.488135058977496e-06
-0.69508681682449,-0.47633898127005764,0.19278618659079427,0.17890694087219372,0.009033579646240419,0.027837206525957628,-0.012360977704883357,0.007412031768345523,1.803711195654981e-05,-0.0018630201805716535,-0.0021620297270428046,-4.55840841743269e-06
-0.6932914758868215,-0.4762331310020308,0.19305724357522694,0.17932906322161868,0.010228983116399209,0.028560593370193118,-0.012379242764134544,0.007390426990618044,1.8258144535015968e-05,-0.0018266695149572276,-0.0021605858825529223,-4.6237052166262375e-06
-0.6914918960440259,-0.47611523495135033,0.1933353851287451,0.17974835894165908,0.011424136107082029,0.02928335198615076,-0.0123971749668934,0.007368878662419928,1.8478179396082697e-05,-0.0017933826525482815,-0.0021549400428451373,-4.69263763852818e-06
-0.689688105791021,-0.47598529584999916,0.19362060468265765,0.18016483920799362,0.012619008921324336,0.03000546175779298,-0.01241476193017795,0.007347395935082845,1.869709761890681e-05,-0.0017588574100811808,-0.0021483789926950627,-4.761175061278781e-06
-0.6878801334999872,-0.4758433167537396,0.19391289566792996,0.18057851653929705,0.013813571186410202,0.030726918255265488,-0.012431963980344149,0.007325964705142292,1.891506579780736e-05,-0.0017203649315121578,-0.0021432283871255764,-4.829560667512046e-06
-0.686068007447445,-0.4756893010983126,0.19421225146773993,0.1809894005048547,0.015007786554223643,0.03144771407630953,-0.012448758307972707,0.007304580949452306,1.913211509311588e-05,-0.0016795915389605444,-0.0021384801039963514,-4.898808881248269e-06
-0.6842517558287122,-0.4755232527330743,0.19451866538565354,0.18139749823720103,0.01620161411311452,0.03216784490456112,-0.01246516265863873,0.007283272519298085,1.9347879714710647e-05,-0.0016405924423777685,-0.002130946453044562,-4.968926544497658e-06
-0.6824314067455988,-0.4753451759300285,0.19483212809974196,0.18180281899825862,0.017395014403624075,0.03288705719840576,-0.012481218271394132,0.007262093685837674,1.956164704273995e-05,-0.001605716740407412,-0.0021179852197652513,-5.041572732800148e-06
-0.6806069881182882,-0.475155075288054,0.19515263061056778,0.18220537917578422,0.018587954499392545,0.03360538883812972,-0.012496943962128712,0.007241080099641762,1.9772980669202782e-05,-0.0015727223225632456,-0.0021014586623819705,-5.1121971173986946e-06
-0.678778527642682,-0.47495295570527407,0.19548016429291912,0.18260520043778986,0.01978040540036391,0.034322876219658245,-0.012512321093141496,0.007220233878216588,1.9981855019438186e-05,-0.001537864129870334,-0.0020847203390027607,-5.18149848708344e-06
-0.6769460527769044,-0.47473882237340226,0.19581472313115325,0.1830023050474073,0.02097233663444875,0.0350397742727075,-0.012527310436869419,0.007199532708450952,2.0188593802838186e-05,-0.0014990834277782417,-0.00207021355741812,-5.2450852929685834e-06
-0.6751095907992045,-0.47451268087252735,0.19615630065979062,0.18339671099124386,0.022163711248193614,0.035756036155547254,-0.01254189917119035,0.007178975758627056,2.039321073197097e-05,-0.0014590205351626814,-0.0020557899589099355,-5.307092702558036e-06
-0.6732691688151339,-0.47427453718940393,0.19650488990560513,0.18378843439664247,0.023354489271888667,0.036471615929067294,-0.012556110131325215,0.007158594598852118,2.059529976668186e-05,-0.0014212408855569833,-0.0020382090894507008,-5.368862575520888e-06
-0.6714248137193086,-0.4740243976854168,0.19686048332100442,0.1841774948180612,0.02454463367921904,0.03718646313328075,-0.012569973559673705,0.007138430234386091,2.0794355340938448e-05,-0.0013864851287838788,-0.0020165273830930097,-5.428431047094729e-06
-0.6695765521411012,-0.4737622690503335,0.19722307293540156,0.18456391788185325,0.025734112787633486,0.037900537831318706,-0.012583493363539037,0.007118500733134841,2.0990173215365517e-05,-0.0013521199734674962,-0.0019930387728157675,-5.484400450476365e-06
-0.6677244104217612,-0.47348815829210544,0.19759265051779581,0.1849477324735834,0.026922896904875652,0.038613810122484445,-0.012596642748838304,0.007098794626406514,2.1182916745253604e-05,-0.0013150755433764172,-0.001970697147310531,-5.537128578699367e-06
-0.6658684146343418,-0.4732020727716643,0.19796920768854176,0.1853289655970845,0.028110952861895567,0.039326260279401906,-0.012609393338810766,0.0070792964042898756,2.1372774289149972e-05,-0.0012751935870130482,-0.0019499066282313133,-5.589224413044337e-06
-0.6640085906117902,-0.4729040202431603,0.19835273589695457,0.1857076405011722,0.0292982424559779,0.04003787158476194,-0.01262174472873334,0.007060015672032095,2.155961037645207e-05,-0.00123527107786009,-0.0019281554912066836,-5.641440576383347e-06
-0.6621449639613838,-0.4725940088972922,0.19874322314771467,0.1860837799230194,0.03048472606854293,0.04074830699391715,-0.012633726446854945,0.007040995044671538,2.17428685169058e-05,-0.0011983010173546751,-0.0019021424886124833,-5.694209466541572e-06
-0.6602775599875877,-0.4722720472690949,0.19914065801580796,0.18645741149467931,0.03167036834014482,0.041457630485529244,-0.012645363389929075,0.0070222736445855576,2.192206639007663e-05,-0.0011638203117781013,-0.0018722169522423751,-5.744454732126273e-06
-0.6584064036231058,-0.47193814416142926,0.19954503283922653,0.18682856885431545,0.03285513877124864,0.04216621812327408,-0.012656648949882996,0.007003856170231201,2.209716434095275e-05,-0.0011286787917268702,-0.001841821558695052,-5.791373309401568e-06
-0.6565315194522938,-0.47159230870911273,0.19995633923154188,0.18719728739663705,0.034039007014359544,0.042873992312535636,-0.012667556055159871,0.006985725219269303,2.226838680655312e-05,-0.0010908302932528973,-0.0018131665450356197,-5.8365273511110585e-06
-0.6546529317378974,-0.47123455041318757,0.20037456828057215,0.1875635994940201,0.03522193877741209,0.04358089647975274,-0.012678065604210628,0.006967869242248963,2.2435869629004466e-05,-0.001051071753505244,-0.0017856665573740375,-5.881406417347366e-06
-0.6527706644640512,-0.47086487921256426,0.20079970710457068,0.18792753414541408,0.036403895641399675,0.04428653696657319,-0.012688189860100285,0.006950310489257239,2.2599311588625275e-05,-0.0010125393287845061,-0.0017559413595132493,-5.926907971750752e-06
-0.650884741262996,-0.47048330536264943,0.20123174704660005,0.18828912141535453,0.037584840427101814,0.044991342211160634,-0.012697951435518212,0.006933082183390292,2.2758293809857535e-05,-0.000976267901544545,-0.0017228935894970908,-5.970864734210359e-06
-0.6489951854020567,-0.4700898394659548,0.20167067873823072,0.18864839642763742,0.0387647395332842,0.04569524513659904,-0.012707363094783366,0.006916208675404705,2.2912515223806283e-05,-0.0009412727185299457,-0.0016874105593045164,-6.012735013931175e-06
-0.6471020197506846,-0.4696844924497718,0.20211649229587594,0.18900539863469518,0.0399435624072027,0.04639819243892991,-0.012716413886528529,0.006899687592603134,2.3062008319357797e-05,-0.0009051824427559117,-0.0016521648224826926,-6.053105558168305e-06
-0.645205266785714,-0.4692672755780328,0.20256917747371678,0.18936016756222276,0.041121277686801856,0.04710014274357826,-0.012725081406047908,0.006883501721154925,2.3206988143143236e-05,-0.0008668518653704933,-0.0016186406046607297,-6.092618197233307e-06
-0.6433049486195447,-0.4688382004825289,0.20302872366095523,0.1897127393771524,0.04229785033305346,0.04780105709941326,-0.012733356254759718,0.006867646195882447,2.3347510987697585e-05,-0.0008275814879439913,-0.001585602938650187,-6.131486161451821e-06
-0.6414010870114703,-0.46839727917479435,0.2034951200035341,0.1900631478057339,0.04347324292450407,0.04850091445173574,-0.01274125098287716,0.006852141671917592,2.3483307150642226e-05,-0.0007895659657464048,-0.001550499585328642,-6.169853677124211e-06
-0.6394937033434854,-0.4679445240284155,0.20396835541460775,0.1904114283911555,0.044647419383947486,0.049199697336578106,-0.012748785752023043,0.006837019738157731,2.3613966727409145e-05,-0.0007535663448956374,-0.0015122370782112593,-6.207820117699764e-06
-0.6375828185794479,-0.46747994775045165,0.2044484185456771,0.19075762145968886,0.045820347143145944,0.04989738205176661,-0.012755967235454125,0.006822296616714185,2.3739275198103107e-05,-0.0007182339238485031,-0.0014723522200474953,-6.245433937896529e-06
-0.6356684532448995,-0.4670035633709443,0.20493529780258143,0.19110177051686605,0.0469919955881356,0.05059394109566393,-0.01276278340341882,0.006807964487472474,2.3859324700108685e-05,-0.0006816986111413056,-0.001433249429018364,-6.282711192866075e-06
-0.6337506274409777,-0.46651538425913996,0.20542898137439963,0.19144391803643085,0.04816233265232396,0.05128934826145092,-0.012769218833927322,0.006794008589498285,2.3974293595056694e-05,-0.0006436212404399137,-0.0013956228407345458,-6.3199301852718145e-06
-0.631829360869384,-0.46601542414587965,0.20592945720035952,0.19178410320575753,0.04933132336803012,0.05198357775075336,-0.012775272440857141,0.006780430600014501,2.4084153813656112e-05,-0.0006054352569542139,-0.0013578285099873717,-6.356797419611838e-06
-0.6299046728341003,-0.46550369712453216,0.20643671305333214,0.19212236387787068,0.05049893175172928,0.05267661690992097,-0.01278095865532279,0.00676725313026312,2.4188607123979226e-05,-0.0005686922010460191,-0.0013177728605597448,-6.393626223016389e-06
-0.6279765822137382,-0.4649802176315453,0.20695073647178283,0.19245874052150327,0.05166512379536783,0.05336844691676455,-0.012786292160542459,0.006754501313778181,2.4287323847251197e-05,-0.0005334172626242122,-0.0012752036435945446,-6.430360401752136e-06
-0.6260451074286705,-0.464445000425265,0.20747151478436016,0.19279327778885566,0.05282986826159858,0.054059047345556666,-0.012791274172135205,0.006742182143277849,2.438020939350805e-05,-0.0004982638411410171,-0.0012319350929446279,-6.4667070122839685e-06
-0.6241102664333353,-0.4638980605837457,0.20799903512656978,0.19312602209127305,0.05399313475270555,0.05474839522702726,-0.012795894058213369,0.0067302840264439655,2.44674117285981e-05,-0.00046204734889817044,-0.0011898258705139594,-6.502218570004972e-06
-0.6221720767353798,-0.46333941352021557,0.20853328441717764,0.19345701795206388,0.055154891253917475,0.055436465341241296,-0.012800143512743377,0.006718795796053611,2.4549069279697713e-05,-0.0004250003635337928,-0.0011488334581544592,-6.537355703877591e-06
-0.6202305554145855,-0.4627690749949311,0.20907424937787222,0.19378630704792776,0.056315103858721925,0.056123238416227045,-0.012804026737592039,0.006707723635245025,2.462509817142357e-05,-0.00038837352465279567,-0.0011072226773986974,-6.572192491886228e-06
-0.6182857191175221,-0.46218706110954155,0.20962191652852116,0.19411393075570954,0.05747373874130281,0.05680869803365696,-0.01280755627639343,0.006697088219642111,2.4695233837962892e-05,-0.0003530008875587359,-0.0010635441671108295,-6.606285172380876e-06
-0.6163375840309046,-0.46159338828925806,0.21017627220122834,0.1944399332862662,0.05863076403277977,0.05749282828081425,-0.012810740682275026,0.006686906169217978,2.4759264632785538e-05,-0.00031848343722829816,-0.001018203526848309,-6.639572084160738e-06
-0.6143861658597336,-0.46098807327049224,0.2107373025672381,0.19476436200228656,0.05978614965055288,0.05817561195939633,-0.01281357800281971,0.00667717646288784,2.4817205719902413e-05,-0.0002837707706541591,-0.0009729650082118636,-6.672009919508519e-06
-0.6124314798570174,-0.46037113316728007,0.21130498868123646,0.1950872650701471,0.06093986522529235,0.05885653468988501,-0.0128160662717996,0.006667890166598478,2.4869172166955455e-05,-0.000248861572518056,-0.0009286199711372042,-6.703795479406077e-06
-0.6104735408053282,-0.45974258539400986,0.21187931296670587,0.19540868794797822,0.06209187961881935,0.059535731647274874,-0.012818206685901303,0.006659042451850747,2.491523266400104e-05,-0.0002140721022002767,-0.0008847578345338687,-6.734357132069108e-06
-0.608512363029411,-0.4591024476717153,0.2124602587124889,0.1957286743618378,0.06324216129981011,0.06021329076441327,-0.01282000710169655,0.006650642255765151,2.4955281318857702e-05,-0.00018006823107642,-0.0008400019257641003,-6.7635584751179605e-06
-0.6065479603880387,-0.4584507380226104,0.21304780969989215,0.19604726866501526,0.06439067964338667,0.06088926419086354,-0.012821476902143324,0.006642705381569924,2.4989122999262533e-05,-0.00014700253797278996,-0.0007936655760528064,-6.791567706425345e-06
-0.6045803462274935,-0.4577874746944563,0.2136419551559241,0.19636451719663847,0.06553740581264579,0.06156419679680623,-0.012822615625942235,0.006635236961645589,2.50167008596577e-05,-0.00011389068861885195,-0.0007468159597595754,-6.8182816146445565e-06
-0.6026095334100254,-0.45711267624779783,0.2142426827901984,0.19668046889935897,0.06668231144032623,0.06223793418326681,-0.01282341851207924,0.00662822882204725,2.5038130117412406e-05,-8.030282490769738e-05,-0.0007007838207046512,-6.843600616435442e-06
-0.6006355343228856,-0.45642636155571,0.2148499792782116,0.19699517181519552,0.0678253675442973,0.0629103693246224,-0.012823881290467427,0.006621667999947284,2.5053591102440065e-05,-4.628808156701658e-05,-0.0006560480913392914,-6.8672005250854895e-06
-0.5986583608951548,-0.45572854980476374,0.21546383062070124,0.19730867159682677,0.06896654429752551,0.06358143296554959,-0.012824004374822768,0.006615549460507091,2.5063157587610286e-05,-1.2314767169808e-05,-0.0006118159013474175,-6.889616036701122e-06
-0.5966780246047502,-0.4550192604921497,0.2160842222609744,0.1976210124266368,0.07010581181143889,0.06425106996585503,-0.01282379120916464,0.006609879184111758,2.5066763871826185e-05,2.131418109737076e-05,-0.0005669856400926802,-6.910714308795275e-06
-0.5946945364691559,-0.45429851341743893,0.2167111392868276,0.1979322391477838,0.07124314085572514,0.0649192456631713,-0.012823243599914717,0.006604664995142766,2.506432447495055e-05,5.476253675646498e-05,-0.0005213728977377709,-6.930155352001776e-06
-0.5927079070341436,-0.4535663286795049,0.21734456644236824,0.19824239827007306,0.07237850267943054,0.06558592468652528,-0.012822360377129333,0.006599906120265673,2.5055866840210956e-05,8.832786247150297e-05,-0.0004758375200018376,-6.947719310858709e-06
-0.590718146374533,-0.4528227266781106,0.2179844881537162,0.19855153681020468,0.07351186832850214,0.0662510724578795,-0.012821140545388805,0.006595592815611763,2.504153272206332e-05,0.000121992631276191,-0.00043127663315367746,-6.9635228602144465e-06
-0.5887252641078193,-0.45206772811580676,0.21863088851106557,0.19885970048550536,0.07464320849386107,0.06691465272269741,-0.012819585909165085,0.006591715013035065,2.5021470126117282e-05,0.00015547685085740958,-0.0003877226702800841,-6.977398682022225e-06
-0.5867292694076135,-0.45130135399405186,0.21928375136247585,0.19916693315556197,0.07577249403748271,0.06757664011859539,-0.012817699590138322,0.006588269780423215,2.499573453947548e-05,0.0001886488622857278,-0.0003444619680459374,-6.989491007670207e-06
-0.58473017100706,-0.4505236256077482,0.21994306034133979,0.1994732779417738,0.07689969648242977,0.06823701300435765,-0.012815482337665801,0.006585259903291085,2.4964310017372048e-05,0.00022174594569634157,-0.0003009227191296754,-6.999656747728979e-06
-0.5827279771941654,-0.44973456454389515,0.22060879884948723,0.19977877856221624,0.07802478769033022,0.06889574749721027,-0.012812932181321615,0.00658268639998136,2.4927202066971388e-05,0.00025504006601741256,-0.0002572816537322209,-7.008060188350285e-06
-0.5807226958093598,-0.44893419268450685,0.2212809500635232,0.2000834794424803,0.07914773914435992,0.0695528190896253,-0.01281004830581999,0.006580543581962667,2.488450143250771e-05,0.00028841565387329165,-0.0002142095134204426,-7.014814658468097e-06
-0.5787143342525112,-0.44812253220822196,0.22195949697447326,0.20038742457392866,0.0802685217741328,0.07020820683027504,-0.012806834732610262,0.006578821863156666,2.4836353284438634e-05,0.00032138900069810693,-0.00017209609061066846,-7.0195088160198715e-06
-0.5767028994955875,-0.44729960558564885,0.22264442236140775,0.20069065658225535,0.08138710680100078,0.07086188777347781,-0.01280329821253919,0.006577513722035503,2.478287683082326e-05,0.00035368718456255647,-0.00013073491388463726,-7.0221288734488945e-06
-0.5746883980917901,-0.4464654355693042,0.22333570880892403,0.20099321688916483,0.08250346668405638,0.07151384128655451,-0.012799441653476839,0.0065766158725842384,2.4724135049977734e-05,0.0003856945408069667,-8.97023946232555e-05,-7.022908639426527e-06
-0.5726708361783207,-0.4456200451886135,0.22403333871880218,0.20129514657792003,0.08361757482641906,0.07216404756076207,-0.01279526144466252,0.006576125958103265,2.4660180212449416e-05,0.00041806294020212755,-4.89055951831614e-05,-7.021765443752808e-06
-0.5706502194779235,-0.4447634577549244,0.22473729430030953,0.20159648680701195,0.08472940423450048,0.0728124851057422,-0.012790752785610492,0.006576038704269952,2.4591102701031025e-05,0.0004509113308183232,-8.636302748681095e-06,-7.018657381412319e-06
-0.568626553304477,-0.4438956968688281,0.22544755759905158,0.2018972783987487,0.08583892665660825,0.07345913524484532,-0.012785917651536069,0.006576345788432207,2.4517032305308083e-05,0.00048356211720984365,3.080062428574629e-05,-7.0135749346737e-06
-0.5665998425733252,-0.44301678641914577,0.22616411046341567,0.20219756117683368,0.08694611339805478,0.07410397665891769,-0.012780765828873168,0.0065770390685305335,2.4438094371399888e-05,0.0005152341809679865,6.942324946046989e-05,-7.006758217391577e-06
-0.5645700918105174,-0.44212675056911466,0.22688693459243559,0.20249737389543093,0.08805093710555838,0.07474699318243978,-0.01277530642787532,0.006578112269533989,2.4354391537478675e-05,0.0005459951555614967,0.00010741828950771281,-6.998116204882409e-06
-0.562537305159127,-0.44122561374299707,0.2276160115325136,0.20279675467557107,0.08915337246390018,0.07538816758263131,-0.012769538986654685,0.006579559432492693,2.426602078749664e-05,0.0005768022593116726,0.00014481735724680326,-6.98783551997748e-06
-0.5605014863847265,-0.44031340062591445,0.2283513226752677,0.20309574127772237,0.09025339479643463,0.0760274812219084,-0.012763454861451234,0.006581372418264957,2.417310826529081e-05,0.0006084736606727423,0.00018140241404605511,-6.975809063675463e-06
-0.5584626388842692,-0.4393901361764907,0.22909284923867398,0.20339437073977426,0.09135097795173233,0.07666491347360767,-0.012757048705840107,0.006583541418293918,2.407580203014929e-05,0.0006406796120625069,0.00021700650401769913,-6.961997003931321e-06
-0.5564207656974246,-0.4384558456355042,0.22984057228976532,0.20369267889982356,0.09244609395450089,0.07730044726789598,-0.012750327325687929,0.006586057667191921,2.3974237228676974e-05,0.0006722048931217038,0.00025173395212070544,-6.946375633590674e-06
-0.554375869516742,-0.43751055451824344,0.2305944727068309,0.20399070044761394,0.09353871500904001,0.07793406299744199,-0.012743305381607539,0.006588914751992812,2.386851702414228e-05,0.0007022640505768939,0.0002858200222891705,-6.929157315936993e-06
-0.5523279526934105,-0.43655428859350714,0.23135453122434035,0.20428846950845148,0.09462881581022209,0.07856574498849073,-0.012735991304984559,0.006592105998112792,2.3758749161230307e-05,0.0007314800044044827,0.00031923854918319464,-6.910231813729682e-06
-0.5502770172429545,-0.435587073870784,0.23212072842772785,0.2045860199503941,0.09571637346455188,0.0791954749612201,-0.012728379033750507,0.00659562109561641,2.3645085947154048e-05,0.0007613020708378144,0.00035162597043644523,-6.889786741518819e-06
-0.5482230648557876,-0.43460893660761835,0.23289304478540226,0.2048833848443238,0.09680136485026992,0.07982323649533293,-0.01272045575584749,0.006599446620316557,2.3527725306749333e-05,0.0007924052188236016,0.0003826708280459307,-6.867232608864036e-06
-0.5461660969131541,-0.4336199033292724,0.2336714605646324,0.20518059565513838,0.09788376426120862,0.08044900584333013,-0.012712218035420001,0.0066035704495835765,2.340684490393239e-05,0.00082385184147545,0.00041250329301915965,-6.842940672956846e-06
-0.5441061145008322,-0.4326200008343927,0.23445595591627214,0.20547768208151257,0.09896354400130299,0.08107277024978682,-0.012703678718298887,0.0066079850774949595,2.3282563772361523e-05,0.0008540138088729773,0.00044158507340272165,-6.816903150981735e-06
-0.5420431184167585,-0.4316092561790029,0.2352465108078089,0.2057746729422074,0.1000406776222788,0.0816945112890533,-0.012694855566777557,0.006612685255433235,2.3154972631631616e-05,0.0008823994935450524,0.00047014191763481295,-6.789085413993934e-06
-0.5399771091118447,-0.4305876964960016,0.2360431182933812,0.20607159423068108,0.10111514059332001,0.08231553677136465,-0.012685757229331594,0.006617665478403658,2.3024162066655352e-05,0.0009099202774541965,0.0004981481903930354,-6.759831097328565e-06
-0.5379080868275862,-0.42955534931411926,0.23684575623198853,0.20636847780600026,0.10218691423794617,0.08293432159525399,-0.01267636977010047,0.006622909314546517,2.289036353932684e-05,0.0009388345009426578,0.000524511114455035,-6.728920072762732e-06
-0.5358360515505444,-0.42851224241718894,0.23765440090441195,0.20666535125396274,0.10325597685979149,0.08355070181325219,-0.012666677078056842,0.006628398834756453,2.275382744954753e-05,0.0009693596677983618,0.0005490809532611839,-6.696340921629974e-06
-0.5337610029601946,-0.427458403687496,0.23846904245400305,0.20696223644921832,0.10432230117929273,0.08416606150302056,-0.012656683645485875,0.006634124833163395,2.261469212577711e-05,0.0009994355207050324,0.0005727301023620068,-6.662228767707199e-06
-0.531682940616835,-0.42639386154259407,0.23928964737401637,0.20725916131424074,0.10538586227740308,0.08477803514167762,-0.012646410986076946,0.006640078837674236,2.247308485993371e-05,0.0010273599263967213,0.0005955319477172497,-6.626745403173499e-06
-0.5296018638030914,-0.4253186444950921,0.24011619332240475,0.2075561463471969,0.10644663558321157,0.08538773901380739,-0.01263587504322482,0.00664625491138288,2.23291003395027e-05,0.0010536899358380377,0.000617740029195184,-6.58992877357788e-06
-0.5275177715176246,-0.4242327811090679,0.24094867115467294,0.2078532116345004,0.10750459963377165,0.08599649037888804,-0.012625076500012862,0.006652643388435852,2.2182880611027426e-05,0.0010799515485549601,0.0006389814221249052,-6.551747393131956e-06
-0.5254306626183995,-0.4231363003262035,0.2417870566070583,0.2081503827813973,0.10855973806841858,0.08660276976137385,-0.012613993620972883,0.0066592230827885795,2.2034712736594634e-05,0.0011083865228292329,0.0006581040161515871,-6.512231504781263e-06
-0.523340535718987,-0.42202923118143926,0.2426313374314414,0.2084476773447716,0.1096120279478446,0.08720777323328838,-0.012602613814122211,0.006665977668789645,2.188481913945746e-05,0.0011380805524543783,0.0006755938934312507,-6.471674102626337e-06
-0.5212473893332473,-0.42091160312818815,0.24348148693286317,0.20874511571294796,0.1106614456418155,0.08781005316941147,-0.012590942399931259,0.006672894997408334,2.1733369585090627e-05,0.0011672424266754224,0.0006918687492875042,-6.430042126602079e-06
-0.5191512217586131,-0.41978344571795995,0.2443374912172613,0.20904271090497,0.11170796332878,0.0884108914530756,-0.012579005822062742,0.006679973232609559,2.1580404608765037e-05,0.001193759912165574,0.0007079599644312875,-6.387239880864536e-06
-0.517052031201302,-0.4186447888720697,0.2451993223992247,0.20934048195476887,0.11275156087106533,0.08900888766910899,-0.012566817157715795,0.006687203238692831,2.1426059426584243e-05,0.0012189695919063543,0.0007231375111987794,-6.342970437163291e-06
-0.5149498156542869,-0.41749566254975307,0.24606696568087008,0.2096384425535459,0.11379221907935572,0.08960534599060123,-0.012554368712919471,0.006694570108576684,2.127054126170095e-05,0.0012449485343136383,0.0007368242066957877,-6.297259555948535e-06
-0.5128445730411145,-0.41633609706714697,0.24694039236003587,0.2099366110056787,0.11482992254280747,0.09019886681512475,-0.012541633492978465,0.006702048878330981,2.1114179743309962e-05,0.001273626729118866,0.0007480142916347793,-6.2504552841501625e-06
-0.5107363011160597,-0.41516612282377735,0.2478195870043014,0.2102349966663959,0.11586464753758575,0.09079077185456677,-0.012528602203407862,0.006709623438785173,2.09571903818864e-05,0.0013032342307833333,0.0007575933154310089,-6.202797686123127e-06
-0.5086249976120344,-0.41398577062843095,0.24870452027675058,0.21053361178902325,0.11689636979926796,0.09137966903741004,-0.01251528801748381,0.006717283844221703,2.079970923304523e-05,0.001331524315869824,0.000766177674654327,-6.1544584328669485e-06
-0.5065106601187523,-0.41279507136987087,0.24959517628548347,0.21083246171531206,0.1179250621530547,0.09196690524595431,-0.012501720796340838,0.006725028531283616,2.0641771626374265e-05,0.0013568282658523625,0.0007746056659898691,-6.104975806570108e-06
-0.5043932862103578,-0.41159405628612045,0.2504915252101048,0.2111315584117645,0.11895070675812223,0.09255108505317917,-0.01248790795997019,0.0067328451877427505,2.0483545030593767e-05,0.0013813901059606954,0.000781802321333236,-6.054553268367267e-06
-0.5022728733247015,-0.4103827566394632,0.2513935507463028,0.21143090810774995,0.11997328616103543,0.09313355346212282,-0.012473833070107887,0.0067407148892019274,2.0325280238805793e-05,0.0014075956049575294,0.0007871063713548727,-6.003069934561883e-06
-0.5001494189155298,-0.40916120404935885,0.2523012226747214,0.21173052099605205,0.12099278513321536,0.09371290894563966,-0.012459466614480368,0.006748611581738014,2.016731618470839e-05,0.0014367521034033047,0.0007898048089481623,-5.950543568163886e-06
-0.4980229203512599,-0.4079294302223154,0.2532145244250555,0.21203039771649843,0.12200917861220952,0.09429051224011034,-0.01244480588316063,0.006756521476399051,2.0009833147906108e-05,0.0014661794726601664,0.0007911242336950335,-5.897469686195356e-06
-0.495893375062364,-0.4066874672704122,0.2541334254433806,0.21233054225778095,0.12302244180833113,0.09486496489437267,-0.012429872483970626,0.006764437035496612,1.9852932202443644e-05,0.0014934459907792494,0.0007916898222433973,-5.843926988559425e-06
-0.49376078041272425,-0.4054353473687687,0.25505790895392394,0.21263095223963796,0.12403254871779501,0.09543764717623285,-0.012414697055272348,0.006772355902461889,1.9696649932312188e-05,0.0015176486470857046,0.0007920197269184652,-5.7898742095013336e-06
-0.4916251338310263,-0.4041731030244235,0.25598794412459397,0.21293163226867662,0.12503948398562026,0.09600714910013261,-0.012399278849720575,0.0067802622689152655,1.954119447573641e-05,0.0015419258958238378,0.0007907686574934738,-5.734824630710522e-06
-0.4894864326918108,-0.4029007667616503,0.2569235139400254,0.2132325805395313,0.12604323140563128,0.096574843997996,-0.012383593434517667,0.006788134803015793,1.938683750205938e-05,0.0015686462383552122,0.0007873842315451172,-5.679206425062121e-06
-0.48734467447435437,-0.4016183714679958,0.2578645873029521,0.21353379864193692,0.12704377521575622,0.09713931373481172,-0.012367612233433361,0.006795948885957418,1.92338891784871e-05,0.0015982239908042396,0.0007815377300215279,-5.623156511513364e-06
-0.4851998566564392,-0.4003259501227724,0.25881114702205765,0.2138352784397947,0.12804108877320206,0.0977019465263259,-0.012351341794366014,0.006803694285348897,1.9082477752280355e-05,0.0016271468630456641,0.0007746679093722744,-5.566971308447949e-06
-0.48305197685953305,-0.3990235361039104,0.25976316172597436,0.2141370159776764,0.12903514724107584,0.09826132562838033,-0.012334811316002033,0.006811364949422179,1.8932682199498045e-05,0.001653149809414652,0.0007671928610450039,-5.5103481661792745e-06
-0.4809010327146645,-0.39771116283308244,0.26072061407587077,0.2144390013639732,0.13002592646597716,0.09881885613174919,-0.012318048844688118,0.0068189565132713015,1.8784558327610607e-05,0.0016763480794459596,0.0007592812872201111,-5.453466804771455e-06
-0.47874702199979285,-0.3963888640489562,0.2616834724432417,0.21474123170132647,0.13101341370077613,0.0993731026830929,-0.01230104355827508,0.006826450209738525,1.8638339558053367e-05,0.0017006284012994284,0.0007494928533147311,-5.396261553051629e-06
-0.4765899425217012,-0.3950566735048678,0.26265171931666875,0.2150436968391055,0.1319975934550983,0.09992546750690222,-0.012283764648995001,0.006833824613593769,1.8494288886258637e-05,0.0017279893158741264,0.0007375617357737769,-5.338955957154906e-06
-0.4744297922787771,-0.3937146253262838,0.2636253228653447,0.21534638979670123,0.13297844887843674,0.10047450966197083,-0.012266187864730755,0.006841058395533046,1.8352669605695134e-05,0.0017577752570702191,0.0007234975260247946,-5.28130296071039e-06
-0.4722665693467787,-0.3923627537324796,0.2646042654443554,0.21564929412027012,0.1339559517793565,0.10102164745688019,-0.012248330584868709,0.006848144696483523,1.8213563767382255e-05,0.0017858231979123258,0.0007087473606780356,-5.223567782495368e-06
-0.47010027202254373,-0.3910010933294065,0.2655885149949648,0.21595239845726624,0.13493007798475404,0.10156544164811769,-0.012230227266339596,0.006855077694986227,1.807703859471115e-05,0.0018104253939692945,0.000693415011681902,-5.165895882587766e-06
-0.46793089868630183,-0.38962967874587034,0.26657805372015586,0.21625568570738918,0.13590080578763958,0.10210731899014198,-0.012211899748542376,0.006861850495481187,1.7943173862638727e-05,0.0018328435896992163,0.0006773930618004492,-5.108282278075109e-06
-0.4657584479457335,-0.3882485449152172,0.26757284933599024,0.21655914546589006,0.13686812491628958,0.10264582238707176,-0.01219332608549244,0.006868442744387816,1.7812214778627214e-05,0.0018574562096718118,0.0006593356073392205,-5.050558285448231e-06
-0.4635829185175381,-0.3868577267885892,0.2685728839119629,0.21686275932806814,0.1378320198950852,0.10318237728739961,-0.012174471745148838,0.006874835007058097,1.7684390085147024e-05,0.001885521870238086,0.0006393345546935683,-4.9931432995165285e-06
-0.4614043093906824,-0.38545725969855044,0.2695781250060898,0.2171665121871042,0.13879247229287067,0.10371552521942864,-0.012155320128171119,0.006881010175644607,1.7559900549798594e-05,0.0019152473200939055,0.0006176226006305027,-4.935894939697905e-06
-0.45922261970373307,-0.384047179071171,0.2705885545314832,0.21747038006909525,0.1397494526686059,0.1042467034865652,-0.012135899596691075,0.006886963828422998,1.743879104816672e-05,0.0019421365190305877,0.00059546845327884,-4.878873345073209e-06
-0.45703784882316406,-0.38262752055998855,0.27160415300635554,0.2177743419027021,0.14070293603301376,0.1047757763593983,-0.012116250762056975,0.006892692444609406,1.7321093842056927e-05,0.0019649645541840732,0.0005729622155450122,-4.822183153694435e-06
-0.45484999641012736,-0.38119832013525806,0.2726248858936949,0.21807838045036135,0.14165290847730663,0.10530123515815175,-0.012096380224091301,0.006898182253866936,1.7206967855322408e-05,0.0019871324908684253,0.0005490788540220565,-4.7655171136181935e-06
-0.4526590622865564,-0.37975961374734823,0.27365073359645103,0.21838247145366835,0.14259935705110535,0.10582456551907336,-0.012076259998526942,0.0069034172272339185,1.7096593101616194e-05,0.002012098723306416,0.0005235924972089441,-4.709404074879731e-06
-0.45046504653124286,-0.37831143753768687,0.27468167542679034,0.21868659215108607,0.14354226805368622,0.10634564851800102,-0.012055854188810871,0.006908381040575877,1.6990153686589634e-05,0.0020406544770796473,0.000496473624875199,-4.65369270702545e-06
-0.44826794950085813,-0.376853827896501,0.27571768910346245,0.21899071740338252,0.14448161910651522,0.10686432091237255,-0.012035160323320651,0.006913063503697092,1.6887757175046857e-05,0.0020694573119177913,0.0004683356784998164,-4.59853585566817e-06
-0.4460677718375101,-0.375386821465314,0.2767587511551985,0.2192948205153471,0.14541738291548229,0.10738046652532969,-0.012014214763594504,0.006917459465670187,1.6789446799127472e-05,0.0020946239563452633,0.0004396826259065669,-4.544212272136372e-06
-0.44386451446986747,-0.37391045508480714,0.27780483713727533,0.21959887468965286,0.14634953696251268,0.10789399084517264,-0.011993054685938337,0.006921562376354969,1.6695285805462672e-05,0.0021160729199780942,0.00041037453199865506,-4.49032975596572e-06
-0.44165817861521034,-0.372424765735924,0.27885592205783744,0.21990285322388067,0.14727806827453152,0.10840483522867252,-0.011971678026384236,0.006925360291063378,1.6605399105932745e-05,0.002137728187702837,0.00037987190688748004,-4.437117615944747e-06
-0.43944876579107056,-0.37092979053884934,0.27991198043466325,0.2202067285655906,0.1482029679589904,0.10891294050131252,-0.011950045533054237,0.006928838210996944,1.65199476836237e-05,0.0021633085256591565,0.0003478693181037587,-4.38453321827918e-06
-0.4372362778310737,-0.3694255668057568,0.2809729864047977,0.22051047126479828,0.14912422119198743,0.10941825956560787,-0.011928123414676289,0.006931983547973891,1.643906468515952e-05,0.0021922678926751898,0.00031460784317202385,-4.332373990956233e-06
-0.43502071689759325,-0.3679121320898226,0.2820389137636073,0.22081405011288854,0.15004180355916405,0.10992075642771137,-0.011905920671047343,0.006934788139865871,1.6362828362278802e-05,0.0022203272201464326,0.0002805301213470759,-4.2807484987006495e-06
-0.43280208548797666,-0.36638952417477755,0.2831097360259512,0.22111743307238335,0.1509556878277612,0.11042040674707942,-0.011883480400526187,0.00693724540671485,1.6291295032105927e-05,0.0022440766674496028,0.0002457943846347678,-4.229878519800032e-06
-0.4305803864385172,-0.3648577810135327,0.28418542650124073,0.22142058792066874,0.15186585414288553,0.11091719145604384,-0.01186083287032593,0.006939346460236639,1.6224549366556883e-05,0.002264799329869055,0.00021016978312183565,-4.1795904777557845e-06
-0.4283556228868521,-0.36331694058500197,0.2852659674372957,0.22172348005413473,0.15277229149123214,0.11141199827770042,-0.011837959733794303,0.006941080682562485,1.616270107578353e-05,0.002287356576952833,0.00017348334079797384,-4.129345269210516e-06
-0.42612779838913084,-0.3617670411421246,0.2863513287613795,0.22202607794942578,0.15367499233147966,0.11190358455951918,-0.011814815491590662,0.00694243719100462,1.6105853845750955e-05,0.0023144636821271045,0.00013570858458694524,-4.07996644034815e-06
-0.4238969168650964,-0.3602081211347294,0.28744148127287444,0.2223283461470252,0.15457393908932945,0.11239203029787051,-0.01179137388306333,0.006943407675595536,1.605407573548827e-05,0.0023441968016921885,9.710281042048588e-05,-4.031880020005524e-06
-0.4216629825604753,-0.35864021915433675,0.2885364055395238,0.22263024664945086,0.15546910426383626,0.11287831221276558,-0.011767653206371277,0.0069439849909900065,1.6007427950932207e-05,0.002372100059860859,5.778248039728905e-05,-3.984308652681142e-06
-0.419426000161312,-0.35706337414093714,0.289636070155637,0.22293174532148521,0.15636046183336763,0.11336123714472672,-0.011743702029817362,0.0069441602880832365,1.5965983801489906e-05,0.0023951464343933285,1.7577216180057082e-05,-3.937959797137525e-06
-0.41718597473629593,-0.355477625174069,0.290740444889084,0.22323280477959725,0.1572479941790067,0.1138409224404438,-0.011719541408725295,0.0069439238178622045,1.5929825128256112e-05,0.0024160872178574837,-2.3602976851135218e-05,-3.89294288178203e-06
-0.41494291174935527,-0.35388301144502127,0.29184950020559697,0.22353338649136523,0.15813169274083105,0.11431743046440272,-0.01169514204199177,0.006943267852259277,1.589901057748383e-05,0.0024399580696801457,-6.5555991001755e-05,-3.849113430883766e-06
-0.41269681706824823,-0.3522795722975562,0.2929632070564173,0.22383345088057582,0.1590115473586195,0.11479079985068476,-0.01167045575911435,0.0069421876206821964,1.5873565836037735e-05,0.002468645953316389,-0.0001079860606918701,-3.806223302861192e-06
-0.41044769696823263,-0.35066734729758214,0.29408153673732,0.22413295809140368,0.1598875373441686,0.1152610602044261,-0.011645467501995703,0.006940678453545655,1.5853513540138147e-05,0.0024988396310499494,-0.0001508830825856186,-3.7643864274782656e-06
-0.40819555813567765,-0.3490463762603964,0.29520446061830485,0.2244318685040788,0.16075963380306194,0.1157282213166026,-0.01162021252958237,0.00693873214757263,1.5838913930811672e-05,0.002525507373084616,-0.00019460044577166975,-3.723882534620072e-06
-0.405940407675383,-0.3474166992026331,0.2963319501729096,0.2247301420607032,0.1616278111188154,0.11619229747026412,-0.011594738341658556,0.006936337864341502,1.5829858683966648e-05,0.002547425074577992,-0.00023940168344034838,-3.684537865543961e-06
-0.4036822531230569,-0.3457783562740959,0.2974639769083858,0.22502773719687144,0.16249205517590437,0.11665329027457613,-0.011569052185031533,0.006933487505898701,1.582640834387395e-05,0.002568618055605264,-0.00028501273115877747,-3.6461840621133266e-06
-0.401421102454296,-0.34413138774325036,0.2986005123890832,0.2253246106918537,0.16335235901995737,0.11711119712629939,-0.011543112179953874,0.006930179363102646,1.5828544321678522e-05,0.0025939990272988798,-0.00033079465914713507,-3.6092535288054274e-06
-0.3991569640847047,-0.34247583405390675,0.2997415282180326,0.22562071895381874,0.1642087106638554,0.11756601332680439,-0.011516871842907391,0.006926414847529021,1.583621260423938e-05,0.0026240283920272948,-0.0003764353759185711,-3.57362839665081e-06
-0.396889846864839,-0.34081173589240704,0.3008869959906598,0.22591601945389805,0.16506108616866666,0.11801773580856881,-0.01149033016089834,0.0069221908280272205,1.5849411635273373e-05,0.002654159061725109,-0.0004223891846418822,-3.539252196309941e-06
-0.39461976008093136,-0.3391391341926018,0.3020368872814777,0.22621047047911902,0.1659094555110439,0.11846636632930815,-0.011463533378665515,0.006917496728973107,1.5868223447885674e-05,0.0026796652060647177,-0.00046940057966568315,-3.5062548548377936e-06
-0.3923467134666553,-0.3374580700718182,0.30319117363385156,0.22650402931557068,0.16675379536727813,0.1189119050211663,-0.011436524605667424,0.0069123206443439285,1.589274192796222e-05,0.00270086034580371,-0.0005176026057293954,-3.4748737358897112e-06
-0.3900707172182771,-0.33576858476734234,0.30434982653424886,0.22679665078928593,0.167594094818785,0.11935434292618276,-0.011409295789694077,0.006906658844893407,1.5922970204813408e-05,0.002722860711471854,-0.00056617753502761,-3.444723699173943e-06
-0.3877917819986474,-0.3340707196432573,0.3055128174478936,0.22708828814889317,0.16843034742585786,0.1197936695002792,-0.011381795526750428,0.006900517210175915,1.595880039175584e-05,0.0027500015590498214,-0.0006141644236756507,-3.415875733725178e-06
-0.38550991892751474,-0.33236451626141894,0.3066801177912921,0.22737889555656401,0.16926253839536695,0.12022987326107187,-0.011353983834533744,0.006893902072698127,1.6000118139822367e-05,0.002781140724356197,-0.0006615179723845551,-3.3884437746031707e-06
-0.38322513956972654,-0.3306500164400783,0.3078516989325403,0.22766842959358943,0.17009064052129952,0.12066294953400533,-0.011325875552913357,0.006886809323053831,1.604692415030534e-05,0.0028107959114730386,-0.0007092824360263955,-3.3627668485476723e-06
-0.3809374559378513,-0.3289272622361291,0.30902753220882717,0.22795684774535974,0.17091462356581077,0.1210928999625415,-0.011297524783865141,0.0068792251132419446,1.6099332446117445e-05,0.0028350408325760143,-0.0007584317400982333,-3.338477633158848e-06
-0.37864688050986434,-0.32719629586899385,0.31020758890140504,0.22824410540935045,0.17173446727820682,0.12151972114041495,-0.01126896550202995,0.006871138486183918,1.615742174443839e-05,0.00285588824657942,-0.0008086767709954796,-3.3157231588116776e-06
-0.37635342624440293,-0.3254571596690894,0.31139184021773136,0.22853015474324723,0.1725501636111534,0.12194340125160005,-0.011240173510946938,0.006862552726523874,1.6221113341645256e-05,0.0028791553728071155,-0.0008585932697139176,-3.2940927002928317e-06
-0.3740571065760837,-0.3237098961075074,0.3125802573328681,0.2288149470203853,0.17336170556897504,0.12236392926510017,-0.011211091682958578,0.006853481815333238,1.6290207475590417e-05,0.0029081354145361056,-0.0009071115253838826,-3.2736421924482795e-06
-0.3717579353951241,-0.3219545478765788,0.313772811313101,0.2290984362241637,0.17416907482017369,0.12278128996477251,-0.011181691043885247,0.006843934411039846,1.636456076513074e-05,0.0029400129855455402,-0.0009547638324976251,-3.254735607387806e-06
-0.36945592703234437,-0.32019115793301367,0.3149694732065924,0.2293805797576964,0.17497224127368524,0.12319548384893961,-0.011152002571146647,0.006833902892665891,1.6444212220573258e-05,0.002968792801520124,-0.0010031782340476172,-3.23734740886515e-06
-0.3671510962679142,-0.31841976945763956,0.31617021399766054,0.22966133530901053,0.17577117554999785,0.12360650960496535,-0.01112208400598806,0.006823370540327815,1.6529300333120048e-05,0.0029917984129522682,-0.0010532646750923364,-3.2215987101165246e-06
-0.3648434583544771,-0.3166404257728492,0.31737500459209844,0.22994065709570818,0.1765658610080383,0.12401436040516023,-0.011091956248567306,0.00681233020669181,1.6619860881059535e-05,0.003012713999955062,-0.0011040658457813228,-3.206982930440041e-06
-0.36253302902834394,-0.31485317030845245,0.3185838158418051,0.23021849576648984,0.17735629189999266,0.1244190257372093,-0.011061579562594275,0.0068007943102154885,1.6715710223731993e-05,0.0030376033575889388,-0.0011536250442454356,-3.1936592417439764e-06
-0.3602198244446034,-0.31305804655899216,0.31979662835666217,0.23049480105090808,0.1781424587128656,0.12482147361461388,-0.011030892320214283,0.0067887810261046426,1.6816609660504738e-05,0.0030686556797424078,-0.001201366570401559,-3.180792012117043e-06
-0.35790386121445295,-0.3112550982964678,0.3210134194061437,0.23076952932390488,0.17892433974643507,0.12522136706805226,-0.010999877138092662,0.006776296600186513,1.6922445448754036e-05,0.0031014464294268043,-0.0012484834276976372,-3.1691040423243254e-06
-0.3555851564365948,-0.3094443696820456,0.3222341541754515,0.23104264189955717,0.1797019034810747,0.12561750235861732,-0.010968582095473403,0.006763329765593045,1.7033287741839088e-05,0.0031294292245930477,-0.0012967269822224592,-3.159475787691452e-06
-0.3532637276446459,-0.3076259050671582,0.32345879961498647,0.2313140966722226,0.18047512169304372,0.1260100613967055,-0.010937064889708257,0.006749863517609427,1.7149270197633258e-05,0.003151642212707285,-0.0013466710539746338,-3.1517636539968644e-06
-0.35093959283608095,-0.30579974891706846,0.32468732376934273,0.23158384691521364,0.18124398105035913,0.12639915382736125,-0.010905331073022492,0.006735898298990131,1.727033856938794e-05,0.003173300034503194,-0.0013965707951149574,-3.1455485909178776e-06
-0.34861277042753896,-0.3039659457083612,0.3259197053673436,0.23185184150704555,0.18200847564427988,0.12678584189857645,-0.010873326241595262,0.00672145359911434,1.739623932242275e-05,0.0032003984290984327,-0.0014445214394857569,-3.1399537047821983e-06
-0.34628327934290976,-0.3021245402242389,0.3271559103248994,0.23211803535561154,0.18276859553818256,0.12716883982223162,-0.010840997511175635,0.00670655630819211,1.7526626788778125e-05,0.0032327855006919893,-0.0014897828480024478,-3.136227852585764e-06
-0.34395113890709544,-0.30027557749884887,0.32839590578199523,0.23238238725642232,0.18352431378202272,0.12754827087203668,-0.010808349366847688,0.006691211502823562,1.7661395334129276e-05,0.0032647241538759195,-0.0015345365141245105,-3.134163722895966e-06
-0.34161636884016133,-0.2984191028193928,0.32963965970063,0.23264485976185,0.1842755966969536,0.12792422287703947,-0.010775440651503,0.006675401483974028,1.7800682828966207e-05,0.0032907784453571082,-0.001581060131731083,-3.1340478361430773e-06
-0.33927898928403205,-0.29655516164673035,0.33088714064675356,0.23290541268173376,0.1850224198203412,0.12829676091922326,-0.010742321425343112,0.006659110433255005,1.7944607565903962e-05,0.0033118266586965686,-0.0016291656262302074,-3.135688685477687e-06
-0.33693902082885135,-0.29468379954356616,0.33213831757213397,0.23316400003457713,0.18576477419470452,0.1286659227080326,-0.010708978308958981,0.006642348327778849,1.8093013868682547e-05,0.003334212938433563,-0.0016762733023778491,-3.1386542747848667e-06
-0.3345964845042102,-0.2928050621911262,0.3333931595626247,0.23342057393088625,0.18650265581823455,0.12903171690198287,-0.010675348838206821,0.0066251478513469275,1.8245503222151766e-05,0.0033628459186793203,-0.001720112361877003,-3.1429521385460034e-06
-0.33225140173541845,-0.29091899547561023,0.33465163584708646,0.23367509157170122,0.18723604976467262,0.12939415485876515,-0.010641388779641372,0.006607535654940183,1.8401739887322246e-05,0.003395902486108139,-0.0017612861199205526,-3.1489359274369187e-06
-0.32990379430620376,-0.2890256455541486,0.33591371575173945,0.23392751766275902,0.18796492594177946,0.12975324898112775,-0.010607120780534824,0.006589509178989048,1.856170274564687e-05,0.0034266943599052563,-0.0018027158013692117,-3.1563922091946825e-06
-0.3275536843625038,-0.2871250588278002,0.33717936861635983,0.23417781922646913,0.18868925134851797,0.13010900685033064,-0.010572610987059868,0.00657104554113266,1.8725585912814324e-05,0.003450871508946619,-0.0018464337995358127,-3.1653364040290896e-06
-0.3252010944462904,-0.2852172818477478,0.3384485638421046,0.23442595838757485,0.18940900594271567,0.13046143839181235,-0.01053789696939428,0.006552133420602179,1.889345827740164e-05,0.0034712916167434936,-0.0018912838876374628,-3.175912927766445e-06
-0.3228460475163833,-0.2833023612585765,0.33972127081677933,0.23467189096613655,0.19012418455355226,0.13081054055791996,-0.010502946140003064,0.006532794216682217,1.9065045194087894e-05,0.003494970680156062,-0.0019339938803640884,-3.1879075579125274e-06
-0.32048856692281036,-0.28138034383949556,0.34099745895333894,0.23491557285608677,0.19083478252803796,0.13115631166422764,-0.010467690541973104,0.006513067825590996,1.923987954742643e-05,0.0035254457609271727,-0.001972713984765621,-3.2012676963920546e-06
-0.31812867635332154,-0.2794512766004212,0.3422770976117041,0.23515696748715192,0.19154078082671078,0.13149874528180436,-0.010432099854859572,0.006492977413775352,1.941767131510847e-05,0.003558953094155367,-0.0020091172722132497,-3.2160575836709856e-06
-0.31576639980089877,-0.2775152068286394,0.3435601561176882,0.23539604602158132,0.19224214635693404,0.13183784241485064,-0.010396215068811058,0.0064725117472760295,1.959849029875741e-05,0.0035883613857287744,-0.0020466439718511155,-3.232344189267318e-06
-0.31340176158047345,-0.27557218203484624,0.3448466037220371,0.2356327798643234,0.19293884776900472,0.13217360209301782,-0.010360104652331293,0.006451645374542833,1.978255653365085e-05,0.0036109227041496656,-0.00208671592231953,-3.2498185077360828e-06
-0.3110347863678549,-0.27362224985433453,0.3461364096769407,0.23586713350671906,0.19363086973000634,0.13250602737019093,-0.010323789431663613,0.006430375469322572,1.9969854793794254e-05,0.003631401428996686,-0.002127070471809442,-3.2683953235710306e-06
-0.3086654992098696,-0.2716654580133169,0.34742954314560465,0.23609906566824532,0.1943182097805867,0.1328351070941492,-0.010287219138572945,0.006408735423937821,2.0159993967789025e-05,0.003656907249415254,-0.002164085568099584,-3.288247332765937e-06
-0.3062939254823908,-0.2697018543958565,0.3487259732130974,0.23632853781762264,0.19500086113859352,0.13316083012994043,-0.010250326077912082,0.0063867690532282625,2.0352478338122497e-05,0.00368918292061396,-0.002196718907586434,-3.309341878769756e-06
-0.303920090830917,-0.2677314871404126,0.3500256688776685,0.23655552100677024,0.19567880003779767,0.13348318860690075,-0.010213098141800367,0.006364492448180873,2.0547098620801028e-05,0.003722669529736389,-0.0022277430239966423,-3.331769250919818e-06
-0.301544021148401,-0.26575440466138966,0.35132859908063796,0.23677999326393678,0.196351991208094,0.13380218281835415,-0.010175592921736205,0.0063418857822096,2.0744013186637837e-05,0.0037503969041496215,-0.002260749863095354,-3.3555812535352712e-06
-0.29916574260503875,-0.2637706555704033,0.3526347327076202,0.2370019302747295,0.19702040616999464,0.13411781377603513,-0.010137875463747016,0.006318924626536593,2.09434293895833e-05,0.003771619561672506,-0.00229619967024497,-3.3804423583517592e-06
-0.29678528168775764,-0.26178028858178415,0.3539440385700952,0.23722129937490538,0.1976840344288959,0.1344300760647948,-0.01009994680166614,0.006295617558347058,2.1145221752015786e-05,0.003792738933471033,-0.0023307916815580635,-3.4060109135610854e-06
-0.2944026651949516,-0.25978335250584733,0.35525648539266136,0.23743806360158382,0.19834287503828146,0.13473895846046005,-0.010061742156756563,0.006272008880861958,2.134890185691808e-05,0.0038203365034912688,-0.002360953109547344,-3.4325640541248546e-06
-0.2920179201793242,-0.257779896337596,0.35657204178824176,0.23765219177517077,0.19899691778649362,0.135044447616693,-0.010023200409410717,0.0062481420458200855,2.1553992554891096e-05,0.0038540463475755563,-0.002386769110019258,-3.4601638997348434e-06
-0.2896310738887517,-0.25576996934527974,0.3578906762782341,0.2378636635967702,0.1996461341647005,0.13534653718511427,-0.009984330538744287,0.006224023272244565,2.1760394381269333e-05,0.003886858354081408,-0.0024119631465150137,-3.488704459579081e-06
-0.2872421537584781,-0.2537536210623729,0.3592123573412657,0.23807246399984908,0.20029048804037752,0.1356452302052194,-0.009945203141102739,0.006199625638544531,2.1968338148719096e-05,0.003912610594467836,-0.0024398494452039306,-3.5183276089997247e-06
-0.2848511874524395,-0.25173090118958513,0.36053705337398007,0.23827857280522313,0.2009299550638361,0.13594052484329705,-0.009905873836850654,0.006174929808294715,2.2177975580567958e-05,0.003932800718042393,-0.0024696694485153133,-3.5492295896855088e-06
-0.2824582028500819,-0.24970185942517972,0.3618647433322921,0.23848195987238754,0.2015645276985936,0.13623347654418289,-0.009866321777261162,0.006149951334393459,2.2389118493048373e-05,0.003955075844723033,-0.00249793405885322,-3.5807028036857507e-06
-0.2800632281377675,-0.2476665456922837,0.3631953919275784,0.23868259587774368,0.20219420758549125,0.1365226586494513,-0.009826472320684928,0.006124744700834105,2.260119264121053e-05,0.003984815501682477,-0.0025207499757856655,-3.613063795152124e-06
-0.277666291670945,-0.24562501011700952,0.36452896492136716,0.2388804577176044,0.20281897985883693,0.13680817569945064,-0.0097862769939344,0.006099349936976763,2.2813771760502368e-05,0.004019402747040929,-0.0025395627388244634,-3.646164983390077e-06
-0.2752674219221634,-0.24357730310387007,0.36586542876249567,0.23907553373568619,0.20343881161820204,0.13709010145013548,-0.009745766923092638,0.006073762805447566,2.3026863948681892e-05,0.004050877385769163,-0.0025587992348201235,-3.6802436779553776e-06
-0.2728666474446281,-0.24152347521203255,0.3672047611000161,0.23926781396356228,0.2040536658512455,0.137369562748797,-0.009705018733665275,0.006047947097877868,2.3240794380500776e-05,0.0040746892839597865,-0.0025816567205628562,-3.7147553756153245e-06
-0.2704639969866973,-0.23946357716433123,0.36854693635038893,0.2394572828686354,0.20466352356159467,0.13764624125214134,-0.009664073627109627,0.0060218880969125695,2.3455673777573e-05,0.004094380978978113,-0.0026059859878287944,-3.750024575806227e-06
-0.2680594995607017,-0.23739765986132885,0.36989191577599434,0.2396439165567351,0.20526838515376564,0.13791882254200732,-0.009622890431291532,0.005995624789886026,2.3671094246159343e-05,0.004118190142257642,-0.002626416317576288,-3.7859240556002446e-06
-0.26565318433315954,-0.23532577431446808,0.3712396625939527,0.239827690122261,0.20586824824257516,0.13818750017726297,-0.009581390502304023,0.005969216316751664,2.388645692466916e-05,0.004149864061103589,-0.0026409323579685575,-3.822507528744522e-06
-0.2632450805050931,-0.23324797167492137,0.37259015228124204,0.2400085889557427,0.20646309179330366,0.13845349929101672,-0.009539538838617396,0.0059426893316019995,2.4101486523036765e-05,0.004185038299415928,-0.002652782856518408,-3.859048332843412e-06
-0.2608352173367345,-0.23116430340700708,0.3739433576016251,0.2401866112309949,0.2070528800355976,0.13871655436432048,-0.009497385877352169,0.0059160250925872765,2.431633979837732e-05,0.00421516873371147,-0.0026665076132290945,-3.8958957127780785e-06
-0.2584236241716584,-0.22907482121383746,0.37529924948272336,0.24036175428683793,0.2076375794128537,0.138976490523232,-0.009455012913001092,0.005889189701052582,2.4531310885426244e-05,0.0042371695474861856,-0.002683622370725016,-3.933602474003373e-06
-0.256010330487775,-0.22697957691719442,0.3766577974436959,0.2405340055188517,0.20821717599570994,0.13923317171177688,-0.00941244279412469,0.005862182341802342,2.474637797244344e-05,0.004256885522342455,-0.0027008186323210703,-3.972249335871001e-06
-0.25359536590482346,-0.22487862241626452,0.37801897000428636,0.24070334474190697,0.2087916712168731,0.1394864967530763,-0.009369614699695291,0.005835049341857941,2.4961081066028887e-05,0.004282683872718294,-0.002713381973097016,-4.011308295198844e-06
-0.2511787601246334,-0.22277200976609154,0.379382735083213,0.24086975602544633,0.20936106086688067,0.13973640283441197,-0.009326449669313343,0.005807847239831514,2.5174872332187662e-05,0.0043163785820879924,-0.002720291197032166,-4.050411912428535e-06
-0.24876054285458776,-0.220659791289092,0.380749060196608,0.2410332362236134,0.20992531996671812,0.13998285189491638,-0.009282936583807772,0.005780594630863162,2.5387562149458862e-05,0.0043511853147544105,-0.0027253408207862178,-4.0896464236875605e-06
-0.24634074378392234,-0.2185420195973122,0.38211791239805504,0.24119379078320172,0.21048440984401193,0.1402258064811239,-0.009239146483184815,0.0057532658036042695,2.5599368240140715e-05,0.004378887916577777,-0.0027329616805599325,-4.129630062480774e-06
-0.24391939262317058,-0.21641874749456208,0.38348925841315457,0.24135142150510658,0.2110383005037462,0.14046524356279708,-0.009195156826500376,0.005725832509967224,2.5810529014993102e-05,0.004398844473054197,-0.002743407458505923,-4.170492026252814e-06
-0.24149651915106268,-0.21429002786412768,0.38486306465745485,0.2415061195254708,0.21158698393933975,0.14070113608779983,-0.009150967873360014,0.005698309057168765,2.6020894832368463e-05,0.004418775152964468,-0.0027524224473779047,-4.211727279573766e-06
-0.23907215320307482,-0.2121559136621497,0.38623929730075396,0.24165787114378534,0.21213046357442766,0.1409334573167257,-0.00910650299587713,0.005670751800060171,2.622993444660028e-05,0.004446368920456256,-0.0027558017109499573,-4.2531888552754646e-06
-0.23664632459899182,-0.21001645802302718,0.3876179222765474,0.24180667045603071,0.21266873137077408,0.14116218169372588,-0.009061692476309429,0.0056432127329047975,2.643716166259708e-05,0.004480934730077821,-0.0027539813314734424,-4.294878681394715e-06
-0.23421906307309956,-0.20787171436091773,0.38899890536057,0.24195252497627198,0.213201757211651,0.14138729814022039,-0.009016550834759237,0.005615697651512548,2.6642515147461974e-05,0.0045140485535719865,-0.0027515813499317627,-4.336693933802489e-06
-0.23179039826893086,-0.20572173635617003,0.39038221213558405,0.24209544808279326,0.2137295022089236,0.14160879831486822,-0.008971164175209094,0.005588174741827814,2.6846269562231152e-05,0.004538551814467727,-0.00275236290289482,-4.379081356702344e-06
-0.22936035978899674,-0.2035665778358412,0.3917678080189404,0.24223544652323623,0.2142519421545719,0.14182667544396496,-0.008925598559620529,0.005560623957971297,2.7048590508679985e-05,0.004556448778453629,-0.0027551491221222612,-4.422192787930744e-06
-0.22692897723101224,-0.20140629267607307,0.3931556583143062,0.242372516530779,0.21476907537014198,0.14204092039450278,-0.00887982938205602,0.005533073685445895,2.7249213116080643e-05,0.004576806475492973,-0.0027550966782085274,-4.465738540932919e-06
-0.22449628015694664,-0.19924093483161803,0.3945457281759666,0.2425066527705008,0.21528090618563914,0.14225151487420712,-0.008833769368127693,0.005505585046312458,2.7447589061361633e-05,0.0046058919039851055,-0.0027489317931504746,-4.509303564771482e-06
-0.22206229801292948,-0.19707055845752186,0.3959379826749557,0.2426378605096058,0.21578742204970372,0.14245844958552192,-0.008787364376684585,0.005478200337977514,2.7643345632075457e-05,0.0046403916382758,-0.0027385370145038184,-4.552566167014495e-06
-0.21962706007287677,-0.19489521799083714,0.3973323868098298,0.24276615775403806,0.21628858879842922,0.1426617244573574,-0.008740654678142506,0.0054509117924831495,2.7836550040181048e-05,0.004670864277950205,-0.002728919072109262,-4.595990741132894e-06
-0.2171905954528809,-0.19271496810071767,0.39872890544318107,0.24289156493310843,0.21678436955259173,0.14286133841449325,-0.008693734579604082,0.0054236849038188555,2.8027500938085068e-05,0.004691906029514777,-0.002722751871188794,-4.639826145170045e-06
-0.2147529331654303,-0.1905298635553724,0.4001275033625108,0.2430140934658833,0.21727474730280313,0.14305729264343078,-0.008646651545510593,0.005396510217078529,2.8216275339739282e-05,0.004708201281923932,-0.0027175302030834425,-4.684228471063889e-06
-0.21231410214131685,-0.18833995915010693,0.40152814526644043,0.24313374549392167,0.21775972609720573,0.14324957803217506,-0.008599356058716721,0.005369427858387349,2.840252432120798e-05,0.004729448423503008,-0.002708295781858647,-4.728902907523192e-06
-0.20987413118145073,-0.18614530977246302,0.4029307957385985,0.2432505250549615,0.2182393095409164,0.1434381785295349,-0.0085517566556097,0.005342498214956717,2.858573469776709e-05,0.0047598421852693236,-0.0026930224329835373,-4.7732832193698196e-06
-0.20743304887664116,-0.18394597053155076,0.40433541932051587,0.24336444864493875,0.2187134798952805,0.1436230903139712,-0.008503820428092378,0.005315750203438707,2.8765669249384616e-05,0.004793526863746456,-0.002674857333640976,-4.81731674339102e-06
-0.20499088352974038,-0.18174199673041036,0.4057419923519315,0.24347554184912842,0.21918219891294163,0.1438055009559115,-0.008455606788904151,0.005289160004463533,2.8942543838416786e-05,0.004821270133239447,-0.002659074280564855,-4.860882641823456e-06
-0.20254766328408436,-0.17953344397407345,0.40715047530780374,0.2435838332681403,0.2196454356432285,0.14398383799715048,-0.00840721220972526,0.005262695759223659,2.9116628375995718e-05,0.004839366073512847,-0.0026464772340996606,-4.905231791881057e-06
-0.20010341611759513,-0.17732036791590317,0.40856082992203807,0.24368933790544797,0.22010318016370797,0.14415823442772324,-0.008358661311845936,0.005236360849587345,2.9287899535982027e-05,0.004854999880018813,-0.0026335420044888364,-4.949851417690375e-06
-0.19765816984855236,-0.17510282422105444,0.4099730186982644,0.2437920638740734,0.22055544042978756,0.14432876440317757,-0.008309883005997026,0.00521020426288874,2.9455956124487558e-05,0.004877742805550806,-0.00261570788876789,-4.994512915062256e-06
-0.19521195207487288,-0.17288086866519736,0.4113870046361653,0.24389202465282236,0.22100221717123614,0.14449547233963683,-0.008260789859177695,0.005184280702921528,2.962035840381177e-05,0.0049092292394540115,-0.0025924032291077055,-5.038854226150595e-06
-0.19276479010176686,-0.17065455726190576,0.412802751068411,0.2439892468734972,0.22144348691107898,0.14465839411992615,-0.008211375070351471,0.005158604349761838,2.9781005948781498e-05,0.004941395806043576,-0.002567680539490662,-5.083022292769982e-06
-0.19031671092473504,-0.16842394628073104,0.4142202215347911,0.24408376511932328,0.22187921117331755,0.14481756298328913,-0.008161723664989804,0.005133146661790877,2.9938149234720017e-05,0.00496505967356495,-0.0025458121332899188,-5.1272351827683924e-06
-0.18786774127433897,-0.16618909213303473,0.41563937955533464,0.24417560953347142,0.22230936266739973,0.14497299042396744,-0.008111923147367668,0.005107879820338378,3.00920275166817e-05,0.004979972970009126,-0.002526725708427453,-5.171838755474103e-06
-0.18541790766196878,-0.16395005124555498,0.4170601886160356,0.24426479956597608,0.22273393992754253,0.14512467677172305,-0.008061969859864345,0.005082818361801155,3.0242538849067667e-05,0.004995252060924588,-0.00250618562053916,-5.216400842237003e-06
-0.1829672363668583,-0.16170688005914818,0.4184826122464443,0.24435135043571352,0.22315295392984075,0.1452726203319861,-0.008011774922026137,0.0050580145879888854,3.0389284663112777e-05,0.005019419378954109,-0.0024804152120970016,-5.260343044558177e-06
-0.18051575336819173,-0.1594596351517339,0.4199066140036102,0.2444352853053576,0.2235664016264347,0.14541681839498322,-0.007961261772465334,0.005033512739230967,3.053193929999511e-05,0.005051242977301399,-0.0024502206639590088,-5.3034112978982205e-06
-0.1780634842857767,-0.15720837335119173,0.42133215744664654,0.24451663978907714,0.22397425450824934,0.1455572764758301,-0.007910451621135614,0.0050093122169057305,3.067053381340613e-05,0.005080945540335548,-0.002420086013092543,-5.346145934794904e-06
-0.1756104543832378,-0.15495315171352458,0.4227592060672428,0.24459545402410965,0.224376474874918,0.14569400271261396,-0.007859443996593742,0.004985379475252241,3.0805359178780536e-05,0.0051006950786754756,-0.0023933060754930523,-5.388697275922182e-06
-0.17315668861891945,-0.15269402738431748,0.42418772338127925,0.24467176104099392,0.2247730427692633,0.1458270117911184,-0.007808310851589858,0.004961694650695992,3.093659220258463e-05,0.005113249232540889,-0.002368512584448329,-5.43147406913906e-06
-0.17070221168032673,-0.15043105749309235,0.425617672864026,0.24474558399501148,0.22516396401601316,0.14595629949530314,-0.007757019936266983,0.004938282282449457,3.106406564574617e-05,0.00512902843446208,-0.0023412651277691836,-5.474076774856266e-06
-0.16824704795611667,-0.14816429919286309,0.4270490179595361,0.24481694493339404,0.2255492503592725,0.14608185377934446,-0.007705471438324983,0.004915193588101157,3.118741304893306e-05,0.0051547890255541785,-0.002308895793786995,-5.516037047104454e-06
-0.16579122146822972,-0.14589380980028518,0.42848172205491225,0.24488587561253314,0.22592889347634873,0.14620366435650625,-0.0076536073828761455,0.004892459744647775,3.1306428633631465e-05,0.005186347183100421,-0.002273408706229069,-5.557308648465708e-06
-0.16333475582982068,-0.1436196468836429,0.42991574850101744,0.24495241849299554,0.22630286053193005,0.14632173629348946,-0.007601477226863259,0.004870067393592218,3.1421247047024984e-05,0.005212959556798205,-0.0022392575443844704,-5.598324330041709e-06
-0.16087767426595093,-0.14134186820033512,0.43135106060824924,0.24501661705435668,0.2266711165362139,0.14643608217760926,-0.007549187642617366,0.004847982198734479,3.153215961964517e-05,0.005228904533298444,-0.0022085401364111404,-5.639301187781068e-06
-0.15841999966579845,-0.13906053154675618,0.43278762164030304,0.24507850606189654,0.22703364982361895,0.14654670714268508,-0.007496788242389116,0.004826193841854747,3.1639272712020494e-05,0.005239888212680592,-0.0021788546124640305,-5.680319170203872e-06
-0.15596175460281916,-0.1367756946825049,0.4342253948424028,0.2451381121004863,0.22739047227953751,0.14665360472247996,-0.007444219403615135,0.004804734028808074,3.174238312804705e-05,0.005256834226351346,-0.00214599845091462,-5.72077809071678e-06
-0.1535029612955285,-0.1344874154096463,0.43566434337341303,0.24519546360344713,0.22774159425194773,0.14675675524673965,-0.007391378460380822,0.004783648769484109,3.184118970353069e-05,0.0052840469550789445,-0.002108541215200765,-5.760205809884008e-06
-0.1510436415451839,-0.13219575171828846,0.43710443038722613,0.24525059942546348,0.22808700128310266,0.14685615577118952,-0.007338232372806072,0.004762955189812981,3.1935606899945906e-05,0.005314563690720765,-0.0020693713818155934,-5.7989249705532025e-06
-0.14858381671304338,-0.12990076184125562,0.4385456189489872,0.24530356661434888,0.22842665755214472,0.14695180991171214,-0.0072848567263933675,0.004742630423077518,3.2025846294034945e-05,0.005337521753783953,-0.002032488325419586,-5.836815055076485e-06
-0.14612350775407884,-0.1276025041534539,0.43998787206527684,0.24535441010752287,0.2287605328721344,0.147043729163569,-0.007231356843945917,0.004722643036102273,3.2112170653148954e-05,0.005349947391990343,-0.0019987487055356957,-5.874819670247281e-06
-0.14366273526474108,-0.12530103702151799,0.4414311527179155,0.24540316554776706,0.22908862424823698,0.14713191713093693,-0.007177754951853147,0.00470299233862686,3.21946226052003e-05,0.005360150352602234,-0.001965078151239849,-5.9124427096467005e-06
-0.14120151948874515,-0.1229964187661542,0.44287542386687806,0.24544986272068328,0.22941094793357084,0.1472163624246518,-0.00712396802349597,0.004683713540215685,3.227298929892237e-05,0.0053786560568944795,-0.0019278865890325488,-5.949501519712896e-06
-0.1387398802712575,-0.12068870777532939,0.44432064841936714,0.24549453571306276,0.22972751094689836,0.14729704770568838,-0.007069899189886601,0.0046648438235644225,3.234705342310264e-05,0.0054068487427443085,-0.0018869767078251542,-5.985455219433948e-06
-0.13627783700800553,-0.11837796264425185,0.4457667892309444,0.24553722862754884,0.23003829262518755,0.14737396874046751,-0.007015544601638122,0.004646386903444434,3.2416835575431155e-05,0.005435426338417275,-0.0018456953845150741,-6.020621542044493e-06
-0.13381540864042538,-0.11606424218911411,0.44721380912541275,0.24557799081800444,0.2303432560456416,0.14744713856096636,-0.006961001233473815,0.004628314156220812,3.2482578611563025e-05,0.005454306330542169,-0.0018072765354263385,-6.055553807741085e-06
-0.13135261369732742,-0.11374760531485407,0.44866167088779363,0.24561686708017746,0.23064237774158572,0.1475165699654609,-0.0069063642831836405,0.0046105997585345225,3.254450319305446e-05,0.005463666424684598,-0.0017714401234143928,-6.0902597417898e-06
-0.128889470334419,-0.11142811087766208,0.4501103372376801,0.24565389335217433,0.2309356632377275,0.14758225761536725,-0.006851625582278885,0.0045932513223259875,3.260260071187899e-05,0.00547384335589097,-0.001734842539328277,-6.124333453540956e-06
-0.12642599632724277,-0.1091058176900349,0.4515597708277966,0.24568910227929844,0.2312231311886342,0.14764418132598497,-0.006796684607219408,0.004576303588654127,3.26566805043261e-05,0.00549407271303511,-0.0016947708102050675,-6.157510059823803e-06
-0.12396220902430173,-0.10678078465983443,0.45300993429932573,0.24572253241926933,0.2315047836624201,0.14770232835340874,-0.006741458869872436,0.004559782824891691,3.2706613409965985e-05,0.005522550926613246,-0.0016520723270425624,-6.189814038294807e-06
-0.12149812531045001,-0.10445307091218288,0.45446079027055086,0.24575423103776098,0.23178059429742623,0.147756701794944,-0.006685975939636996,0.004543681191255963,3.2752501299197785e-05,0.005548272138102059,-0.0016101578833921638,-6.221462620174792e-06
-0.11903376161778487,-0.10212273575913985,0.45591230132965,0.2457842477056943,0.2320505273467348,0.14780731794150542,-0.006630347351763517,0.004527967975513537,3.2794592380133897e-05,0.005562839697071687,-0.0015713147702180969,-6.253064242545552e-06
-0.11656913396978794,-0.09978983854494519,0.45736443006117083,0.24581262583377925,0.23231456759975283,0.1478541908212484,-0.006574650106538796,0.004512624305336329,3.2833053876216336e-05,0.005569707138236088,-0.0015343589683986898,-6.284556200413326e-06
-0.11410425801038333,-0.09745443853283794,0.4588171389891304,0.24583940118666095,0.2325727283475572,0.14789730986365077,-0.006518845145962934,0.004497663627810197,3.286784563624249e-05,0.005580480384898605,-0.001496058469571141,-6.315241908594039e-06
-0.11163914898741818,-0.09511659495412891,0.4602703905566645,0.24586460862383405,0.23282502855009052,0.14793665005148338,-0.006462822035888785,0.0044831167733148216,3.2898816914316225e-05,0.005602297101614714,-0.0014546749092202824,-6.345023540669498e-06
-0.10917382170981786,-0.09277636716310578,0.4617241472048452,0.24588828963961593,0.2330714642597061,0.14797220172318973,-0.006406520208048323,0.004468998469710783,3.292592480046078e-05,0.005630170651928484,-0.0014118185754133854,-6.3738960204921605e-06
-0.10670829052625526,-0.09043381472989638,0.46317837134148665,0.24591049253636157,0.23331200468315486,0.1480039719794878,-0.006349997886002514,0.004455292002869242,3.294933037155019e-05,0.005652221762214529,-0.0013706337327938271,-6.401794140977999e-06
-0.10424256934797448,-0.08808899736630339,0.4646330253545591,0.2459312652721364,0.23354661761294768,0.14803198004813248,-0.0062933728040114574,0.0044419676013877545,3.2969270546135905e-05,0.005662499330002619,-0.001332426129510764,-6.42925337240177e-06
-0.10177667169107703,-0.08574197476019582,0.46608807163390725,0.24595064893293894,0.2337752971467371,0.14805623648665847,-0.0062366966780369485,0.004429013368370499,3.2985863687315775e-05,0.005667605239119869,-0.0012954082747270706,-6.456553668666084e-06
-0.09931061069474369,-0.08339280649681423,0.4675434725469194,0.24596867861605567,0.23399806296691136,0.14807672847794073,-0.006179901641002982,0.004416445690196201,3.299905465657986e-05,0.005679497870934393,-0.0012567517874600557,-6.483281861544048e-06
-0.09684439909921823,-0.08104155214932804,0.46899919040632415,0.24598539047391807,0.23421493220522835,0.14809343156319232,-0.006122876053482436,0.004404288838077283,3.300874436051963e-05,0.005702554480098417,-0.0012156681723796813,-6.509162657675145e-06
-0.09437804921106033,-0.07868827143794431,0.470455187489027,0.24600082717178748,0.23442589435434044,0.14810633649249008,-0.006065587397976816,0.004392546562517356,3.3014965218207775e-05,0.005728862815944802,-0.0011742095424237414,-6.533902332980149e-06
-0.09191157289623422,-0.07633302428417439,0.47191142608698433,0.2460150359297725,0.23463091594567945,0.14811546033472434,-0.006008121312072492,0.004381196429435654,3.301790241245521e-05,0.005746607303508697,-0.0011349943998358396,-6.558157170778131e-06
-0.08944498161057451,-0.07397587069697517,0.4733678684686809,0.24602806156721094,0.23482997064566796,0.14812082217379222,-0.005950592239277081,0.0043702118269669235,3.301775976111634e-05,0.005752907343547439,-0.0010984405256380158,-6.582311327316795e-06
-0.08697828643703605,-0.07161687060982568,0.47482447688303164,0.2460399421120046,0.23502306219315805,0.1481224248847553,-0.0058930215366237975,0.004359586902754445,3.3014615526982166e-05,0.0057570716393408345,-0.0010624719301923111,-6.60625307287713e-06
-0.0845114980942841,-0.0692560838440271,0.47628121355927305,0.2460507114422203,0.23521021482257326,0.14812025012141616,-0.005835316944721771,0.00434933809044032,3.300842446821567e-05,0.005770461887668161,-0.0010248599793578526,-6.6291319114279964e-06
-0.08204462691318803,-0.06689357023476689,0.47773804072773224,0.24606040580786268,0.2353914418481702,0.14811427873955382,-0.005777374715830468,0.004339481673688673,3.299914607595875e-05,0.005794226921653435,-0.0009856196735677407,-6.650759106068074e-06
-0.07957768281230788,-0.06452938978158052,0.4791949205688851,0.24606906719039537,0.23556672628452277,0.14810450525279695,-0.005719194254318445,0.0043300119872390404,3.2986863068449464e-05,0.005818051477199866,-0.000946945939661511,-6.671684112921637e-06
-0.07711067530349862,-0.06216360265809256,0.48065181530425627,0.2460767398677646,0.23573603415932684,0.1480909538636141,-0.005660882708758013,0.0043209038592907055,3.297176295009705e-05,0.005831161089165588,-0.0009107894588833928,-6.692505154693833e-06
-0.07464361352572542,-0.059796269066215574,0.4821086871129274,0.246083464359083,0.2358993469237501,0.14807364000649614,-0.005602541860801545,0.004312134969490897,3.2954016415915044e-05,0.005834092457603473,-0.0008768650804187961,-6.7129690824031456e-06
-0.07217650627545133,-0.057427449089036714,0.4835654981755111,0.24608927505450034,0.23605667751471188,0.14805256198692965,-0.005544160056829505,0.004303703789796349,3.2933675360290314e-05,0.005838189161598965,-0.0008430935386652667,-6.733023115835133e-06
-0.06970936200808059,-0.05505720270052971,0.48502221066716344,0.24609420389876357,0.23620805242651546,0.14802769805740806,-0.005485627500580935,0.004295624418285269,3.2910711912508716e-05,0.0058532655000085665,-0.0008079122012511663,-6.751953616912318e-06
-0.06724218881650829,-0.052685589918162745,0.48647878673985145,0.246098285933794,0.23635347952775293,0.14799902836788698,-0.005426857109340237,0.0042879046278738705,3.2885134210227134e-05,0.005877050103075427,-0.0007719535947572669,-6.769792405730691e-06
-0.06477499441754077,-0.05031267093163722,0.48793518855102114,0.24610156060390867,0.23649293607322214,0.14796655906207715,-0.005367881496750919,0.004280531581048082,3.285705643072224e-05,0.005897573289737515,-0.0007372787890962306,-6.787197627965102e-06
-0.062307786167081484,-0.047938506066126596,0.4893913782656507,0.24610406772609586,0.2366263899242624,0.1479303142956328,-0.005308821622314554,0.004273479687572816,3.2826653651859893e-05,0.005906000448599199,-0.0007051630697720662,-6.80473753410907e-06
-0.059840571093731164,-0.04556315561445544,0.4908473180702282,0.2461058426187993,0.23675383169639266,0.14789031210904868,-0.005249758101735401,0.004266731058513725,3.279406286568471e-05,0.005906365976199371,-0.0006748362963251655,-6.821783839387493e-06
-0.05737335592228301,-0.043186679718497004,0.4923029701417852,0.24610691550261302,0.23687528242012534,0.1478465424601169,-0.005190646245190233,0.0042602865160408405,3.275932067450972e-05,0.0059112004685569165,-0.0006444273308593741,-6.838306390792887e-06
-0.05490614707072801,-0.040809138425859995,0.49375829664508497,0.24610731556042892,0.2369907684209618,0.14779897962030367,-0.00513136712741159,0.00425415599158937,3.272242187793264e-05,0.005927927488186797,-0.0006130252375703708,-6.853750804554572e-06
-0.052438950633506815,-0.03843059185711366,0.4952132597714925,0.24610707510837415,0.23710029095860014,0.14774761248941928,-0.005071857987079147,0.0042483394903829,3.2683413798984856e-05,0.005950930618251322,-0.0005816226516339485,-6.868062574334946e-06
-0.04997177240379007,-0.03605110033911971,0.49666780877829886,0.24610623286709898,0.23720382629018674,0.14769115776920375,-0.005012178953074153,0.004242815839249444,3.2642445138470237e-05,0.005967920795781419,-0.0005523374363082279,-6.881800360720733e-06
-0.04750461784025717,-0.03367072424280758,0.498121909113913,0.24610481882324287,0.2373013422970036,0.1476312601006474,-0.0049524570401133835,0.004237561760193534,3.2599668219778404e-05,0.00597220943601891,-0.0005253800720687911,-6.895338757866759e-06
-0.045037492129748447,-0.031289523852693533,0.499575526124685,0.24610286215893684,0.237392839133794,0.14756791995063348,-0.004892745817187322,0.004232563943996512,3.2555180994159705e-05,0.005971141134943626,-0.0004997536655797241,-6.908844548419017e-06
-0.04257040023101,-0.028907559322595734,0.501028611335102,0.24610039175574305,0.23747834748339913,0.14749973741061934,-0.004832966926670642,0.00422782081200451,3.250902861899252e-05,0.00597790857673254,-0.0004742851483457086,-6.921649530138146e-06
-0.04010334681510839,-0.026524890699939102,0.5024811316451673,0.24609742890761988,0.23755788700617037,0.14742822504794312,-0.004773003370975988,0.004223338889102626,3.246121551117015e-05,0.005996375775012495,-0.0004481641565300481,-6.9338655874908094e-06
-0.03763633631000933,-0.024141578169913375,0.5039330404789352,0.24609400494145547,0.2376314548929264,0.1473520256852504,-0.0047128194808703444,0.004219109200456501,3.2411818470217414e-05,0.006018409863916781,-0.00042294067914468066,-6.945700869127902e-06
-0.035169372852350146,-0.021757682040145204,0.5053843061910792,0.24609014544567084,0.23769901714246874,0.1472726513171299,-0.004652509743359741,0.004215113050689621,3.2360957162108194e-05,0.00603099520160372,-0.00039958677928392564,-6.957285897317459e-06
-0.03270246031962518,-0.019373262625955845,0.5068349075849908,0.2460858745556508,0.2377605500440689,0.1471911719359992,-0.0045921932980243566,0.004211332733762081,3.2308742182431245e-05,0.006031666534636642,-0.0003780035190968257,-6.968784993239831e-06
-0.030235602407584678,-0.01698838015361778,0.5082848062600865,0.2460812194170201,0.23781606713775122,0.1471058700134988,-0.0045318889869883534,0.0042077566590213045,3.2255254152158766e-05,0.006030453621387541,-0.0003575793517864902,-6.980114330455812e-06
-0.027768802632611292,-0.014603094709951874,0.5097339519080413,0.24607620339735864,0.2378656018378405,0.14701553132052725,-0.004471495855089459,0.004204382016057912,3.2200537956523725e-05,0.006039336205668644,-0.00033743624585535424,-6.990671060448458e-06
-0.025302064274644452,-0.012217466309486983,0.5111823108068371,0.2460708429792969,0.23790916925976868,0.14692178984919196,-0.004410904026279496,0.004201210141732097,3.214461712648617e-05,0.006059206385165443,-0.0003171594693318345,-7.00066664579059e-06
-0.022835390383346494,-0.009831555069760651,0.512629860020954,0.2460651576797597,0.23794675357486972,0.14682572394085736,-0.004350114598111644,0.004198234271044125,3.208755358162221e-05,0.0060789667836903686,-0.00029755921732220605,-7.009828174686551e-06
-0.020368783837643557,-0.007445421280942595,0.5140765601574213,0.2460591747033235,0.23797832817802916,0.14672570942030852,-0.004289236084655134,0.004195432645686138,3.202946578939707e-05,0.0060878757259387175,-0.00028013483033154915,-7.0188813092639004e-06
-0.017902247315305587,-0.005059125194190391,0.5155223845022574,0.24605291131657886,0.23800387478990423,0.14662303732904491,-0.004228378079263402,0.004192788565282922,3.197044849271499e-05,0.006085825293486061,-0.0002643805085745707,-7.0276836742605545e-06
-0.015435783367394516,-0.00267272692327775,0.5169672912482195,0.24604638805829862,0.23802341477137773,0.14651619407733077,-0.004167528175893378,0.004190291678001724,3.191056523851618e-05,0.006085015439112786,-0.00024966138971543346,-7.0363985522133895e-06
-0.012969394373932765,-0.00028628639670880964,0.5184112517510173,0.24603961625947102,0.2380369765901053,0.14640647144964233,-0.004106576332249341,0.004187943868469392,3.184982731294342e-05,0.006095209810048708,-0.00023475381687840724,-7.0449855915829605e-06
-0.010503082591225725,0.0021001364338584963,0.5198542228830801,0.24603261517640482,0.2380445768909117,0.1462923987077876,-0.004045429151899742,0.004185739715500976,3.1788281365179156e-05,0.006114743805104295,-0.00022038838012373773,-7.052900577444297e-06
-0.008036850099772522,0.004486481510817172,0.5212961752044202,0.24602539844628898,0.2380461936967728,0.14617535099408963,-0.003984121293929618,0.004183667161252471,3.172599820993905e-05,0.006130811862509994,-0.00020722874963451159,-7.060292507478908e-06
-0.00557069887036215,0.00687268865732728,0.5227370652212089,0.24601798634932184,0.2380418021538042,0.14605394739133573,-0.003922774919696676,0.004181702889794399,3.166308636273723e-05,0.006134663739185587,-0.00019640073925810574,-7.067643032379117e-06
-0.003104630738130672,0.009258697796918224,0.5241768631105296,0.24601038901873334,0.23803139340684462,0.14592957321517466,-0.0038614777055493424,0.004179831359842589,3.159962176357397e-05,0.006129747949646292,-0.00018712687676798983,-7.074777643704772e-06
-0.0006386474739264033,0.011644449032791097,0.5256155250619063,0.24600262015961388,0.23801499687641944,0.1458008176518895,-0.0038001838972218428,0.004178042871150484,3.153565167513063e-05,0.006129407567288874,-0.00017882305138410914,-7.08204413337815e-06
0.001827249260014319,0.014029882636662092,0.5270530208683625,0.2459946849897915,0.23799264083511987,0.1456690138988168,-0.0037387746211861943,0.00417633723287523,3.147119174590337e-05,0.006140954531554131,-0.00017053831807192684,-7.088826180987137e-06
0.004293057861303675,0.016414938836211118,0.5284893064731812,0.2459865966365268,0.23796433528477012,0.14553275963077644,-0.0036771817194837845,0.004174705223218644,3.140629191683537e-05,0.0061593172711708255,-0.00016317577935395856,-7.095025949957489e-06
0.0067587768331024735,0.018799557754531356,0.5299243514029249,0.24597836219280406,0.23793005423276237,0.14539342648334658,-0.0036154721087850806,0.0041731317319997395,3.134102201160841e-05,0.006170988314875848,-0.0001573242766518135,-7.1006353475088566e-06
0.009224404715522501,0.02118367945401013,0.531358111519111,0.24596999449203275,0.2378897774858456,0.1452496733556074,-0.003553772213422271,0.004171593158935719,3.127547166239963e-05,0.0061700168881405,-0.00015383282091165255,-7.106454882274124e-06
0.011689940110318599,0.023567244153339287,0.5327905562414609,0.24596149608178247,0.23784350659496042,0.14510286775424502,-0.0034921408073628722,0.0041700754385010814,3.120969585559301e-05,0.006163168041810287,-0.00015174792941738852,-7.112167857878967e-06
0.014155381613362265,0.025950192278223334,0.5342216414381311,0.2459528733056561,0.23779127742929684,0.14495163538472697,-0.003430501603943759,0.004168569701004649,3.1143729206488835e-05,0.006163947847409402,-0.00015055001479157676,-7.117751134006045e-06
0.016620727859317928,0.02833246439559073,0.5356513364673735,0.24594412466807244,0.23773311595283173,0.14479729770736438,-0.0033687357419550533,0.004167074164731506,3.107758595489103e-05,0.00617661376808389,-0.00014953027721570638,-7.122653818226504e-06
0.019085977472512894,0.030714001009804617,0.537079597275595,0.24593525647299927,0.23766902520037617,0.14463850265012596,-0.003306805287635421,0.004165576675081421,3.101131172109351e-05,0.006193073045865257,-0.000149726010340876,-7.127155698161689e-06
0.021551129107509552,0.033094742532845105,0.538506393209459,0.24592626862068923,0.23759897707423194,0.14447660950842872,-0.003244804445132135,0.004164060098399895,3.094496634770914e-05,0.006200111883878,-0.00015163512129229932,-7.131244243469918e-06
0.024016181422960095,0.03547462940666432,0.5399317037067147,0.24591715951136234,0.23752295336241377,0.14431265336270652,-0.0031828537116831927,0.004162509102280076,3.087859889878002e-05,0.006195100977452723,-0.00015507748192714196,-7.1351158900968755e-06
0.026481133010751366,0.03785360223794992,0.5413554904377326,0.24590793196961563,0.23744097207337864,0.1441448609940628,-0.003120978410488114,0.0041609088884162985,3.0812248699784815e-05,0.006187557734424301,-0.00015999967877270978,-7.13930262932106e-06
0.02894598239360888,0.04023160185457449,0.5427777044208207,0.24589858480647023,0.23735307250391044,0.14397214198739924,-0.00305907715863158,0.004159250168758649,3.0745937937903375e-05,0.006190152773354769,-0.00016585068394992707,-7.143535321954346e-06
0.031410728067399245,0.042608569191571674,0.5441983116677584,0.2458891095791676,0.23725927571334038,0.14379596988463206,-0.002997040319011519,0.004157529278802376,3.067967885493092e-05,0.006203711517025416,-0.00017206814332145198,-7.1469154265658265e-06
0.033875368450423805,0.0449844451079346,0.545617266211835,0.2458795056264072,0.237159577601673,0.1436151430809263,-0.0029348630346774612,0.0041557311508520324,3.061351540390314e-05,0.0062177559370296355,-0.00017979238066544016,-7.149574126861618e-06
0.03633990191853726,0.047359170392128856,0.5470345360408384,0.24586976558360213,0.23705394968455076,0.14343108066691593,-0.0028726602461289284,0.004153836676267767,3.054749413033787e-05,0.006220306287192661,-0.0001894274890124769,-7.152152032177961e-06
0.03880432673352617,0.049732685897891545,0.5484500766071778,0.24585988644898393,0.2369423863093606,0.14324254955540783,-0.002810537285324099,0.004151823034336771,3.048166768576278e-05,0.0062123234190016,-0.0002013446751705109,-7.15475659530141e-06
0.04126864104174181,0.05210493270720029,0.549863843950363,0.2458498582500285,0.23682491133353625,0.14304960299277958,-0.0027484802845652383,0.004149676910694381,3.0416060216209018e-05,0.006205727309819863,-0.00021459329985771728,-7.157181283086794e-06
0.043732842888210575,0.05447585212666366,0.5512758090591277,0.24583966471838656,0.2367015586600867,0.14285370978734974,-0.0026863755556249154,0.004147397156244133,3.035066289215474e-05,0.0062105000262726515,-0.00022795683232587955,-7.159158064524854e-06
0.04619693016560037,0.056845385512445806,0.5526859295410699,0.2458292970195924,0.236572349886914,0.14265350854805434,-0.0026241270326025005,0.0041449771233585736,3.028548310514913e-05,0.006224879328933489,-0.0002419851288664581,-7.160478492472513e-06
0.04866090063636345,0.059213474137836786,0.5540941629453715,0.2458187442592572,0.23643727159277664,0.14244899777626502,-0.0025617646601789174,0.004142401277348864,3.0220551510541526e-05,0.006236264149936414,-0.0002575668989319322,-7.1609840650378664e-06
0.051124751921040115,0.061580059227902564,0.555500468367765,0.24580799473238923,0.23629630005250593,0.14224035690660225,-0.0024994125141228852,0.004139646762711117,3.015590732282777e-05,0.006235241376861049,-0.0002754342233044173,-7.161396236838417e-06
0.05358848147183683,0.06394508213162256,0.5569048062912976,0.2457970336961801,0.2361494346447393,0.1420277406837785,-0.0024371544660536392,0.0041366938271056395,3.0091577925096417e-05,0.006225831429460578,-0.00029527678299708045,-7.161732580615472e-06
0.056052086549133365,0.06630848444534769,0.5583071382452214,0.2457858426033381,0.23599670578859264,0.14181124164424655,-0.002374943887255877,0.0041335338400099635,3.0027561059149927e-05,0.006221084353410147,-0.0003159823924254615,-7.161921038101673e-06
0.05851556421344197,0.06867020795391937,0.5597074265940685,0.2457744010685789,0.23583814921368257,0.14159091457042292,-0.0023126553147598747,0.004130166007863802,2.9963833080312614e-05,0.0062288835829836,-0.0003367673533181514,-7.162077625845222e-06
0.060978911329040236,0.07103019445489323,0.5611056343848276,0.24576268966757722,0.23567377501093814,0.14136681140882898,-0.0022502199000983204,0.0041265857319065374,2.990038520384537e-05,0.0062435676617775705,-0.0003580121890412816,-7.161533982423856e-06
0.06344212456281619,0.07338838565417581,0.5625017250038847,0.24575069064826818,0.23550356424168736,0.14113897801734446,-0.002187700729890104,0.004122776689393322,2.9837232271916902e-05,0.006251943071355331,-0.000380889300508852,-7.160434651861744e-06
0.06590520036732654,0.07574472324661774,0.5638956622271716,0.24573838543874194,0.23532749686927532,0.14090747903160575,-0.0021252262640859046,0.004118716062846275,2.9774394098345815e-05,0.006247472476396281,-0.0004060481600429062,-7.1594080122320805e-06
0.06836813495355101,0.07809914909653239,0.565287410142071,0.24572575185166665,0.23514558134075517,0.14067235558839825,-0.0020628518267422364,0.004114387425510872,2.971187718918839e-05,0.006237469471725516,-0.0004328496935336776,-7.158057138960302e-06
0.07083092427167131,0.08045160532207632,0.5666769331252357,0.2457127639015077,0.23495785307082176,0.14043361894198297,-0.002000501268620779,0.004109787629135942,2.964965693420657e-05,0.0062350813996071095,-0.000459966047358684,-7.156489254567288e-06
0.07329356401037276,0.08280203419402109,0.5680641958472696,0.24569939462952217,0.23476434399758625,0.14019127117102925,-0.0019380505639089267,0.00410491989716744,2.958769740480616e-05,0.0062450959221140015,-0.0004867600517941593,-7.154478779329602e-06
0.0757560496059088,0.08515037795985998,0.5694491631770673,0.24568561911630646,0.23456505629435434,0.13994532317623234,-0.001875461992842267,0.004099779627963837,2.952598316579056e-05,0.006258882425977554,-0.0005140142188893522,-7.151484219923685e-06
0.07821837624130716,0.08749657878208153,0.5708318002095496,0.24567141427394687,0.23435996793743105,0.13969581543042725,-0.0018128265801288707,0.004094348384470444,2.9464520777454873e-05,0.006263566454850865,-0.0005431120916103901,-7.147775898779626e-06
0.08068053882579741,0.08984057885946697,0.5722120722992085,0.24565675552938418,0.2341490646848393,0.13944279808355062,-0.0017502671751186004,0.004088603355813574,2.9403317614661798e-05,0.006255965544123872,-0.0005744910507265501,-7.143758587872703e-06
0.08314253196646658,0.09218232060177332,0.5735899449179007,0.24564161400960352,0.23393236385662033,0.1391862861931747,-0.0016878064919034687,0.004082532470047468,2.9342355197686034e-05,0.006246093230085437,-0.0006070772003373923,-7.139788925353025e-06
0.08560434995432424,0.09452174666872576,0.5749653837491905,0.24562595726509376,0.23370990373010014,0.138926279310408,-0.001625344549878386,0.004076138960321835,2.9281589056631868e-05,0.006246218993019285,-0.0006393400293286952,-7.135687896801454e-06
0.08806598677173831,0.09685879983393236,0.5763383545619858,0.24560975316685857,0.23348171077312158,0.13866276208902106,-0.0015627678216536673,0.004069429466613639,2.922097513530533e-05,0.006257697511187793,-0.0006709388565889179,-7.130864705325634e-06
0.09052743610628185,0.09919342282155082,0.5777088232553526,0.24559297270607525,0.23324777982490186,0.13839574620466114,-0.0015000723866525213,0.004062397960888723,2.916049158564444e-05,0.006269568094190655,-0.0007031404858161329,-7.125116384720457e-06
0.09298869134752497,0.10152555829148256,0.5790767558735279,0.2455755886445629,0.23300808821609345,0.13812526811935086,-0.0014373703317981331,0.0040550231302092345,2.9100132841621813e-05,0.006270229985292992,-0.0007374734079452153,-7.118974925475049e-06
0.09544974556157437,0.10385514899219674,0.580442118594348,0.24555757127579533,0.23276262923317162,0.13785136194136544,-0.0013747697676029533,0.004047282924285557,2.9039890965038808e-05,0.0062600808264003304,-0.0007740113572613131,-7.112459087112102e-06
0.09791059146277348,0.10618213791659015,0.5818048776623801,0.2455388858673419,0.23251142835163133,0.13757403107027533,-0.001312259086657349,0.004039171222617705,2.8979728224506516e-05,0.006251092421691901,-0.0008111613522098406,-7.106037945089377e-06
0.10037122142687455,0.10850646828335865,0.58316501038707,0.24551949202155154,0.2322545217365434,0.1372943596775782,-0.001249725175593893,0.004030700370402711,2.8919582240217108e-05,0.006253415376836048,-0.0008470768223215346,-7.0996537431864095e-06
0.1028316274724321,0.11082808339331361,0.5845224824567957,0.24549935835871337,0.23199193022983475,0.13701116681651315,-0.0011870819429971714,0.004021870897997349,2.885979872990892e-05,0.0062643473322045624,-0.0008829393016212985,-7.0540839339126195e-06
0.10529180127845017,0.11314692650148826,0.5858772571148904,0.24547845246660044,0.23172364525962738,0.1367242133120997,-0.0011243554060742017,0.004012675649818889,2.8800222474804562e-05,0.006272677627699099,-0.0009195173189249124,-7.020285228881601e-06
0.10775173418946227,0.11546294083786512,0.5872292988136871,0.24545674315930852,0.23144964681970923,0.13643364360503152,-0.001061667422705215,0.004003091369192304,2.8740753564723116e-05,0.006268822173334172,-0.0009584209906656537,-6.994412300378168e-06
0.1102114171654879,0.11777606978856135,0.5885785620175172,0.24543419835812383,0.23116993966890095,0.13613847381571856,-0.0009991004584078314,0.0039930972691895475,2.8681312954290567e-05,0.006256720196632819,-0.0009994033456259231,-6.9737862163714324e-06
0.11267084078022813,0.1200862570072209,0.5899250053928821,0.24541077709584172,0.23088455623011472,0.13583911377168104,-0.0009366044036987308,0.003982694549705039,2.862181524978519e-05,0.006249629199947332,-0.001040265703284558,-6.956549933961635e-06
0.1151299952214646,0.12239344635246668,0.5912685904519372,0.2453864368926402,0.23059353336971097,0.13553582357833194,-0.0008740514104283245,0.003971899929989315,2.856217873228784e-05,0.006255323048233417,-0.0010794561307204422,-6.940869054143597e-06
0.11758887031504303,0.12469758170986314,0.5926092804733312,0.2453611391900384,0.23029688209430582,0.13522876734596262,-0.0008113732233738868,0.00396072219955368,2.8502335148550703e-05,0.006267842443260377,-0.0011177676041707564,-6.926270180346428e-06
0.12004745554031455,0.12699860688911005,0.5939470399945412,0.24533485029098154,0.22999458513526996,0.13491808352313878,-0.0007486349329688818,0.003949147118641315,2.8442235875394764e-05,0.006273852811366201,-0.00115750305197046,-6.912739428904161e-06
0.12250574001358183,0.1292964657078945,0.595281834470744,0.2453075366933204,0.22968662514039245,0.13460388789262315,-0.000685965548669527,0.003937147544466009,2.8381834491177617e-05,0.006266962249080564,-0.0011999527768746566,-6.9008195848903815e-06
0.1249637124703077,0.1315911021586694,0.5966136406790977,0.24527915712986867,0.22937301084577993,0.13428732304940924,-0.0006234205445312082,0.003924710230062615,2.8321075385376956e-05,0.006254524299781722,-0.0012437271965921558,-6.8901246060572925e-06
0.12742136122063144,0.13388246051033387,0.5979424323053504,0.2452496681697982,0.22905377984497322,0.13396806641296918,-0.0005609245692811245,0.00391184721310903,2.825988983540813e-05,0.006249621501184969,-0.0012862978472592285,-6.880219478220864e-06
0.12987867416799614,0.13617048520751807,0.5992681811333956,0.24521902622248953,0.22872896598303555,0.13364590607860097,-0.0004983532187965222,0.0038985821465278604,2.819821060096761e-05,0.006257159137505685,-0.0013265032059844124,-6.870445036431999e-06
0.1323356388452163,0.13845512069410726,0.6005908577258837,0.24518719315094464,0.22839857393844987,0.13332071383585825,-0.00043566669632255585,0.003884922951097443,2.8135986827029825e-05,0.006268676465341386,-0.001365916488891578,-6.860227602213014e-06
0.13479224243007104,0.14073631134854825,0.6019104319896053,0.2451541357472187,0.2280625847703942,0.13299244068345872,-0.00037295337322819133,0.0038708505329449875,2.8073176865693234e-05,0.006271356668422539,-0.0014072391614914454,-6.8499103688235386e-06
0.13724847172188057,0.1430140016012881,0.6032268734470095,0.2451198194516844,0.227720986937886,0.1326610701804772,-0.0003103350469262768,0.003856337271551708,2.8009736936498718e-05,0.006261857142788937,-0.0014513238879925504,-6.839782366064722e-06
0.1397043131208135,0.145288136091162,0.6045401615933264,0.24508420078456666,0.22737379749925188,0.13232760421238696,-0.0002478347854620914,0.003841376905045341,2.7945612297864515e-05,0.0062500508290491575,-0.0014960348035246323,-6.8299373789633715e-06
0.14215975257765268,0.14755865974349303,0.6058502623095465,0.2450472367434485,0.22702105806728187,0.13199066499108902,-0.0001853542450692057,0.0038259902097229725,2.7880742152293858e-05,0.006248078910421333,-0.001538668091884576,-6.820234117124272e-06
0.14461477564715644,0.14982551761340065,0.6071571424229917,0.245008883261589,0.2266627959714708,0.1316503288870443,-0.00012277959741143168,0.003810203964893764,2.7815077585587806e-05,0.0062574898391274,-0.0015786234533242077,-6.809622546728411e-06
0.14706936752716088,0.15208865472283464,0.6084607694676587,0.24496910346329515,0.2262990080256785,0.13130666687440262,-6.010430945758296e-05,0.0037940209089760784,2.7748575507117998e-05,0.006267554082214924,-0.0016183049777291764,-6.798140779253343e-06
0.14952351306502476,0.15434801604309448,0.6097611113505641,0.2449278649356875,0.22592967416450166,0.13095973579456552,2.562560862724148e-06,0.0037774155912194585,2.7681194339470387e-05,0.006266712542630957,-0.0016605315819679225,-6.785843432368478e-06
0.1519771967237079,0.1566035466435886,0.6110581362475275,0.2448851320219643,0.22555478957932998,0.13060958124264196,6.511364611665447e-05,0.0037603614131710736,2.7612884286242544e-05,0.006255134272669005,-0.0017054180358841095,-6.7732487027509875e-06
0.15443040254356097,0.15885519184676525,0.6123518125099091,0.24484086151771156,0.22517438039517104,0.13025621988566993,0.00012755891075749422,0.003742860323028855,2.7543593967961313e-05,0.006244552461083338,-0.0017501096745109863,-6.760384048929573e-06
0.15688311415930556,0.16110289719819976,0.6136421188329803,0.24479500442669952,0.22478848304527685,0.12990066951430987,0.0001900092682303302,0.0037249427289175125,2.7473275458294476e-05,0.006245062005491345,-0.0017917605060067223,-6.7472989770558895e-06
0.15933531480298005,0.16334660836560452,0.6149290203602904,0.2447475213456263,0.22439712158104516,0.1295415610026003,0.00025256189940969705,0.003706636500316262,2.7401894829824117e-05,0.006255289643455115,-0.0018306243957906382,-6.732922952915898e-06
0.16178698736879632,0.16558627096535183,0.6162124833522413,0.24469837802375904,0.22400028678774989,0.12917901197738418,0.0003151908966398008,0.0036879374324555667,2.732941609423082e-05,0.0062629265224649015,-0.0018699087691830686,-6.717001336038196e-06
0.16423811440928338,0.16782183059118258,0.6174924749097418,0.24464754334763353,0.2235979601053564,0.12881312718791174,0.0003777750937833499,0.0036688147078999317,2.7255788459340327e-05,0.0062584467993496255,-0.0019122748928284865,-6.7001433651922715e-06
0.1666886780921558,0.17005323298286346,0.6187689626793353,0.2445949808577395,0.22319014467823128,0.12844397569001292,0.0004402295431983246,0.003649246020281103,2.718095329426761e-05,0.006245472325879877,-0.001956871659978398,-6.6831019501721765e-06
0.16913866016651438,0.1722804241512307,0.6200419147380721,0.24454064612561446,0.22277687262453436,0.12807159523421374,0.0005025968444637803,0.003629244941554344,2.7104869401133673e-05,0.006236757817302507,-0.002000111238143919,-6.665460883126245e-06
0.17158804197843183,0.17450335032573963,0.6213112994633551,0.2444844931023796,0.22235818108481067,0.12769599885521665,0.000565000462364136,0.003608850429289236,2.7027516162391787e-05,0.006240389786504824,-0.002039455066090143,-6.646615852350055e-06
0.17403680452449682,0.1767219577822434,0.6225770855032164,0.244426482846248,0.22193408316786933,0.12731720515930478,0.0006275117892271256,0.003588088173185957,2.694887475925078e-05,0.006251160987141779,-0.002076229931357333,-6.626125838198363e-06
0.17648492850426428,0.17893619270995265,0.6238392517463999,0.24436658305187453,0.22150456271523122,0.12693624932305206,0.000690071837489073,0.003566945139051576,2.68688997101485e-05,0.006256033439380477,-0.002114308224396485,-6.604566320931025e-06
0.17893239428316,0.18114600132163508,0.6250977737881831,0.2443047652176567,0.2210696057755334,0.1265528221022847,0.000752557304505826,0.0035453873279990286,2.6787527431179e-05,0.006248575640983943,-0.0021557864150344263,-6.582178142512875e-06
0.18137918183158128,0.1833513300493687,0.6263526150118833,0.2442409953782619,0.2206292256183647,0.12616571242385669,0.0008149103911069848,0.0035234000019067203,2.6704699606754812e-05,0.0062353379366875085,-0.002198738426568988,-6.5595071765839575e-06
0.18382527072079036,0.18555212559678694,0.6276037407174174,0.24417522889905832,0.22018345802342928,0.1257751035376183,0.0008772025754949455,0.003501009563930296,2.662039350823757e-05,0.0062292480507777645,-0.0022390501301827017,-6.536197544414559e-06
0.18627064015525227,0.18774833484582756,0.6288511175899125,0.2441074222935692,0.219732335738153,0.12538111898656754,0.000939556423962932,0.0034782609244350445,2.653461313266668e-05,0.006235414782980368,-0.0022748708042381375,-6.511542299705182e-06
0.18871526903384878,0.1899399046848232,0.6300947132433421,0.24403754153526153,0.21927586403712407,0.12498384854501196,0.0010020138751502907,0.0034551741457175154,2.6447348585320456e-05,0.006245775372859331,-0.0023086852565651402,-6.485168347522273e-06
0.19115913597885997,0.19212678194222185,0.6313344959356473,0.24396556083257262,0.21881402570329944,0.12458337113361795,0.0010644901284974303,0.0034317274966700452,2.6358544923861145e-05,0.0062476559157890795,-0.002344672830005836,-6.457679485097996e-06
0.19360221931890623,0.19430891347127277,0.6325704442903167,0.24389145099334078,0.21834680902364392,0.12418074182638922,0.0011268664652872614,0.003407885925835497,2.626812387899971e-05,0.006237664603195697,-0.00238416556080114,-6.429777538198095e-06
0.19604449700634052,0.19648624638576315,0.6338025240830837,0.2438151785932672,0.21787423491694244,0.12377468172029796,0.0011891160120138934,0.0033836455987978297,2.61760384230942e-05,0.00622498594467712,-0.002424041743165266,-6.401478321471566e-06
0.19848594662543873,0.1986587280645454,0.6350307022982026,0.24373670088068325,0.21739634122715362,0.12336530151612882,0.0012513333870038462,0.0033590455383562946,2.60822948377902e-05,0.006221769105145248,-0.0024600156528125916,-6.372538889721594e-06
0.20092654544234673,0.20082630602413207,0.6362549467965627,0.2436559792472004,0.21691315516300508,0.12295267696051423,0.0013136317012343273,0.0033341331540887075,2.598692538275022e-05,0.006229863341243729,-0.002491248610244171,-6.3419153397387e-06
0.20336627047011674,0.20298892775741642,0.637475226045591,0.24357298615148715,0.21642467490073047,0.12253687074291322,0.001376020396251442,0.003308919986076446,2.588991818081032e-05,0.006238901724875754,-0.0025213275683194027,-6.309926424434634e-06
0.20580509848555745,0.20514654071182686,0.6386915090457477,0.24348770086303348,0.2159308823464069,0.12211795298652112,0.001438393673994933,0.003283375958060449,2.5791204758074893e-05,0.0062373603137172015,-0.002554414164768881,-6.27670647288973e-06
0.20824300598608664,0.2072990924333087,0.6399037652261184,0.2434000985289588,0.2154317737655785,0.12169598310826887,0.0015006439740723552,0.0032574692699148607,2.569070233583127e-05,0.006225062878233294,-0.0025906807876390435,-6.2431424098162e-06
0.21067996912830617,0.20944653075630168,0.6411119545620234,0.2433101460198144,0.21492737740836831,0.1212700172098484,0.001562781976062661,0.0032312116089237737,2.558839596832985e-05,0.006213833392640336,-0.002625778690624389,-6.208652479261593e-06
0.21311596375332323,0.21158880375329772,0.642316040423782,0.24321780368441612,0.2144177309720637,0.12084038359875715,0.0016249230780817825,0.0032046547892427874,2.5484338616504376e-05,0.006214143688814725,-0.002655695181449783,-6.1729044691176866e-06
0.21555096545312455,0.21372585957924778,0.643515988490047,0.24312303962107407,0.21390285395674105,0.12040730502974072,0.0016871632221514175,0.003177845224236588,2.537858214601373e-05,0.006224048158449231,-0.002680970339475469,-6.135801080221512e-06
0.21798494963361537,0.21585764633362095,0.6447117660940758,0.24302583408509276,0.21338273711073455,0.11997095408201197,0.0017494755293804424,0.003150783070728778,2.5271102059822164e-05,0.006231264734937653,-0.0027062298254559407,-6.097798962373408e-06
0.22041789151402855,0.21798411209107213,0.6459033416990713,0.24292617187907023,0.21285736288257634,0.11953146204186585,0.0018117380966157376,0.0031234314292556808,2.5161805949724946e-05,0.0062262910128467195,-0.0027351792740386775,-6.059290563649656e-06
0.22284976608287374,0.22010520503550982,0.647090694051673,0.24282402925290458,0.21232673319637846,0.11908987049795482,0.0018738635365235497,0.0030957639493086157,2.505061068998771e-05,0.006212578569975987,-0.002766763789359726,-6.020890758180749e-06
0.22528054803091385,0.2222208736700913,0.6482737899107662,0.24271937646026132,0.21179088250853662,0.11864497881380884,0.0019358945500673624,0.003067806462823616,2.4937535704601798e-05,0.006203136203596184,-0.002795765117052772,-5.981864541308777e-06
0.22771021179522702,0.22433106671402323,0.6494525976258495,0.24261217999241286,0.21124984681351497,0.11819693538643294,0.001997954359300626,0.003039618205799415,2.4822675738025692e-05,0.006206016000193349,-0.0028188428432084143,-5.941507256008911e-06
0.23013873163723603,0.22643573293258001,0.6506270866112872,0.2425024167176435,0.21070363868899364,0.11774584257680726,0.00206011412334065,0.0030112388999813215,2.470609621043671e-05,0.0062160116762531165,-0.0028379483957817185,-5.899621037145996e-06
0.23256608169703716,0.22853482103101114,0.651797227103091,0.24239007518079403,0.21015224475421548,0.11729179324283082,0.002122315437218587,0.0029826563151433313,2.4587751969220812e-05,0.006220166856895199,-0.002858276983733428,-5.8571170711714395e-06
0.23499223597525182,0.23062827972890212,0.6529629900135698,0.2422751454455531,0.20959565120779944,0.1168348729761138,0.002184431842728641,0.0029538299142474137,2.446753129109094e-05,0.006211676237370361,-0.00288265929562704,-5.8145905983386965e-06
0.23741716827215523,0.2327160579376357,0.6541243467775495,0.2421576084083891,0.2090338700975497,0.11637514386097718,0.0022464046769472244,0.0029247454206585664,2.434537516712689e-05,0.006197319328989046,-0.0029084692855925643,-5.7721031080716344e-06
0.23984085216017256,0.23479810484988212,0.6552812690876254,0.24203743607777864,0.20846693747243616,0.11591262731717626,0.002308304603586513,0.002895441963082311,2.4221346019597968e-05,0.0061900287594983845,-0.0029303664060425917,-5.729399335578066e-06
0.24226326103164267,0.23687436984606602,0.6564337289100823,0.241914602657652,0.20789488583897103,0.11544734139998222,0.0023702536545047543,0.0028659816079445867,2.4095572606705363e-05,0.006194941325450468,-0.002946056876478136,-5.6856615880795114e-06
0.2446843681820855,0.23894480232223272,0.6575816983944012,0.24178909460288942,0.20731772097417528,0.11497930419589941,0.0024322931983304075,0.0028363935118219004,2.396811532891123e-05,0.006203990724966428,-0.0029588316893188957,-5.6407351619950105e-06
0.2471041468502416,0.24100935162350196,0.658725149903441,0.24166090853451702,0.2067354274063697,0.11450855024398424,0.0024943377213540664,0.002806653406353541,2.3838902245035205e-05,0.006204488762082678,-0.0029740333545571224,-5.595299006509707e-06
0.24952257018240337,0.24306796715727869,0.6598640559802685,0.24153003930513414,0.20614799699910646,0.11403511415075543,0.002556265374983455,0.002776720935899729,2.3707813769814448e-05,0.00619280196067192,-0.0029932706064838208,-5.549911281544282e-06
0.25193961117063424,0.24512059856581428,0.6609983893043903,0.24139647109700876,0.20555544978442072,0.11355901588563459,0.0026180484259374697,0.002746594737061576,2.3574824183880938e-05,0.006178341824493391,-0.003012644209503071,-5.504751749644057e-06
0.2543552426428971,0.2471671957716833,0.662128122712017,0.24126018114085104,0.20495782417396735,0.11308026511029803,0.0026797809091075337,0.002716326119153514,2.344005485858929e-05,0.006173285130629838,-0.003026886872189482,-5.458945758308923e-06
0.256769437328163,0.24920770885050808,0.6632532291409482,0.24112115223955033,0.20435514778804728,0.11259886461073605,0.0027415757407247303,0.002685975722264717,2.3303664932924273e-05,0.006179520004618655,-0.003035065510912221,-5.411886480745957e-06
0.25918216793839005,0.25124208786920127,0.6643736816152879,0.2409793805134321,0.2037474202372225,0.11211482631140011,0.0028034422257585513,0.0026555595805410562,2.3165695864831634e-05,0.006186685353643966,-0.003041640735776756,-5.363912766524136e-06
0.2615934071900686,0.2532702828635563,0.6654894533252439,0.24083486985602323,0.20313462598891868,0.11162818153485322,0.0028652740221263937,0.002625043474499537,2.3026044093233475e-05,0.00618321651098995,-0.0030516379302897453,-5.315726665280123e-06
0.2640031277535713,0.2552922439828244,0.666600517503591,0.24068761924274398,0.20251676387478262,0.1111389490547806,0.0029269623737933404,0.0025943915638481875,2.2884594096650984e-05,0.006168872083062558,-0.0030652191775901215,-5.267748958804497e-06
0.266411302196618,0.2573079216452777,0.667706847479072,0.24053761649313168,0.20189386108458984,0.11064714151394116,0.002988512140759612,0.0025636169788839785,2.2741372488680855e-05,0.006155013635443227,-0.0030774873979907895,-5.219750142779777e-06
0.2688179029943129,0.2593172665380745,0.6688084166750601,0.24038484524367038,0.2012659564446337,0.11015276149895285,0.003050033997571787,0.002532780170056534,2.259655516677673e-05,0.0061522225854481,-0.0030837105531207184,-5.1711586716483404e-06
0.2712229026076956,0.26132022946504857,0.6699051985758786,0.2402292977511216,0.20063307174730372,0.10965581003717136,0.0031116241380438375,0.0025019357653672265,2.2450310740221013e-05,0.006159050864069611,-0.0030844708878489534,-5.121708094847594e-06
0.27362627355785635,0.26331676120636116,0.6709971667432698,0.24007097955894324,0.19999520155618367,0.10915630121765485,0.0031732595623483735,0.00247108551521444,2.2302646841677393e-05,0.006163579149152526,-0.0030850561870829065,-5.071775539652174e-06
0.27602798842711834,0.26530681254166777,0.6720842948464684,0.23990990095950337,0.1993523323242546,0.10865426107622697,0.0032348207779397363,0.0024401885243621247,2.2153433049675803e-05,0.006156158202534805,-0.003089731036197198,-5.021754579373243e-06
0.2784280197980991,0.2672903344146598,0.6731665566448909,0.23974606463038392,0.19870447056964222,0.10814971057023903,0.003296219488731081,0.0024092172550723595,2.2002574912034575e-05,0.0061399076596439315,-0.0030971596801994826,-4.971976619706766e-06
0.28082634020775665,0.26926727806195916,0.6742439259199954,0.23957946266544206,0.19805164929321795,0.10764265209635006,0.003357492206534528,0.00237819944721887,2.185016103313321e-05,0.0061273082656643696,-0.0031018143275225816,-4.922101374387547e-06
0.2832229221779939,0.27123759496810435,0.6753163765161756,0.23941008622342724,0.19739390584274252,0.10713308485332385,0.0034187585758655333,0.002347200569955253,2.1696418465819478e-05,0.006126673259739583,-0.0030999220253304085,-4.871337357937152e-06
0.28561773830203907,0.2732012366986002,0.6763838823711826,0.23923793744793645,0.19673125567924643,0.10662101559534692,0.0034800917003609123,0.0023162652593326514,2.1541511669869546e-05,0.006133348571553968,-0.0030935660934261616,-4.819662678839614e-06
0.28801076130500536,0.2751581547904696,0.6774464175050345,0.23906303067120474,0.1960636897251741,0.10610646141712271,0.0035414379895242773,0.0022853812471152523,2.138540995327522e-05,0.006134664834474705,-0.0030884369938441163,-4.767405980313631e-06
0.29040196402500595,0.27710830081928667,0.6785039559956683,0.23888538164377698,0.19539119823159082,0.10558944313111582,0.003602673019945759,0.0022545047702374624,2.122796078194525e-05,0.006123538784095397,-0.003087684232401399,-4.715550658300605e-06
0.2927913193472064,0.2790516265725573,0.6795564719947267,0.238704996538309,0.19471379559945326,0.10506997717790632,0.0036637346851426,0.0022236195882215123,2.106910797926609e-05,0.006106202089681998,-0.0030885555330093135,-4.6639440659504375e-06
0.2951788001731385,0.28098808414271015,0.680603939699472,0.238521872472253,0.19403151895515855,0.1045480658887791,0.003724688141231119,0.002192766479112154,2.0909009622907383e-05,0.006095380963518776,-0.003085349003152429,-4.61192250602714e-06
0.2975643794700458,0.28291762584122065,0.6816463333689219,0.23833600898359686,0.19334440242648968,0.10402370871317042,0.0037856534800421644,0.002162011171089773,2.0747923383391623e-05,0.006096568957702057,-0.0030755696097799707,-4.559355840314001e-06
0.29994803035859635,0.2848402040291101,0.6826836273381169,0.23814741806592774,0.19265245517424995,0.10349691318831204,0.0038466756851880516,0.002131385104642305,2.0585987421062877e-05,0.006102255279219346,-0.0030626461430320363,-4.5060583685613725e-06
0.302329726155297,0.286755771045794,0.6837157959957617,0.237956121813552,0.19195566623563337,0.10296769543900297,0.0039076743871838985,0.0021008635233060536,2.0423123975100958e-05,0.006099904665380136,-0.0030521983392570308,-4.452464048821027e-06
0.30470944033559033,0.2886642793144995,0.6847428138216175,0.23776214037853174,0.19125403122791082,0.10243607862473299,0.003968528719259644,0.002070404041115664,2.0259177815109405e-05,0.006085467402592613,-0.0030459891648073503,-4.399230808844203e-06
0.30708714646909824,0.29056568151273215,0.6857646553729795,0.2375654833600131,0.19054757209606074,0.10190207658711407,0.00402920640050143,0.0020400034630735234,2.0094147075134285e-05,0.0060678020431961825,-0.003040099492478041,-4.346151064034493e-06
0.3094628182070233,0.2924599306240092,0.6867812952550835,0.23736615362095312,0.18983632827989047,0.10136568994855671,0.004089796111240278,0.002009712637929022,1.9928254474664254e-05,0.006059004666612133,-0.003029124900946091,-4.292558852308172e-06
0.31183642934643485,0.29434697981746005,0.6877927081898232,0.23716415950727346,0.18912032939117415,0.1008269244705534,0.004150410034633681,0.001979592749166551,1.9761773827004423e-05,0.00606142554828147,-0.0030120319046754323,-4.238220833456611e-06
0.3142079539126629,0.2962267822878972,0.6887988689427363,0.2369595222331517,0.18839957894368062,0.10028578685314114,0.0042110622579311485,0.0019496602995876151,1.9594798061077955e-05,0.006065255136086644,-0.00299328860855767,-4.1834675111294345e-06
0.3165773661809747,0.2980992912267763,0.6897997523818992,0.23675227028089876,0.18767406601798245,0.09974229936747388,0.004271651311394024,0.0019198809219875042,1.9427201502075685e-05,0.006058937774210712,-0.002977982059750835,-4.1290151352163815e-06
0.31894464062572647,0.2999644599591821,0.6907953334461245,0.23654242726385863,0.1869437928323715,0.09919648154647859,0.004332067958416861,0.0018902174215451708,1.9258838629286296e-05,0.006041696778057073,-0.002966395025205134,-4.0753187851760825e-06
0.32130975186227495,0.301822242099795,0.6917855871198499,0.2363300062232082,0.18620878812644234,0.09864834108371932,0.0043923113844752185,0.0018606801615386776,1.908977294226389e-05,0.006024374315043037,-0.0029537716487633417,-4.021705928578992e-06
0.32367267465372435,0.3036725915601397,0.6927704884840882,0.23611501631997092,0.18546909185096636,0.09809788196730376,0.004452487386481728,0.0018313260970187976,1.8920278091957382e-05,0.0060176314912516226,-0.002935452705817753,-3.967793033744023e-06
0.32603338398487447,0.3055154624031678,0.6937500126998587,0.23589747470099748,0.18472472830771838,0.09754510739531352,0.0045126928161967825,0.0018022074594460737,1.8750612831735193e-05,0.006020573797527824,-0.002911910557514672,-3.913679623602633e-06
0.32839185513299946,0.3073508087026089,0.6947241349833215,0.23567741064575085,0.18397569641385703,0.09699002745560986,0.0045729101205941106,0.0017733256421544445,1.8580817066249987e-05,0.006021760797055236,-0.0028882290634124185,-3.858983140840116e-06
0.3307480636685086,0.30917858455799624,0.6956928306961822,0.23545485751174366,0.1832219872277408,0.09643266933472604,0.00463302379846959,0.0017446403301683,1.8410729666571947e-05,0.006011397707427115,-0.00286857910220855,-3.804825769266113e-06
0.3331019853953861,0.31099874425347784,0.6966560752640127,0.23522984153800308,0.18246361031460073,0.09587304975192595,0.004692943414421945,0.0017161226016897866,1.824023725049868e-05,0.005991991098705223,-0.0028518213456658866,-3.7513088824272597e-06
0.3354535963043992,0.31281124238825575,0.6976138442403824,0.23500237929093867,0.18170060000137592,0.095311181753917,0.004752698999800423,0.0016877951752038284,1.8069468010116643e-05,0.005975587603834471,-0.002832791708731489,-3.6982215371822244e-06
0.3378028725978777,0.3146160338411111,0.6985661132080998,0.23477248647867568,0.18093299502995996,0.09474706161608175,0.004812405786705356,0.0016597167390213514,1.789873101342438e-05,0.005970707269460255,-0.002807893163549016,-3.6448724704122877e-06
0.3401497907646538,0.3164130735587404,0.6995128656401788,0.2345401869468425,0.1801608125655079,0.09418147525898288,0.0048721367020943184,0.0016319269521111576,1.772824883781551e-05,0.005973119598988323,-0.0027790286639829097,-3.5914785875829274e-06
0.3424943276370795,0.31820231651381903,0.7004540825518611,0.2343055168894603,0.17938404935390337,0.09361418335673917,0.004931845603935165,0.001604414129360202,1.7557997156535526e-05,0.005970917735472158,-0.0027513326773490015,-3.5382339291005174e-06
0.3448364603772367,0.31998371780519386,0.701389735529938,0.23406851503251133,0.1786027017072513,0.0930442556070442,0.004991410905985625,0.0015771358268839113,1.7387795855402096e-05,0.005956557281992839,-0.0027278811196538586,-3.485474982339065e-06
0.3471761664094267,0.3217572327574154,0.7023197976612379,0.23382920925803316,0.17781678662250242,0.0924718497813747,0.005050766814850543,0.001550073436264467,1.7217581323424678e-05,0.0059356175030468115,-0.002706290415190993,-3.4330081151614384e-06
0.3495134233881095,0.3235228170206417,0.7032442431051389,0.23358761957116614,0.1770263424618487,0.09189707065344695,0.005109971637813778,0.0015232596391880101,1.7047548666813606e-05,0.00592050842639201,-0.00268143148804148,-3.3806858087767706e-06
0.3518482092378082,0.325280426496474,0.7041630467188768,0.23334376799884554,0.17623140520720834,0.0913199808139411,0.005169142112092723,0.0014967502750565845,1.6878020331446396e-05,0.0059170730284738215,-0.002650988531802179,-3.3280118227499757e-06
0.35418050222816555,0.32703001717451313,0.7050761838798626,0.23309768693231034,0.17543198793642312,0.09074063058371121,0.0052283264627207785,0.001470571498295225,1.6709169490453074e-05,0.005918460116262802,-0.002617930081606863,-3.2752482118993386e-06
0.35651028100983106,0.32877154505793305,0.7059836302998178,0.2328494169567842,0.17462808503642074,0.09015906162207535,0.005287450333982704,0.0014446994565105325,1.6540907042069655e-05,0.005912411654437606,-0.002587256887707589,-3.2228262253042763e-06
0.3588375245800329,0.3305049662610186,0.7068853619002575,0.2325989966975683,0.17381969673784098,0.08957530673733818,0.005346394431261414,0.0014190934057982988,1.6373045593989983e-05,0.005894433765590467,-0.002560658128955656,-3.1714160629705056e-06
0.3611622122219526,0.33223023717699623,0.7077813547607207,0.23234645567757908,0.17300684761001422,0.08898938663822996,0.005405121487856793,0.0013937458549421818,1.6205573123820217e-05,0.005872729214874886,-0.0025348084898954714,-3.120824272260608e-06
0.3634843234886008,0.3339473145356736,0.7086715851508397,0.23209181765168432,0.17218957862315928,0.08840131543931565,0.005463713321238925,0.0013686961445756262,1.6038738307161923e-05,0.0058592063834572525,-0.0025050247129027683,-3.070228204615414e-06
0.3658038382470813,0.33565615525743864,0.7095560348652796,0.23183510876202862,0.171367921787488,0.0878116391657497,0.0055222837547351375,0.0013439992077876688,1.5872586931080614e-05,0.005857065887192085,-0.0024697476873833378,-3.0489161174142347e-06
0.36812073675905926,0.337356716323023,0.7104346862102539,0.23157636794053976,0.1705418846270563,0.08722040922536727,0.005580849877023088,0.001319666096151098,1.5707316501085713e-05,0.005856634241718061,-0.0024333654181513766,-3.018153544143417e-06
0.37043499970107496,0.339048954810595,0.7113075123558064,0.23131564131522342,0.1697114631054828,0.0866267211268919,0.005639315543728699,0.0012956630004063894,1.5542838750601414e-05,0.005846588180393302,-0.002400364076021837,-2.9816375499899606e-06
0.3727466081093764,0.34073282795051807,0.7121744878362612,0.23105296826449193,0.16887666350970412,0.08603072161698296,0.005697571172002393,0.0012719529727718375,1.5379017423481345e-05,0.005825583860524083,-0.002371057533650221,-2.9420331326182725e-06
0.3750555433256319,0.3424082932834524,0.713035588134463,0.23078837936413593,0.16803751672081058,0.08543250732423925,0.005755609323565178,0.0012485383271711868,1.5215927326761642e-05,0.00580383571126063,-0.002341519562891799,-2.90019447730367e-06
0.37736178699036954,0.34407530862315244,0.7138907966575734,0.23052190034459785,0.16719406253587418,0.08483286470259775,0.005813523168732197,0.0012254608733701176,1.5053859867590887e-05,0.005791404566053732,-0.0023078005197128583,-2.857230788283429e-06
0.37966532110526763,0.3457338320010189,0.7147400948479495,0.2302535646890236,0.16634632950747832,0.08423159088750563,0.0058714075842262806,0.0012027605434728219,1.4893100978131536e-05,0.005788461068928857,-0.002270088170000056,-2.8130890353644456e-06
0.3819661280875127,0.3473838215224848,0.7155834629381137,0.2299834146696758,0.16549432328935246,0.08362856686500447,0.005929253253052184,0.001180437070988633,1.4733701921459054e-05,0.00578458587817148,-0.0022324024412999893,-2.7681069388733437e-06
0.38426419076932916,0.34902523536835744,0.7164208802834501,0.2297114953815658,0.1646380416923494,0.08302371498417363,0.005986952434403682,0.0011584550687739757,1.4575502423683988e-05,0.005769936637324545,-0.0021982554619068076,-2.7226326645132036e-06
0.38655949234720344,0.3506580319392016,0.7172523256359474,0.22943784617489393,0.16377749857659296,0.08241698366258493,0.006044411988546902,0.0011367857809127437,1.44183714340072e-05,0.005745973448571463,-0.0021669841027208846,-2.677327977055089e-06
0.38885201633817146,0.35228216998626405,0.7180777774815758,0.22916249865464888,0.162912730451377,0.0818083456167314,0.006101650459919514,0.0011154403669628693,1.42624157023482e-05,0.005723864701199133,-0.002134596745057731,-2.6322188265848033e-06
0.39114174659159856,0.3538976085897878,0.7188972141771416,0.2288854832248319,0.16204377881294235,0.08119777983108672,0.006158774077038025,0.0010944594526997656,1.4107925734461844e-05,0.0057123787837686435,-0.002098146709729306,-2.58703183161321e-06
0.39342866734395904,0.35550430701051705,0.7197106140446496,0.22860683686259284,0.1611706677574794,0.08058527698293771,0.006215859923906363,0.0010738712181523277,1.3955125095345574e-05,0.005708601254496361,-0.002058878588863722,-2.5412503671105194e-06
0.3957127632585387,0.3571022245757892,0.7205179553331341,0.2283266038176102,0.1602934006426038,0.0799708333363507,0.006272870840353373,0.0010536635078118221,1.3803986321586264e-05,0.005701107723890768,-0.0020208260139213522,-2.495223478866489e-06
0.39799401940904366,0.3586913207226795,0.7213192162817964,0.2280448286364342,0.15941197916070007,0.07935445793111628,0.0063296926556734405,0.001033799354182774,1.3654317515959402e-05,0.005682197154936644,-0.001986470237303356,-2.4496952372513147e-06
0.4002724212271132,0.3602715551557449,0.7221143750895453,0.2277615492641292,0.1585264245056996,0.0787361529789778,0.006386255185963052,0.0010142579054564045,1.3506019309481218e-05,0.005656268216627182,-0.001954199663529565,-2.4051947047414263e-06
0.4025479544705649,0.3618428879489948,0.722903409995925,0.22747679741803734,0.15763677742208285,0.07811591878248596,0.006442605078380818,0.0009950566712232205,1.3359235984603912e-05,0.005635003989958261,-0.001920178075062814,-2.3616100291068878e-06
0.404820605245348,0.3634052794853053,0.7236862992997661,0.22719060558140314,0.15674307740713067,0.07749375206917224,0.006498852361992427,0.0009762322031181754,1.3214241451361328e-05,0.005624742653947064,-0.0018825012234360593,-2.3184250963698553e-06
0.4070903600561621,0.3649586903021994,0.7244630213223545,0.2269030129737919,0.15584534391184784,0.07686965045271581,0.006555050749096212,0.0009578005653161948,1.3071185911258665e-05,0.005619852545560542,-0.0018432178916695506,-2.275087322241229e-06
0.4093572058300024,0.36650308100855955,0.7252335545088485,0.22661406404806542,0.15494357915508522,0.07624363141804337,0.006611138016835092,0.000939740516466641,1.2929970495315736e-05,0.005608740173459033,-0.0018060587150480934,-2.2322145065591225e-06
0.4116211298875789,0.3680384123645966,0.7259978774087814,0.22632380143887101,0.15403778964622208,0.07561571483377993,0.006667000980844278,0.0009220164521896318,1.2790393072167772e-05,0.005586309395331586,-0.0017724600328874903,-2.1903856502124118e-06
0.41388211989311074,0.3695646454400331,0.7267559686771862,0.22603226098342166,0.1531280032242252,0.07498591462608975,0.0067225960961375736,0.0009046153386437447,1.2652395089595968e-05,0.005559524134334957,-0.001740164745410762,-2.1498753184126063e-06
0.4161401638342993,0.3710817416797284,0.7275078071245845,0.2257394739379943,0.15221426289963844,0.07435423992175011,0.006777993602017735,0.0008875583785434598,1.25161470086767e-05,0.005539762798442599,-0.0017057491203262133,-2.110628657750428e-06
0.4183952500509134,0.3725896628099314,0.7282533716632875,0.2254454738377406,0.15129660474619505,0.07372069129368702,0.006833299645805038,0.0008708755063456876,1.2381889112888484e-05,0.005530616184320316,-0.0016683399561573523,-2.071787831869136e-06
0.42064736727737245,0.37408837068734924,0.7289926413276978,0.22515030042089781,0.1503750437072215,0.0730852779503746,0.006888541185467476,0.0008545711159472018,1.2249686812358723e-05,0.0055241653730477396,-0.0016304913686582434,-2.033689248193412e-06
0.4228965046507774,0.37557782725275607,0.7297255953608788,0.22485399654766527,0.14944958211820034,0.07244802713396784,0.006943635255581856,0.0008386177225049505,1.211938627596836e-05,0.00550941804400099,-0.0015953913069100291,-1.996317656387255e-06
0.42514265167416604,0.37705799464239603,0.7304522130790259,0.2245566016813705,0.14852023199374365,0.07180895440964644,0.006998476824253442,0.0008229832252269532,1.1990790723215033e-05,0.005484167552256574,-0.0015635013840904024,-1.9604309853477625e-06
0.42738579817158096,0.37852883533536125,0.7311724740046843,0.22425814884552273,0.1475870268361773,0.07116808080743385,0.0070530505644274665,0.0008076616366875,1.186388190864984e-05,0.005457384365915949,-0.0015322102023533413,-1.9260665299419075e-06
0.4296259342790219,0.3799903121809541,0.7318863577956509,0.22395866818040844,0.1466500101651833,0.07052541127923476,0.007107444455633811,0.0007926749612539267,1.1738842343351646e-05,0.005439399127244126,-0.0014987185104050403,-1.8927906298251292e-06
0.43186305047540335,0.3814423882784396,0.7325938442513282,0.22365819300166603,0.14570921374026363,0.06988095072408036,0.007161753355532937,0.0007780449292058965,1.1615857154451788e-05,0.005430899650010765,-0.0014630537144929576,-1.8603495755612842e-06
0.43409713761471075,0.3828850268396769,0.733294913390955,0.2233567618015523,0.14476464874071043,0.06923472005971587,0.007215975928378031,0.0007637657382394945,1.1494917700232514e-05,0.005422266609123989,-0.001427969141041394,-1.8286006351694763e-06
0.4363281869206073,0.38431819118331184,0.7339895454030075,0.22305441423993994,0.14381631912330398,0.0685867434397021,0.007270014404496727,0.0007498066131663888,1.1375833102716876e-05,0.005403856625341068,-0.0013959621446721008,-1.7976448373676672e-06
0.43855618994535694,0.3857418448672037,0.7346777206621826,0.2227511855543123,0.1428642428643915,0.06793704599012297,0.007323778449517497,0.000736140279475322,1.125842700752749e-05,0.00537641322633119,-0.001366682656019334,-1.7682000641289316e-06
0.4407811385323787,0.3871559518176861,0.7353594197193833,0.22244710536272508,0.1419084580190673,0.06728564280146396,0.007377280565175628,0.0007227663542440696,1.1142717224270307e-05,0.005350220007577104,-0.0013374414459665029,-1.7402079779788881e-06
0.4430030248160087,0.38856047631758006,0.7360346232581659,0.22214220187399794,0.14094900713788772,0.06663253712049812,0.007430619587693911,0.000709705341178883,1.1028877282584746e-05,0.005333910406716877,-0.001306149793656041,-1.7134587076683185e-06
0.4452218412514442,0.38995538286866127,0.7367033121729698,0.22183650683035938,0.13998591740790972,0.06597774182757174,0.007483872904037719,0.0006969703684590975,1.0917032574871993e-05,0.005325339502100483,-0.0012735452672465698,-1.6874622893195672e-06
0.4474375806359437,0.39134063607775865,0.7373654675726947,0.22153005590556377,0.1390191974964451,0.06532127926745317,0.0075370117224640605,0.0006845474210662939,1.0807106059696571e-05,0.005313889437155448,-0.001242342261878286,-1.6622436058933936e-06
0.44965023609248117,0.3927162006894477,0.7380210707493481,0.22122288425162387,0.1380488544139051,0.06466317525102012,0.007589930174357683,0.000672404803675146,1.0698881480402003e-05,0.005291852533375678,-0.0012143088626823434,-1.638200061412847e-06
0.45185980102778145,0.39408204173153605,0.7386701031896641,0.22091502212054548,0.13707491228230015,0.06400345354525334,0.007642557857687781,0.0006605205600330996,1.0592209715445614e-05,0.00526277544349946,-0.0011884711392435702,-1.6156222968059794e-06
0.45406626910288306,0.3954381246170196,0.7393125465966992,0.22060649514433636,0.13609741250806054,0.06334213059735518,0.007694932985052701,0.0006488983200483121,1.0487133335210767e-05,0.005237519617138312,-0.0011622704036547919,-1.594614190966101e-06
0.4562696342395348,0.3967844150956607,0.7399483828333643,0.22029732875708902,0.1351163955525556,0.06267921168029539,0.0077471581524984415,0.0006375553527021803,1.0383805016120442e-05,0.005222523392116069,-0.001134342704345903,-1.5746520203328828e-06
0.45846989064669474,0.3981208791098253,0.7405775939576051,0.21998755186525118,0.13413188427637426,0.062014709686825285,0.007799288475935927,0.0006264964315449597,1.0282287832800784e-05,0.005213038761076817,-0.0011059376163810141,-1.5551498002228924e-06
0.4606670328309227,0.39944748271085095,0.7412001621967131,0.21967719596222296,0.13314388635760513,0.061348644181525636,0.007851270544735259,0.0006157013956595469,1.0182450539621962e-05,0.005198213081986765,-0.0010795486620443545,-1.5360906174958638e-06
0.46286105557172913,0.40076419212610276,0.7418160700006884,0.21936629065949434,0.13215241314473242,0.060681044537634676,0.00790299779288692,0.0006051395801402523,1.008406896314359e-05,0.005172730821731885,-0.0010562262805025098,-1.5182528389093866e-06
0.4650519538814856,0.4020709739071353,0.7424253000399312,0.2190548606445392,0.1311574946791999,0.06001193459605293,0.007954423448022696,0.0005947942693293055,9.987025810555075e-06,0.0051425713369789225,-0.0010345755058889304,-1.5015968570253342e-06
0.46723972298397576,0.4033677949997175,0.7430278351653884,0.2187429270705608,0.1301591744522987,0.05934132503037276,0.008005607694275491,0.0005846714960892129,9.89138152701126e-06,0.005118430266854636,-0.0010123214167460915,-1.4862190859817302e-06
0.46942435832500445,0.4046546226633803,0.7436236583994557,0.2184305117646562,0.12915749004717217,0.05866922233916716,0.008056649940239021,0.0005747842402618629,9.79726172754661e-06,0.0051042300538478805,-0.0009887692853139925,-1.4711776751213034e-06
0.471605855593778,0.405931424329544,0.7442127530207889,0.21811763964350872,0.12815246065126687,0.05799564740613356,0.008107580354569344,0.0005651296385485846,9.704665414416353e-06,0.005093046711724223,-0.0009655034761879011,-1.456452062778322e-06
0.4737842107231844,0.40719816755256893,0.7447951024838252,0.21780433686459713,0.12714409447543706,0.05732062179432804,0.008158325446618587,0.0005556836630293386,9.613415715253804e-06,0.005074514319706838,-0.0009446405243625087,-1.4423839918771945e-06
0.4759594198602381,0.4084548201060813,0.7453706904694409,0.2174906268154533,0.1261324081033581,0.05664417416675661,0.008208785156346434,0.0005464178591221165,9.523291982887697e-06,0.005045975940130126,-0.0009266231168053321,-1.429432856108025e-06
0.4781314793293563,0.4097013501239913,0.7459395008455997,0.217176528215374,0.12511743690317315,0.055966322415560106,0.008258938724349298,0.0005373202767326452,9.434204330812446e-06,0.005015361628721585,-0.0009098007529125868,-1.4177228134197892e-06
0.48030038561803806,0.41093772613325835,0.7465015177433904,0.21686205727092492,0.12409922506537266,0.05528708386381933,0.008308863456238831,0.0005283979105615629,9.346225106317126e-06,0.0049924778780422495,-0.0008922788838575519,-1.4065039816097404e-06
0.48246613538973954,0.4121639169491462,0.7470567254688398,0.21654723143936175,0.12307780670519769,0.0546064661235281,0.00835864902625737,0.0005196589060662092,9.259438258651162e-06,0.004978561550759453,-0.0008739424283380549,-1.3955931786780734e-06
0.484628725499315,0.4133798915461205,0.747605108517309,0.2162320706834634,0.12205319819395237,0.05392448536850462,0.00840829966973612,0.0005110940146570506,9.173782057433958e-06,0.004965068763413608,-0.0008565308520072956,-1.3850473457547963e-06
0.4867881529846496,0.41458561904359753,0.7481466516378545,0.21591659500865149,0.12102540962572608,0.053241171707664674,0.008457727588821623,0.0005026769769963293,9.089048998665013e-06,0.004942796204552107,-0.0008417452919751759,-1.3749882976890287e-06
0.48894441503440955,0.41578106882489424,0.7486813397699402,0.21560082108275586,0.11999446322633428,0.05255654857173052,0.00850684582039182,0.0004943824088368444,9.005031188019218e-06,0.004911827346544523,-0.0008294982424626063,-1.3658716185927861e-06
0.4910975089558698,0.41696621066109674,0.7492091580152294,0.21528476138251396,0.11896039861264883,0.05187062891904655,0.008555659644529432,0.00048620242277086034,8.921665758082498e-06,0.004881386502074737,-0.0008180399594128089,-1.3577704222150568e-06
0.4932474321666118,0.4181410147067505,0.7497300917744628,0.2149684267619693,0.11792325932906195,0.05118343284212273,0.008604257388328125,0.0004781441040781887,8.839021800449971e-06,0.004859778365696663,-0.0008058731160521834,-1.3501714303131956e-06
0.49539418220816983,0.419305451378629,0.7502441266482013,0.21465182964257432,0.11688307577649257,0.05049497182654008,0.008652713534838291,0.0004702110438322147,8.757142894750981e-06,0.004845618534478405,-0.0007933471421090664,-1.3426402905494435e-06
0.4975377567556668,0.42045949124649845,0.7507512484611587,0.21433498430881195,0.11583986251361025,0.049805267382394484,0.00870100738052227,0.0004623889774284333,8.675916024730375e-06,0.004829388356944514,-0.0007822476739746578,-1.3353676477445922e-06
0.499678153602954,0.4216031050555785,0.7512514431748122,0.21401790415866276,0.11479363266578003,0.04911433799362905,0.00874904358985761,0.00045465074591673725,8.59511234366439e-06,0.004803624639467228,-0.0007738641980416998,-1.328518643416479e-06
0.5018153706288809,0.42273626385564744,0.7517446970371563,0.21370059888080017,0.11374441395924442,0.048422214727207966,0.008796753485516026,0.0004469744684399982,8.514542023822862e-06,0.004770993198957821,-0.0007676688909412652,-1.3224871558616266e-06
0.5039494057702542,0.42385893910080474,0.7522309965047111,0.21338307456551295,0.11269224890681821,0.047728913184606765,0.008844166496524739,0.0004393558408136933,8.434169633322113e-06,0.004741304663582904,-0.0007619040176015478,-1.3170327321769433e-06
0.50608025701911,0.4249711026125651,0.7527103282242339,0.21306533650676848,0.11163717921920822,0.04703444254009223,0.008891375418357605,0.0004318014798705212,8.354057389904273e-06,0.004720895673681676,-0.0007554774327399362,-1.3119621348467284e-06
0.5082079224360175,0.42607272645020816,0.7531826790227121,0.21274739168235343,0.11057923163163734,0.04633881409812898,0.008938435306501624,0.0004243108073994432,8.274207621735834e-06,0.004705992233288838,-0.0007491086656179241,-1.3068836186824206e-06
0.5103324001542375,0.42716378282732864,0.7536480359736224,0.2124292482817871,0.10951841996802139,0.045642053113698726,0.00898530312729908,0.0004168657395197103,8.19446799881685e-06,0.0046867854343583095,-0.0007445483514570644,-1.3015582218292922e-06
0.512453688359576,0.42824424416557605,0.7541063863894525,0.21211091283155778,0.1084547611605193,0.044944187742684334,0.009031882772214462,0.0004094392712728036,8.11459817098338e-06,0.0046579677922225305,-0.0007426886409391556,-1.2965455543568392e-06
0.5145717852569553,0.42931408322776904,0.754557717831918,0.21179238804556125,0.10738828790897494,0.04424524327354823,0.009078127249264555,0.0004020133242311983,8.034434447855512e-06,0.004624450958286122,-0.0007426368480372957,-1.2919361341236688e-06
0.5166866890487485,0.4303732731879624,0.7550020180458611,0.21147367368556402,0.10631904422861839,0.04354523138642046,0.009124086734868187,0.0003945867784137874,7.953964656830825e-06,0.0045959517662842245,-0.0007426970604576663,-1.287759701544474e-06
0.5187983979365937,0.4314217875644408,0.7554392749848383,0.21115476938667874,0.10524706906010992,0.04284416381740441,0.009169851979181293,0.00038716562945904036,7.873245547683468e-06,0.004576527587226522,-0.000742157683093321,-1.2835650724325505e-06
0.5209069101342444,0.4324596000911595,0.7558694768482475,0.21083567653072202,0.10417238584049424,0.04214206029019883,0.009215456002886363,0.0003797453007074521,7.792239437455e-06,0.004560405477520917,-0.0007420759879321607,-1.2791127592953515e-06
0.5230122238664572,0.433486684665669,0.7562926120386615,0.21051639706143388,0.10309500877137533,0.04143894268389092,0.009260837677171237,0.0003723047150915829,7.710754689670866e-06,0.004538170493296529,-0.0007441020875103997,-1.2745020172608383e-06
0.5251143373446586,0.43450301542868924,0.7567086692031915,0.21019693063215558,0.10201495902484627,0.040734838658351175,0.009305906359138713,0.00036481780797347505,7.628548445751457e-06,0.004506871227314236,-0.0007487347647935627,-1.2699950326860879e-06
0.5272132487347465,0.43550856689174866,0.7571176371886277,0.2098772731276077,0.10093227344254224,0.0400297666289933,0.009350638504790468,0.00035727043210515014,7.545480538187007e-06,0.004473217565038973,-0.0007547822367668953,-1.2661330836782278e-06
0.5293089561405838,0.43650331397369063,0.7575195050791291,0.20955741810519804,0.09984699614979889,0.03932374308528847,0.009395100281386393,0.00034966463114898726,7.46156956704389e-06,0.004446180626304989,-0.0007606253348138033,-1.2620144903175586e-06
0.531401457610481,0.4374872319109549,0.7579142621775692,0.2092373596533011,0.0987591627458866,0.03861678203390193,0.009439374524114162,0.0003420056540978095,7.376863191891272e-06,0.0044274272029444705,-0.0007659435128067526,-1.2577274975945146e-06
0.53349075114922,0.43846029613860243,0.7583018980685013,0.20891709358400337,0.09766879401136654,0.037908908525604294,0.009483471431992326,0.0003342853256797979,7.291276592152401e-06,0.004409693682601321,-0.0007720792625193015,-1.2538561205355936e-06
0.5355768347120877,0.4394224822710808,0.7586824024646848,0.20859661565904378,0.09657590548865846,0.037200137335710176,0.009527316717915202,0.00032648034614214124,7.204592679717324e-06,0.0043845314568779145,-0.0007805450894749344,-1.2491702624930422e-06
0.5376597061771915,0.4403737662007747,0.7590557653349616,0.20827591884031554,0.09548052272683008,0.03649049589170356,0.009570831012221242,0.00031856634105853417,7.116575046021763e-06,0.004351432270063166,-0.0007914484743786191,-1.2443345592998406e-06
0.5397393633152283,0.44131412421126837,0.7594219768375062,0.20795499247398094,0.09438268559782283,0.03578000010230841,0.009614014042012876,0.00031053363444831327,7.027125251483689e-06,0.004318305793477617,-0.0008033195078971227,-1.2393740626855712e-06
0.5418158037789822,0.4422435329804708,0.7597810274527007,0.20763382431073119,0.0932824371252793,0.03506867500534064,0.009656942611901602,0.0003023871688785179,6.936273967070197e-06,0.0042928597737639925,-0.0008146962787756778,-1.2353184923499127e-06
0.5438890251138847,0.44316196947473935,0.760132908003524,0.20731240320230776,0.09217980933384182,0.03435654850434455,0.00969968706325103,0.0002941309549372779,6.844034021096353e-06,0.0042744478867342015,-0.0008256719980594841,-1.2330631431323162e-06
0.545959024768881,0.4440694108497005,0.7604776093821731,0.20699071963313018,0.09107482110059842,0.033643625821831835,0.009742235488538788,0.00028575340006182473,6.750281769906957e-06,0.004254845247690594,-0.0008378070400856124,-1.231121369966785e-06
0.5480258000854723,0.44496583445985627,0.7608151226347898,0.20666876340370652,0.08996749008156517,0.032929924076429,0.00978450620115808,0.0002772293587379967,6.654772722553284e-06,0.004227073951055269,-0.0008524567534071645,-1.228243712685235e-06
0.5500893482670727,0.44585121796984784,0.7611454390001221,0.20634652106761567,0.08885784590869637,0.032215462922882264,0.00982643538259253,0.00026853709537257394,6.557294041523265e-06,0.004192920804088298,-0.0008692801311094193,-1.224362253553544e-06
0.5521496663518378,0.44672553944508603,0.7614685500195016,0.20602397586164467,0.08774593025760828,0.0315002686744645,0.009868044391216106,0.000259671811774209,6.4577852866166624e-06,0.0041609034910285655,-0.0008865833649523782,-1.2206763487180402e-06
0.5542067512086146,0.4475887773249891,0.7617844476070535,0.2057011102047429,0.08663178399749319,0.030784372219649102,0.009909414733710218,0.0002506415821633271,6.356297700144104e-06,0.00413703683952571,-0.0009030791663966972,-1.2186577970052308e-06
0.5562605995521918,0.4484409103114582,0.7620931238684352,0.20537790822733878,0.08551543559515333,0.03006778809577088,0.009950599864316116,0.00024144922175560197,6.252834205133075e-06,0.00411851560684377,-0.0009192934583252678,-1.2179685076610093e-06
0.5583112079521869,0.4492819172901602,0.7623945710580114,0.20505435548274215,0.08439690294757322,0.029350530404244804,0.009991567928666725,0.00023207969204447096,6.147232386959423e-06,0.004096808935909894,-0.000937011689303578,-1.2173746914167493e-06
0.5603585728171989,0.4501117773700315,0.76268878152665,0.20473043621835255,0.08327620647178811,0.028632609845658127,0.010032235776073426,0.00022250679610753601,6.039233679194476e-06,0.0040667871959674485,-0.0009573497412545514,-1.2151998841324578e-06
0.5624026903620075,0.45093046999692654,0.7629757478583096,0.20440613110220016,0.08215337938798921,0.027914048815842172,0.010072558221056278,0.00021271224333026614,5.928654459919238e-06,0.004032246905140684,-0.000979516947783383,-1.2116554925618438e-06
0.5644435565844792,0.4517379750190217,0.7632554629512184,0.2040814179148045,0.08102846398278576,0.02719487462428003,0.010112574914263634,0.00020269697324647217,5.815491819395565e-06,0.004001671671710134,-0.0010015902095084253,-1.2078810740439408e-06
0.5664811672692296,0.45253427263454293,0.7635279200309304,0.2037562745331634,0.07990149829691894,0.02647511495847655,0.0101523659998538,0.00019247216588207076,5.699829348457694e-06,0.003979110844853904,-0.0010225454422566737,-1.2055745578970527e-06
0.5685155180070215,0.4533193432804698,0.7637931125170273,0.2034306810676789,0.07877250769842736,0.025754786207031984,0.010191965729862671,0.00018203898374138635,5.581656136668281e-06,0.003959975214263861,-0.0010433844428127574,-1.2040866895264885e-06
0.570546604201242,0.45409316758073265,0.7640510339180454,0.20310461877187996,0.07764151010126547,0.025033896901273108,0.010231325751286836,0.00017137906576793137,5.4607801495759445e-06,0.003936004278912543,-0.0010660596505826648,-1.2016268812703588e-06
0.5725744210468197,0.45485572640852273,0.7643016778882585,0.20277806693394393,0.07650852910167716,0.02431246169685479,0.010270367055838748,0.0001604659847920334,5.336938547079777e-06,0.003904132510498125,-0.0010913777069635174,-1.196873652341518e-06
0.5745989634961918,0.45560700099515844,0.7645450383778751,0.2024510010551956,0.07537360084011616,0.02359050837843009,0.01030906450107073,0.00014928621603386188,5.209990778433604e-06,0.003869746489798357,-0.0011180483151813606,-1.1906433660816733e-06
0.5766202262421767,0.4563469729687255,0.7647811096231274,0.20212339440912538,0.0742367671974043,0.02286806193527212,0.010347471896469878,0.0001378470183180739,5.0799942810014835e-06,0.0038407414067027335,-0.0011439930210774142,-1.1844561112372365e-06
0.5786382037299371,0.45707562428074044,0.7650098861959169,0.20179522134083364,0.07309806305638522,0.022145152518656185,0.01038566259966185,0.00012616220549123506,4.947070562632313e-06,0.0038190720743157837,-0.001168556291430638,-1.178734652340579e-06
0.5806528901848006,0.45779293711996966,0.7652313615061967,0.20146645947513522,0.07195751172153782,0.021421660798537027,0.010423654157215034,0.00011422502274006238,4.811117975599183e-06,0.0037991573898383192,-0.0011937951132693833,-1.1745159637479523e-06
0.5826642796038273,0.4584988938630282,0.7654455294731127,0.20113708593726717,0.070815131631976,0.020697636424497356,0.010461386875332894,0.00010201016177646041,4.671875851440445e-06,0.003773273317686277,-0.0012215648991985727,-1.1682913486624436e-06
0.5846723657261379,0.45919347715632663,0.7656523845216416,0.20080707485805824,0.06967094943050099,0.01997312852008288,0.010498792762150762,8.949012916442137e-05,4.52907007462833e-06,0.0037405900495901543,-0.0012520841658770134,-1.15892694377428e-06
0.5866771419973995,0.459876670012632,0.7658519216531887,0.20047639636577758,0.0685250029841297,0.01924819217693853,0.010535870596771291,7.665671496735274e-05,4.382608317443237e-06,0.003707784679186318,-0.0012834244785131816,-1.14828710016029e-06
0.588678601559844,0.46054845581821213,0.766044136313559,0.20014501916256508,0.06737733200099998,0.018522869115020168,0.010572686716675828,6.352364706108364e-05,4.232619207198511e-06,0.003681613042146715,-0.001313391944836124,-1.1373271149140748e-06
0.5906767372734215,0.4612088182438722,0.766229024228831,0.19981291408046828,0.06622796687126652,0.017797185560742307,0.010609304035899892,5.010623622627641e-05,4.079259357993505e-06,0.0036617327941285316,-0.0013418282537372322,-1.125016839866153e-06
0.5926715417368675,0.4618577411442539,0.7664065821616928,0.19948005437035596,0.06507692728531926,0.01707124538409376,0.010645712192411845,3.6404118575162505e-05,3.922553345869936e-06,0.0036408163294302342,-0.0013703009238454037,-1.1080537170532826e-06
0.5946630072974667,0.462495208589621,0.7665768060731784,0.19914641470862818,0.06392423325935528,0.016344966836049402,0.010681843190830452,2.238979675891536e-05,3.7621986323087374e-06,0.0036131003136474407,-0.0014015234953528815,-1.0902816154207294e-06
0.5966511260079183,0.463121204934929,0.7667396929106237,0.19881196525003914,0.06276991393344011,0.01561844768860674,0.010717636785243267,8.043698224586627e-06,3.5980058948567693e-06,0.0035793596915117873,-0.0014347034128285945,-1.0686743477053993e-06
0.5986358896027297,0.4637357149158248,0.7668952397347202,0.1984766734008543,0.06161400836914107,0.01489169810262816,0.010753104407776895,-6.631309201858944e-06,3.4300065715060924e-06,0.0035467622655982367,-0.0014675965303529877,-1.0451025456449177e-06
0.6006172895006612,0.46433872363295386,0.7670434438695222,0.19814050654149373,0.06045655496654276,0.014164743885554996,0.010788312035050745,-2.1612759488465878e-05,3.258421384686343e-06,0.003520762485436034,-0.0014982429370651508,-1.021752433503772e-06
0.6025953168366481,0.46493021646149535,0.7671843027411743,0.19780343538292944,0.059297582464143926,0.013437595139254046,0.010823306860560435,-3.688355424051252e-05,3.0834209479684728e-06,0.00349948203948178,-0.001527179419679927,-9.980132822254697e-07
0.604569962488255,0.4655101789816846,0.7673178138273293,0.1974654336584213,0.058137111561576506,0.012710256211877428,0.010858065336312311,-5.245230383607393e-05,2.904908458951624e-06,0.0034758467781593086,-0.0015569769943713965,-9.7293779498507e-07
0.6065412170665928,0.4660785970063405,0.7674439746843231,0.19712647438986686,0.05697516525207746,0.011982733044091115,0.010892517498323694,-6.834608384331455e-05,2.7225944769021687e-06,0.003445215100317339,-0.0015894822803510864,-9.457118396850642e-07
0.6085090708798605,0.4666354566758695,0.767562783038958,0.1967865267728856,0.0558117766432413,0.011255040617454103,0.01092662086554741,-8.458286807810622e-05,2.5362860133391183e-06,0.0034103352981043164,-0.0016237850511365932,-9.164568869651422e-07
0.610473513907398,0.4671807445185599,0.7676742368821596,0.19644555706207087,0.0546469858465974,0.010527204679534472,0.010960403635525284,-0.00010115260494413357,2.3460857197191062e-06,0.0033782752317613606,-0.0016570826096703299,-8.861404659471595e-07
0.6124345358126653,0.4677144474137924,0.7677783344406955,0.19610353267140607,0.05348082955570532,0.009799249661813444,0.010993931599205014,-0.00011802806757095315,2.152277758784933e-06,0.0033527942443399984,-0.0016876573328017401,-8.555221515067939e-07
0.6143921259707619,0.4682365523035907,0.7678750905839518,0.19576042453967565,0.05231333304675049,0.009072833760346016,0.011027220279711373,-0.00013523325023766223,1.9546962219403563e-06,0.0033288655489553875,-0.0017206315206510763,-8.134416080457233e-07
0.6163462734803153,0.46874704659613553,0.7679645001169987,0.19541620408194102,0.051144521123775065,0.008345951435909441,0.011060237097892845,-0.0001527685287700418,1.7534169557073473e-06,0.003301678920007639,-0.001753643203862714,-7.616067735142635e-07
0.6182969671465054,0.46924591795400183,0.768046559407594,0.19507084142114714,0.04997442104695891,0.007618756468817019,0.011092922088952394,-0.00017065836234594922,1.5481465062320682e-06,0.0032684957867468063,-0.0017891009780596503,-7.10374102820758e-07
0.6202441954306368,0.4697331542008774,0.7681212812851081,0.19472430199994728,0.04880306769250411,0.006892887068026372,0.011125241553692131,-0.00018894747475879008,1.3384041587535296e-06,0.0032319427030265157,-0.001829031387906541,-6.558334669932668e-07
0.6221879464287323,0.4702087437992962,0.768188658873506,0.19437654786847516,0.04763050417822823,0.006166375909886693,0.011157246750066376,-0.00020760023093254753,1.124653202269592e-06,0.0032005153995754727,-0.001865397993260548,-5.927074844528747e-07
0.6241282078840654,0.4706726753510058,0.7682487018042248,0.194027543250603,0.046456763813527,0.005440872047215443,0.011188990739727733,-0.00022660855557113534,9.069217574892354e-07,0.0031743942393564033,-0.0019009570856366243,-5.339999713534966e-07
0.6260649672272528,0.47112493776760866,0.7683014154264358,0.1936772560732145,0.045281873506272455,0.004715945327091535,0.011220485297496422,-0.0002459761291345785,6.850972229489937e-07,0.0031494505355854924,-0.0019368843250701792,-4.806556791849269e-07
0.6279982115765966,0.4715655202341511,0.7683468017368391,0.19332565436400725,0.044105857207369065,0.0039912576210161975,0.011251677050330417,-0.00026572692974875957,4.589052806764812e-07,0.003119169496496785,-0.0019752095323256136,-4.26072731464908e-07
0.6299279277156983,0.4719944123901965,0.7683848506238666,0.1929727035075929,0.042928747211941454,0.0032655982742725133,0.011282520011843671,-0.0002858655812293415,2.283900251913715e-07,0.003084289794045975,-0.0020139970404403074,-3.6012454835820394e-07
0.631854102046835,0.4724116040448984,0.7684155690543655,0.19261836503141852,0.04175058043796348,0.0025406716175616992,0.011313001912890893,-0.00030640813597303956,-6.661372182156223e-09,0.0030481831442198317,-0.002054389923893518,-2.9564504353196824e-07
0.6337767206018292,0.4728170855916316,0.7684389483683968,0.19226260045459204,0.04057139851947175,0.0018149213061681472,0.011343185832534098,-0.00032730201101863833,-2.4554200658997077e-07,0.0030183843954954596,-0.0020895240456630824,-2.1825795963478436e-07
0.635695769090448,0.47321084772880806,0.7684549803971991,0.1919053767189082,0.0393912331490006,0.001088402631200969,0.011373131007507415,-0.00034849850634875214,-4.876854557714363e-07,0.0029945093155222414,-0.002119787833614181,-1.3798409012079967e-07
0.6376112329372335,0.4735928811431465,0.7684636770023304,0.19154666533834114,0.03821010644688418,0.0003631151678341542,0.01140282522696756,-0.00037001575761654807,-7.333334431305498e-07,0.0029694131211540466,-0.002151865341572225,-5.993528461040406e-08
0.6395230973100118,0.4739631769883273,0.7684650313627229,0.19118643928962417,0.037028044402227116,-0.000362809853934145,0.011432225876748154,-0.00039186066155706434,-9.8249461485289e-07,0.0029400554867704985,-0.002184632485160247,2.6441649240454462e-08
0.6414313470850825,0.47432172671828365,0.7684590366420313,0.19082466865005038,0.03584507764417499,-0.0010893755717755612,0.011461293080086539,-0.0004140447423289884,-1.2353035831172444e-06,0.00290671014703791,-0.002218552119984596,1.1379060565299013e-07
0.6433359668159987,0.47466852212166366,0.7684456882812964,0.19046132049660733,0.03466124289420332,-0.0018163521315009926,0.011490042126150029,-0.00043654874550586395,-1.4915185062992174e-06,0.0028748937098096675,-0.002250546158216187,2.0447624615305724e-07
0.6452369407515351,0.47500355530792737,0.7684249838294541,0.19009636384342538,0.033476575156796716,-0.002543522637849267,0.011518533201335487,-0.00045932484152865047,-1.7505654596434585e-06,0.002849095915071558,-0.0022777568934734963,2.987195519183866e-07
0.6471342528972558,0.4753268186239335,0.7683969233003074,0.18972977399692806,0.03229110140361078,-0.0032706360113351706,0.011546816815039695,-0.00048233643640104327,-2.012072149733913e-06,0.002828349058073809,-0.0023013080396261406,3.8900915308093046e-07
0.6490278870683697,0.47563830460795437,0.7683615069534642,0.18936153141719414,0.03110484155882975,-0.003997668031108321,0.011574883721509296,-0.0005055842323503186,-2.27609047145662e-06,0.0028066776056867994,-0.0023249294605991707,4.757654944287605e-07
0.6509178268876933,0.4759380059986651,0.7683187356665553,0.18899161625029792,0.029917817087680553,-0.004724561380271426,0.011602685885897773,-0.0005290966108408797,-2.542980609719254e-06,0.0027802026317219415,-0.002351389251889074,5.601614494303549e-07
0.6528040557436382,0.4762259158031266,0.7682686109957069,0.1886200044330014,0.028730056356195615,-0.005451251304331153,0.011630195500418872,-0.0005528901112333302,-2.812949812014415e-06,0.0027509468471291687,-0.00237950310564852,6.438622063327327e-07
0.654686556762935,0.4765020273411355,0.7682111349915111,0.1882466693590889,0.027541591706048113,-0.006177685880745392,0.011657438590292859,-0.0005769429785122883,-3.085760998920783e-06,0.0027242935760124786,-0.002405441326649723,7.268207611424259e-07
0.6565653128367913,0.47676633421534137,0.7681463099024116,0.18787158724803485,0.02635245188435585,-0.006903839105949916,0.011684469013608452,-0.00060121031159735,-3.3609194344548074e-06,0.002703026122784552,-0.002426889165432536,8.076845499859515e-07
0.658440306681371,0.4770188302350939,0.7680741382315062,0.18749474036130384,0.025162658155551174,-0.007629681790920841,0.011711311794100345,-0.0006256658475656376,-3.6381454027315117e-06,0.002684261043254954,-0.002445710561961707,8.864706597147934e-07
0.6603115208744678,0.47725950937535255,0.7679946229716508,0.1871161143780729,0.023972228334341806,-0.008355167518507477,0.01173793705620264,-0.0006503245940925185,-3.917612382744045e-06,0.002662508380528874,-0.002466032823966386,9.660203278278107e-07
0.6621789378354477,0.4774883658169213,0.7679077674360373,0.18673569274366292,0.022781184358730527,-0.009080270120108449,0.01176429200745546,-0.0006752211836058392,-4.199725196321107e-06,0.002635476427762149,-0.0024898185630763724,1.0462668048518135e-06
0.6640425397749781,0.4777053940187923,0.7678135752919951,0.18635345400734474,0.021589555280456404,-0.00980495673661795,0.011790355972822112,-0.0007003672631334895,-4.484615628317304e-06,0.002606376942215894,-0.002514769077179729,1.1276072444377395e-06
0.6659023086748928,0.4779105887497691,0.7677120503874397,0.1859693750971762,0.020397372641383936,-0.0105292053284899,0.011816158477451913,-0.0007257332168822229,-4.771922197628376e-06,0.0025802299767230586,-0.002536757789367574,1.2107441785130183e-06
0.6677582263254456,0.4781039450467491,0.7676031968099888,0.1855834369287801,0.019204663634239297,-0.011252985283371849,0.01184174350466357,-0.00075127436043073,-5.061098445264906e-06,0.0025584813655325916,-0.002554277723323015,1.2961951914058787e-06
0.6696102743868583,0.47828545815181334,0.7674870187846116,0.18519562635919082,0.01801144935256504,-0.011976280573599256,0.011867118498389779,-0.0007769741926245748,-5.351931757499218e-06,0.0025374771494799846,-0.0025701474033126745,1.3836959561164729e-06
0.671458434413031,0.47845512349601177,0.7673635207563989,0.18480593215127766,0.0168177499570754,-0.012699073645359679,0.011892242892224967,-0.0008028572545588467,-5.6447022077028565e-06,0.0025124162572546394,-0.002588471349878661,1.472557866985622e-06
0.6733026878172328,0.4786129367517112,0.7672327074182608,0.18441433944345542,0.015623591106667459,-0.013421346011423212,0.011917067847217232,-0.0008289575806404547,-5.939810153794806e-06,0.0024824714212803387,-0.0026101989701387647,1.5621111296263161e-06
0.6751430158218776,0.4787588939002653,0.7670945836643167,0.18402082871354064,0.01442900475254175,-0.014143078675058743,0.011941584170770184,-0.0008552766131720711,-6.2372670092702895e-06,0.002451607306071072,-0.002632070821648536,1.6525287719364992e-06
0.6769793994516983,0.47889299124565393,0.7669491545394277,0.18362538035047227,0.013234023529175791,-0.014864250911756326,0.011965826243643913,-0.0008817754562019363,-6.536601561598236e-06,0.002424181289509295,-0.002650052790234642,1.7438760704002713e-06
0.6788118195840048,0.4790152253657377,0.7667964252453024,0.18322797996151863,0.012038675078535316,-0.015584840338158983,0.011989830154317685,-0.0009084102388940608,-6.837276964725838e-06,0.0024003641542561216,-0.0026636473444818028,1.8365508634600815e-06
0.6806402570089909,0.47912559305837243,0.7666364011721193,0.18282861872018003,0.010842982253151015,-0.016304827487053603,0.012013591344478167,-0.0009351736292011196,-7.13919886594221e-06,0.002376091185246269,-0.002676508631091302,1.929872939459871e-06
0.6824646924406743,0.4792240913443989,0.7664690877959527,0.1824272882564127,0.00964696876419796,-0.017024209785979905,0.012037065977414855,-0.0009620965472006548,-7.442734695887379e-06,0.002347434499307513,-0.0026924621413185854,2.0235387796176127e-06
0.6842851064725174,0.4793107175249738,0.7662944907796555,0.18202397570639656,0.008450664212704847,-0.017742974618797914,0.012060215259571475,-0.0009892086842798267,-7.748234450484911e-06,0.0023148984096064092,-0.0027113849941442607,2.117905767218942e-06
0.6861014795317629,0.4793854692357067,0.7661126159601376,0.1816186643008258,0.007254102917548695,-0.018461103821225695,0.012083043322433562,-0.0010164993762679974,-8.055564356723002e-06,0.002282775465609459,-0.002729241343892803,2.212775624966566e-06
0.6879137918970019,0.47944834448055773,0.7659234658899513,0.1812113394233714,0.00605731785240241,-0.019178918412400336,0.012105582371743312,-0.0010439202014359014,-8.364142057838613e-06,0.0022538731410992646,-0.0027422551683104145,2.3072983841437123e-06
0.6897220237404346,0.479499341484605,0.7657270485521994,0.18080199153859516,0.0048603377254868635,-0.01989586939103944,0.012127863929913009,-0.00107143191053509,-8.673475129429153e-06,0.0022281230996495562,-0.0027513437571211295,2.4033414280871392e-06
0.6915261551972872,0.4795384587204322,0.7655233710650889,0.18039061666037554,0.003663187091810777,-0.020612044687918364,0.012149875926020312,-0.001099037605936242,-8.9835902450227e-06,0.0022011659560555617,-0.002760742590247086,2.5001630929044916e-06
0.6933261663604113,0.47956569491651396,0.7653124401888132,0.1799772096144494,0.0024658926167151992,-0.021327487337897584,0.012171576836916874,-0.001126772602682743,-9.294912437254778e-06,0.0021700564425428956,-0.0027736731812572873,2.5970413661436083e-06
0.6951220372278526,0.4795810491090049,0.7650942627588531,0.1795617602142739,0.001268486454198152,-0.022042194941094204,0.012192940170718662,-0.001154659268461511,-9.607704697245146e-06,0.0021362976995563418,-0.002788840693310551,2.6945322051948007e-06
0.6969137476666236,0.479584520680357,0.7648688456177984,0.1791442556051247,7.100366478219289e-05,-0.02275616397955713,0.0122139810410465,-0.0011826749209688505,-9.921682713196352e-06,0.0021040503392927763,-0.0028017397949402405,2.79250035233241e-06
0.6987012774381641,0.4795761093376893,0.7646361957599632,0.1787246862387023,-0.001126523279195644,-0.023469371230996825,0.012234738306446124,-0.0012107680133052261,-1.0236204801076624e-05,0.002075688900513391,-0.002809483805329469,2.891314929337256e-06
0.7004846062668583,0.47955581505777195,0.7643963203371319,0.17830304912058045,-0.002324067050180388,-0.02418179608555516,0.012255231825321159,-0.0012389055102011086,-1.0550856604859977e-05,0.0020493133478752634,-0.0028139240269690244,2.990664054386815e-06
0.7022637138858672,0.47952363805875803,0.764149226514422,0.17787934477069736,-0.0035216023906991926,-0.02489344061345136,0.012275441699451694,-0.0012671004410177422,-1.0865788342997561e-05,0.0020209479520900977,-0.0028196672689127385,3.090384843347484e-06
0.7040385800175335,0.4794795788227945,0.7638949216984928,0.17745357113938243,-0.004719100987418004,-0.025604288427880453,0.012295330103514848,-0.0012953893754306248,-1.1181439942874855e-05,0.0019887999636917673,-0.0028290677409570967,3.1904213289589983e-06
0.7058091843196975,0.47942363815041744,0.7636334133775249,0.17702572131206934,-0.005916529774336754,-0.026314334979296434,0.01231488187821374,-0.0013237851073332806,-1.149795587573841e-05,0.0019551360194406276,-0.0028397476814654987,3.2911974016920968e-06
0.7075755063615521,0.4793558171818451,0.7633647091960691,0.17659578719202446,-0.007113854438419329,-0.027023559824164694,0.012334119469111837,-0.0013522539088488296,-1.181490591938282e-05,0.0019237166813473223,-0.002847054558445301,3.3929192250426324e-06
0.70933752566505,0.47927611736676684,0.7630888169297488,0.176163765443453,-0.008311044125116743,-0.027731941524448096,0.012353077721993757,-0.0013807430916522453,-1.2131632009740811e-05,0.0018957820076894382,-0.0028490921901978858,3.494844076918641e-06
0.7110952217752914,0.4791845404138961,0.7628057445608889,0.1757296591024239,-0.009508072321983663,-0.0284394563086229,0.012371766598611007,-0.0014092290977147399,-1.2447833471747034e-05,0.0018688435521295105,-0.0028487738255206807,3.5970070473794583e-06
0.712848574292784,0.47908108827513735,0.7625155002535842,0.1752934731633394,-0.010704913150302715,-0.029146091266612665,0.012390161437181897,-0.0014377341039209623,-1.2763770193777712e-05,0.0018394388841448876,-0.002850673299301244,3.6998252253132832e-06
0.7145975628270653,0.47896576312500944,0.7622180970248388,0.17485520823165424,-0.011901536959587644,-0.029851368644354864,0.01240823871853431,-0.001466292857011295,-1.3079847705226433e-05,0.0018076822404260156,-0.0028560476811648567,3.8043738544766565e-06
0.7163421669800748,0.47883856753574117,0.7619135406816607,0.17441486240388843,-0.013097911889307126,-0.030556011270191825,0.01242598838180164,-0.001494907394211094,-1.3396083352911816e-05,0.0017749195049420261,-0.00286162578979063,3.908990504644522e-06
0.7180823663104493,0.4786995043885385,0.7616018386516525,0.17397243286385666,-0.014294005055316736,-0.031259850631124964,0.012443434477626704,-0.0015235349580496691,-1.3711932087064239e-05,0.0017445619140086203,-0.0028629278026037104,4.01423655287217e-06
0.7198181403905968,0.47854857684960317,0.7612829990928771,0.17352792273732945,-0.01548978725501015,-0.03196280583541083,0.012460604747003124,-0.0015521254814195766,-1.4026762217252523e-05,0.001716978522174958,-0.002859222704631918,4.119520712899226e-06
0.7215494688749708,0.47838578833226525,0.760957030668605,0.1730813408503457,-0.016685232535809075,-0.032664825465930324,0.01247749960145334,-0.0015806668724163532,-1.434040820650873e-05,0.0016894363156935406,-0.0028543083021887565,4.225364913684498e-06
0.7232763315168038,0.4782111424966259,0.7606239423288333,0.17263269631164244,-0.0178803143260573,-0.03336588768994409,0.012494091699701818,-0.0016091888423242179,-1.4653231560861643e-05,0.0016591599318371592,-0.002852365246409966,4.331166199874405e-06
0.7249987081253881,0.47802464328921,0.760283743066457,0.17218199380192573,-0.019075002366612206,-0.03406599533222861,0.012510355135870281,-0.0016377221560904289,-1.4965606338554133e-05,0.001626292904249273,-0.0028534989112271535,4.43706170439236e-06
0.7267165785176751,0.47782629497747564,0.7599364420719661,0.17172923451946803,-0.020269263673916536,-0.03476512827332428,0.012526292503236437,-0.0016662568008759047,-1.527739634483486e-05,0.0015936852292914943,-0.002853631198880107,4.543144291383487e-06
0.728429922525551,0.4776161021459665,0.7595820488031274,0.1712744218107569,-0.021463066418954187,-0.03546325225763282,0.012541930345861948,-0.0016947438935925767,-1.558797751394387e-05,0.0015637320694315052,-0.0028488747782935775,4.649471092795785e-06
0.7301387200597175,0.4773940696601794,0.7592205728985748,0.17081756534519146,-0.022656382373064284,-0.03616034261741345,0.012557289807800276,-0.0017231397947612484,-1.5896789849708213e-05,0.00153589341965661,-0.002839754049402307,4.756056623141735e-06
0.7318429511690808,0.47716020263670367,0.7588520240796669,0.17035867924016054,-0.023849185446119022,-0.03685639250116817,0.0125723641226179,-0.0017514441971659405,-1.62038245993901e-05,0.0015073781409159959,-0.002830602589093263,4.862051071158231e-06
0.7335425960399301,0.47691450644910277,0.758476412281842,0.16989777624975597,-0.025041448024014274,-0.03755138837590672,0.012587126449431675,-0.0017796915574369034,-1.6509505612396746e-05,0.0014761787113751015,-0.002824897051269342,4.967887515111789e-06
0.7352376349452664,0.4766569867648791,0.7580937476266658,0.16943486437621946,-0.026233139097521382,-0.03824531754055184,0.012601558802042957,-0.001807905499241362,-1.681411505961369e-05,0.0014431806203845953,-0.002821554047281722,5.0741856913335196e-06
0.7369280482066553,0.4763876495718125,0.7577040403515606,0.16896994946153943,-0.02742422612146883,-0.038938166132798234,0.012615670368682346,-0.001836065187254357,-1.711737653554212e-05,0.001411101410196571,-0.002816127327098196,5.180837836702562e-06
0.7386138162169769,0.4761065011651607,0.7573073008367847,0.16850304089755203,-0.028614678444670427,-0.03962991197944581,0.012629486038391199,-0.0018641192329487111,-1.7418632189197505e-05,0.00138151123586538,-0.0028055613323836534,5.287384330878625e-06
0.740294919508164,0.4758135481120207,0.756903539646047,0.1680341543316573,-0.02980446854276669,-0.04032053191897626,0.012643019416942547,-0.0018920328431604064,-1.7717434505050947e-05,0.0013532817378414208,-0.0027915157327016884,5.393611276358913e-06
0.7419713387987085,0.47550879723134093,0.7564927674854435,0.16756330837516192,-0.030993569944255294,-0.04101001533283145,0.012656258813691538,-0.0019198169658635757,-1.8013906200011503e-05,0.0013238831696738755,-0.002778564997278075,5.500231524596441e-06
0.743643054977258,0.47519225560842887,0.7560749952143886,0.16709051891613844,-0.032181954165391616,-0.04169835519127697,0.012669180181970663,-0.0019475078635476032,-1.8308499971037815e-05,0.001292079863475777,-0.0027692407926562033,5.606309710505423e-06
0.7453100490490149,0.4748639306288147,0.75565023379291,0.16661579728393186,-0.033369589917578324,-0.04238554577978819,0.012681773139076785,-0.001975120312677892,-1.8601397062092966e-05,0.0012592382643471039,-0.0027613943451510756,5.711858374118499e-06
0.746972302109021,0.47452382999146114,0.7552184944049657,0.16613915406112187,-0.03455644542022166,-0.043071560792218,0.012694050770222084,-0.0020026240414490128,-1.889219938727162e-05,0.0012277052777179725,-0.002750520455318358,5.817718297743281e-06
0.748629795378904,0.47417196169112386,0.7547797884259249,0.16566060446538097,-0.03574249110044196,-0.04375637351812448,0.012706034549509526,-0.0020299686237180035,-1.918026070750135e-05,0.0011983198470993412,-0.002734603536744948,5.9230521767902295e-06
0.7502825102747671,0.4738083339889671,0.7543341273192734,0.16518016943029484,-0.03692769986191865,-0.04443997251961311,0.012717731242215648,-0.002057130429583119,-1.9465269763920983e-05,0.001169611027653505,-0.0027163234228611104,6.028296237320656e-06
0.751930428438892,0.4734329554003547,0.7538815227359128,0.1646978711551295,-0.03811204475479783,-0.04512234451776558,0.012729126167304509,-0.002084129920013753,-1.9747478014098474e-05,0.0011394340740481027,-0.00270008955993026,6.133202015514851e-06
0.75357353171036,0.473045834715917,0.7534219863835387,0.16421372816393134,-0.03929549663014514,-0.04580349188552705,0.012740199824024726,-0.002111001845359485,-2.0027316223649496e-05,0.0011073069741681595,-0.0026873309986218774,6.2380760688482345e-06
0.7552118020721543,0.47264698102548913,0.752955530261427,0.16372775503928796,-0.040478024317691264,-0.046483388029529886,0.012750948267128328,-0.0021377509850122804,-2.0304836851385925e-05,0.001074785354585528,-0.0026750504045866723,6.3426449121201604e-06
0.7568452216397453,0.4722364037268859,0.7524821664153655,0.1632399671378627,-0.041659596950716186,-0.047162023254829856,0.012761386182174272,-0.0021643401545993353,-2.057956250461997e-05,0.001043732409909178,-0.0026590510669335663,6.446402888980285e-06
0.7584737727077918,0.47181411250330085,0.752001907090522,0.1627503850242881,-0.04284018585483521,-0.04783937111713592,0.012771530025281412,-0.002190723722083748,-2.0850901268848166e-05,0.0010143252258875326,-0.0026384881418880964,6.549955001215125e-06
0.7600974377881323,0.4713801172160393,0.7515147717053854,0.16225903294054503,-0.04401976375375234,-0.04851471413506251,0.012781386771944252,-0.002216892996707638,-2.1118734306476346e-05,0.0009856156410710157,-0.002617056060243615,6.653102484895496e-06
0.7617161996834564,0.4709344281104024,0.7510207690032958,0.16176593689027127,-0.04519830435425679,-0.04918912652809358,0.012790937936777505,-0.0022428738130470228,-2.138338819598431e-05,0.0009550574686491561,-0.0025982076427860765,6.755428607037139e-06
0.7633300414050195,0.47047705568388726,0.7505199099561138,0.16127111719876855,-0.046375778138240314,-0.04986239263127702,0.012800167422995605,-0.002268695920695697,-2.164523853979894e-05,0.0009228895540624315,-0.002582334422176939,6.857088065524172e-06
0.7649389461306076,0.4700080107210351,0.7500122066570541,0.1607745914588388,-0.04755215430349928,-0.05053440108549721,0.01280907559095296,-0.002294353782433081,-2.1904208937820406e-05,0.0008907577110529294,-0.0025659074276363973,6.9581736333057926e-06
0.7665428972088099,0.46952730429923667,0.7494976717650303,0.16027637941244313,-0.04872740286733122,-0.051205089742974975,0.012817676243464735,-0.0023198062092533228,-2.215976560456557e-05,0.0008600062922676136,-0.0025453611872924223,7.058758074324651e-06
0.7681418782133429,0.46903494777108,0.7489763183130198,0.15977650615951025,-0.04990149574094281,-0.051874416220989504,0.012825980206705757,-0.0023450147954263293,-2.241140957170835e-05,0.0008303376304561887,-0.0025209740504796314,7.158870763396951e-06
0.7697358729966923,0.4685309527525978,0.7484481593578151,0.15927500018447102,-0.05107440572861564,-0.05254237999305854,0.012833983821853204,-0.0023699792257848994,-2.265913397806485e-05,0.0008003031138487273,-0.0024965553913952206,7.25810758781244e-06
0.7713248656892012,0.46801533112408966,0.7479132082320963,0.15877188823498684,-0.05224610467872942,-0.053208960970814755,0.01284167322716486,-0.002394731225641551,-2.2903341204075262e-05,0.0007688823523876519,-0.0024753095195008488,7.356679203221171e-06
0.7729088406535202,0.4674880950502298,0.7473714784241487,0.15826719280244064,-0.05341656279119662,-0.0538741496627207,0.01284903907712242,-0.0024192948841653575,-2.314433944971457e-05,0.0007365269872233198,-0.0024564727626451644,7.454259989931627e-06
0.7744877824466215,0.4669492569912842,0.7468229837001512,0.15776093463140184,-0.054585749696763226,-0.054537917584955166,0.012856085444562364,-0.002443656040312722,-2.3381943059156227e-05,0.000704578971319326,-0.0024362197808825495,7.551137330000154e-06
0.7760616758354074,0.4663988296980688,0.7462677380129435,0.1572531375587403,-0.05575363606081825,-0.05520024066398011,0.012862823675183951,-0.0024677730901408994,-2.361562021390307e-05,0.0006737656777800319,-0.0024118060660971597,7.646642952939208e-06
0.7776305058796806,0.46583682628959977,0.7457057476762232,0.1567438314385484,-0.056920194262462684,-0.05586187936515869,0.012869253920605199,-0.002491612301229929,-2.3844938272829448e-05,0.0006429676783536936,-0.002384018833071411,7.740937866313194e-06
0.7791942579342336,0.4652632601050377,0.7451370233283011,0.15623304699518742,-0.05808539562571487,-0.05652240478531675,0.012875367854849617,-0.002515181736619338,-2.4069993579628406e-05,0.0006113370842241805,-0.0023570379625217725,7.83487648462195e-06
0.7807529176448972,0.46467814474036573,0.7445615776696619,0.15572081254926592,-0.05924921045080442,-0.05718161852055344,0.012881152972016679,-0.002538514855612257,-2.4291214359240097e-05,0.0005784558176326552,-0.0023334032977658124,7.927994769967712e-06
0.7823064709040259,0.4640814940786133,0.7439794243301312,0.15520715251892028,-0.06041160784350454,-0.05783943259741346,0.01288660374245396,-0.0025616293865477163,-2.4508828778159694e-05,0.0005450215505437001,-0.00231154161536923,8.020091564925785e-06
0.7838549038228023,0.46347332229989213,0.7433905776239943,0.15469209070977744,-0.06157255683108095,-0.05849577689231843,0.012891725279162805,-0.002584504416981854,-2.472256401742398e-05,0.0005120986754389749,-0.0022875885123950757,8.111508880969787e-06
0.7853982027581349,0.46285364387846356,0.7427950521472394,0.15417565473028855,-0.0627320274492469,-0.059150618365854245,0.012896525760565757,-0.002607099447856215,-2.49318972440956e-05,0.0004799938015963386,-0.0022595851678768424,8.201997124358374e-06
0.7869363543677644,0.4622224735715981,0.7421928627129221,0.15365787655322063,-0.06388999060210784,-0.05980393404116239,0.012901007458812576,-0.0026293946353896647,-2.5136568551554308e-05,0.0004481162367393614,-0.0022295972768953867,8.29188662605906e-06
0.788469345637461,0.4615798264140771,0.741584024497069,0.15313878866148864,-0.06504641710530766,-0.06045569270335179,0.012905165070430689,-0.002651408168685123,-2.5336811281263776e-05,0.0004157082897540677,-0.0022014284477778505,8.380927466497468e-06
0.7899971638560012,0.46092571772620394,0.7409685529580206,0.15261842005190307,-0.06620127699988769,-0.06110587355383073,0.012908992212254803,-0.0026731732181465117,-2.5533053702402057e-05,0.0003826619370362928,-0.002176576937556507,8.469002545185984e-06
0.7915197965672323,0.4602601631226577,0.7403464638302447,0.15209679626120923,-0.06735453981342293,-0.061754452460479344,0.012912488628508762,-0.0026946999418108104,-2.5725432114488135e-05,0.0003495899923132303,-0.002152741324503702,8.555653432283547e-06
0.7930372315526987,0.45958317851225233,0.7397177731513378,0.15157394327348203,-0.0685061754359416,-0.06240139680761707,0.012915659995123424,-0.0027159631811497975,-2.5913620738618734e-05,0.000317085750266307,-0.002126389649942291,8.64151771489848e-06
0.7945494568648894,0.4588947800920386,0.739082497069094,0.15104989102048574,-0.069656154593959,-0.063046691859475,0.012918511673289614,-0.0027369280962095954,-2.609716995688564e-05,0.0002851177729850961,-0.002096553692153333,8.726485305952017e-06
0.7960564608749152,0.45819498433819134,0.7384406519589508,0.1505246726494572,-0.07080444847403605,-0.06369031549281279,0.012921044059353135,-0.00275758610755969,-2.6275969830211207e-05,0.00025318948549320094,-0.00206585972320469,8.81052166090239e-06
0.7975582322855882,0.4574838080064269,0.7377922543592342,0.14999832046330844,-0.07195102810228886,-0.06433225733764728,0.012923254342601498,-0.002777962134799546,-2.645034342955339e-05,0.00022098006222419345,-0.002037657926029565,8.893636331718405e-06
0.7990547600614695,0.45676126802579736,0.7371373302203358,0.14947086164774662,-0.07309586372692228,-0.06497158284464259,0.012925148344646451,-0.0027980910192173048,-2.66207420255654e-05,0.00018935269697615471,-0.002012940552384352,8.975881000602453e-06
0.8005460334717396,0.45602738177595536,0.736475891285754,0.1489423233022411,-0.07423892792641175,-0.06560971475575558,0.012926724444750598,-0.002817972547418369,-2.6787165254940276e-05,0.00015756327830439667,-0.001988201843135196,9.05715422680198e-06
0.8020320420205731,0.4552821668812063,0.7358079522844393,0.14841273221701967,-0.0753801918486198,-0.0662463519987155,0.012927983957625124,-0.0028375779972803924,-2.6949248592116248e-05,0.00012590545398827272,-0.001960590693049215,9.137038952943426e-06
0.8035127754913981,0.4545256412268822,0.7351335293190806,0.14788211920001407,-0.07651962703528194,-0.0668813549058687,0.012928927337823113,-0.002856879272271075,-2.7106633050512325e-05,9.429320890598827e-05,-0.0019301696631342565,9.2158058593454e-06
0.8049882239884297,0.4537578229651594,0.7344526392876503,0.14735051713329356,-0.07765720509983062,-0.06751464618826399,0.012929553583947116,-0.0028758777774390734,-2.7259339822557644e-05,6.258084091916251e-05,-0.0018998891565132144,9.293601681792653e-06
0.8064583779371886,0.45297873052113397,0.733765299506139,0.1468179570225551,-0.07879289759671994,-0.06814619013856008,0.012929862578567018,-0.0028946015984808843,-2.7407734690750823e-05,3.085664657344715e-05,-0.0018724174605639656,9.370494824413142e-06
0.8079232280466326,0.45218838259587024,0.7330715274807644,0.14628446618396973,-0.07992667621772818,-0.0687759730941843,0.0129298563248346,-0.002913075423260044,-2.7552147768086426e-05,-6.673084085275331e-07,-0.0018474147743389765,9.44569052807241e-06
0.809382765273545,0.4513867981634925,0.7323713408646649,0.14575007031819712,-0.08105851298024595,-0.0694039814351913,0.01292953639070586,-0.002931294804541344,-2.769252850216711e-05,-3.203443466479558e-05,-0.0018219673393775188,9.519610346080691e-06
0.810836980827026,0.4505739964679356,0.7316647574678701,0.14521479717966226,-0.08218838002202535,-0.07003019747615552,0.012928901506771596,-0.002949232567070257,-2.782853489039798e-05,-6.352838283338601e-05,-0.0017938021669690381,9.592036492629401e-06
0.812285866205923,0.4497499970239589,0.7309517952615154,0.14467867778006094,-0.08331624925815258,-0.07065460445590446,0.012927948752792493,-0.0029668693609265504,-2.7959922876516592e-05,-9.531426308941197e-05,-0.0017637018518582746,9.663318590592774e-06
0.8137294132264116,0.4489148196197609,0.7302324724963893,0.1441417438841104,-0.08444209235602436,-0.07127717784336139,0.012926677609784295,-0.002984215113148094,-2.808682926619521e-05,-0.0001271520622965501,-0.001734594337646706,9.73325018326437e-06
0.8151676140106321,0.44806848432093777,0.7295068074633131,0.143604024637412,-0.08556588119801523,-0.07189791946020654,0.012925091708230037,-0.0030012990068212695,-2.820963664634575e-05,-0.00015862690863654283,-0.001708405386057157,9.802171889368208e-06
0.8166004609454578,0.4472110114621629,0.7287748187369381,0.14306554581345432,-0.08668758822059773,-0.07251680513332254,0.01292319502476157,-0.0030181398508805648,-2.8328596605273255e-05,-0.00018970415040258498,-0.0016840974992669573,9.869793868116506e-06
0.8180279466562764,0.4463424216432956,0.7280365249637136,0.14252633250872793,-0.08780718620129363,-0.07313382821346222,0.012920986950490241,-0.003034728338484477,-2.8443599165557835e-05,-0.00022084223184559923,-0.0016588588672502794,9.935954841630412e-06
0.8194500640183248,0.4454627357265927,0.7272919450593961,0.14198641214921057,-0.0889246475816158,-0.07374896061276416,0.012918461972259081,-0.003051040044746244,-2.8554339870207012e-05,-0.0002525315201777818,-0.0016311775604909162,1.0000593784939437e-05
0.8208668061918488,0.44457197484510613,0.7265410980926433,0.14144581466808678,-0.09003994415743494,-0.07436218787871501,0.012915615286671149,-0.0030670644155865127,-2.8660689514950402e-05,-0.0002847010916535337,-0.001602440770480942,1.006413861382409e-05
0.8222781666385176,0.443670160409533,0.7257840032909627,0.14090456963316103,-0.09115304752539509,-0.07497349823062177,0.012912448781485295,-0.0030828180026614953,-2.8762871040819452e-05,-0.00031668193875412334,-0.0015753592995796442,1.012641510000136e-05
0.8236841391003789,0.44275731410696206,0.7250206799554638,0.14036270357972946,-0.09226392993682421,-0.07558288945169804,0.012908969782265921,-0.003098328723628588,-2.8861255065939348e-05,-0.00034793032819423057,-0.0015510698438346063,1.0187349015589064e-05
0.8250847175610746,0.4418334578885582,0.7242511475983379,0.1398202402974815,-0.09337256452164551,-0.07619034356745107,0.012905183029564721,-0.0031136092674050645,-2.8956016184031036e-05,-0.00037870470258330577,-0.001528049403068133,1.0246890209004612e-05
0.8264798962279505,0.44089861396212,0.723475425887764,0.1392772036676938,-0.09447892454490651,-0.07679584540157339,0.012901084206838194,-0.0031286471931605726,-2.9047005472922965e-05,-0.0004099106715306464,-0.0015037847943272884,1.0304970978805824e-05
0.8278696695062987,0.4399528046679636,0.7226935455420482,0.13873361838581555,-0.09558298166147644,-0.07739829040541941,0.01289666944961479,-0.003143430875612267,-2.9134083354017396e-05,-0.00044150303025996434,-0.0014783575777136838,1.0361740212776727e-05
0.8292540321317158,0.4389960528160137,0.7219055204972764,0.13818951332946883,-0.09668470939332739,-0.07799935856005555,0.012891930758793153,-0.0031579532073252917,-2.9217166582286497e-05,-0.00047389525908807446,-0.0014522195732084827,1.041742052386469e-05
0.8306329790990215,0.43802838145585254,0.7211113681576561,0.13764491456946265,-0.09778407909922154,-0.07859870706509399,0.012886872689220003,-0.0031722330325020935,-2.9296507836187218e-05,-0.0005058320695195951,-0.0014279661620018814,1.047190409547148e-05
0.832006505598827,0.4370498137594239,0.7203111187877382,0.13709984375810144,-0.0988810626842403,-0.07919505442952976,0.012881511103021548,-0.003186302338498118,-2.9372532620930185e-05,-0.0005361827901198147,-0.0014069117729039893,1.0524853259201228e-05
0.8333746070503029,0.43606037321449703,0.7195047973966001,0.13655432178665197,-0.09997563525587955,-0.07978892873949324,0.012875851240379134,-0.0032001709678183827,-2.9445384497838713e-05,-0.0005660095275318274,-0.0013868417413412546,1.0575925399267846e-05
0.8347372790774501,0.43506008358164144,0.7186924266926333,0.1360083697926818,-0.10106777135181957,-0.08038056094994599,0.012869884959486927,-0.003213827294050945,-2.9514923593208216e-05,-0.0005966503903660589,-0.0013656089886820873,1.0625825495447676e-05
0.8360945176109137,0.4340489691413048,0.7178740074671848,0.13546201331670524,-0.10215744590937181,-0.0809721431175821,0.012863603009579994,-0.00322725316914051,-2.9581054480888893e-05,-0.0006282162883782681,-0.001342561461885061,1.0661746036428094e-05
0.837446318701108,0.43302705410916775,0.7170495682507638,0.1349152730703589,-0.10324462888773657,-0.08156090434450598,0.012857001687258436,-0.003240456668761199,-2.9643825908586704e-05,-0.0006601525314918801,-0.0013203215022986278,1.0703040795958145e-05
0.8387926786317211,0.4319943629849328,0.7162191368833409,0.13436817067722065,-0.10432929312275194,-0.0821469176153586,0.012850091375653296,-0.0032534618824941767,-2.9703520629436914e-05,-0.0006910505431160673,-0.0013004906692266722,1.0746904189009481e-05
0.8401335939492782,0.43095092070786667,0.7153827260243145,0.13382072681404145,-0.10541141424722604,-0.08273170381791496,0.0128428790252118,-0.0032662821201400955,-2.9760301283174383e-05,-0.0007212535538865291,-0.001281990919271936,1.0791479641571364e-05
0.8414690614440066,0.42989675264246274,0.7145403335236158,0.1332729619071555,-0.1064909681520647,-0.08331674486439469,0.012835363565933634,-0.0032789109238665214,-2.9814126108474425e-05,-0.0007515635424821896,-0.0012628453896583593,1.0831818738418784e-05
0.8427990779047235,0.42883188387869703,0.7136920009588428,0.13272489093806789,-0.1075679246015104,-0.08389766996267203,0.01282753238440766,-0.0032913434750996558,-2.9864927714401523e-05,-0.0007831348415454775,-0.0012432179598920337,1.0872610704699254e-05
0.8441236404575365,0.4277563401568421,0.7128377376036915,0.1321765380887576,-0.10864225887171329,-0.08447771129135134,0.012819377757057722,-0.003303572334235497,-2.9912643190973962e-05,-0.0008154784689469489,-0.0012228465544136759,1.091006338492685e-05
0.8454427463288761,0.42667014719300983,0.71197757772469,0.13162792094460496,-0.10971394069937987,-0.08505437298143882,0.012810898233608146,-0.003315610646753933,-2.995742481450995e-05,-0.0008479671658239788,-0.0012037897883490324,1.0949071239143575e-05
0.8467563930530012,0.42557333128804453,0.7111115301102165,0.13107906041313172,-0.11078294549909477,-0.08563020533084245,0.0128021141873252,-0.0033274800015544986,-2.9999566379400606e-05,-0.0008784186257862873,-0.0011868921156335973,1.098629342913194e-05
0.8480645782176137,0.42446591868442096,0.7102396293838921,0.1305299692596486,-0.11184924625885244,-0.08620262755751558,0.01279303379006795,-0.003339198101905894,-3.0039286606356135e-05,-0.0009080529658055935,-0.001171764908765599,1.102424091432687e-05
0.8493672996666807,0.42334793616365296,0.7093618849721994,0.1299806652486344,-0.11291282076298562,-0.08677416088596428,0.012783655771521473,-0.0033507626122335353,-3.0076560503680678e-05,-0.0009378143226764533,-0.001156404135637702,1.1061627333144136e-05
0.8506645552771983,0.42221941043315897,0.7084783323688375,0.1294311616302963,-0.11397364052993587,-0.08734220129196049,0.012773955993432116,-0.003362163358960978,-3.0111259964851668e-05,-0.000969989455667411,-0.0011400259284595159,1.1098753169952534e-05
0.851956343205609,0.4210803687761638,0.7075889813935408,0.12888147846097533,-0.11503167952528122,-0.08790931845656853,0.012763925576609124,-0.0033733960757665613,-3.014333922767998e-05,-0.0010030524858760735,-0.0011232210699115444,1.1134953240831403e-05
0.8532426616660803,0.4199308384484538,0.7066938679278026,0.12833162930749115,-0.11608690696454389,-0.08847290928239739,0.012753567278612094,-0.0033844759527444524,-3.017299983494284e-05,-0.0010358398218223328,-0.0011079353587858734,1.117034816407861e-05
0.854523509112097,0.41877084721354796,0.7057930082651398,0.12778163062004613,-0.11713929776206054,-0.0890349345160776,0.012742894221708916,-0.003395416527769821,-3.0200421609585916e-05,-0.0010673149861442043,-0.0010940035588472622,1.1204980833216297e-05
0.8557988841978206,0.41760042326446023,0.7048864042116364,0.12723149733321942,-0.1181888279668028,-0.08959684384672495,0.012731918041718302,-0.0034062233240699535,-3.0225773518193917e-05,-0.0010976266207825172,-0.001080624256371661,1.1229712590767313e-05
0.8570687855698617,0.41641959467566037,0.7039740877669137,0.12668123959640737,-0.11923546902874582,-0.09015562057529285,0.012720622147220853,-0.003416892319290969,-3.0248961666020466e-05,-0.0011295973605124688,-0.0010668426357596365,1.1258671466709745e-05
0.8583332121131309,0.4152283900583826,0.7030560673371464,0.12613087455630015,-0.12027919500474273,-0.09071362666574573,0.012708986406099647,-0.003427411685513271,-3.026983776412533e-05,-0.0011635812562376514,-0.0010518781347594861,1.1287379039153684e-05
0.8595921627410447,0.4140268379863603,0.7021323787035795,0.12558041457071334,-0.12131997293101275,-0.09126812814521272,0.012696995301494067,-0.003437783377881901,-3.0288422671496424e-05,-0.0011991168400108429,-0.001037109163719577,1.1316467153609842e-05
0.8608456366340212,0.41281496764428743,0.7012030319636798,0.12502987642640714,-0.12235777557456,-0.09182169487959994,0.012684667824295894,-0.0034480227594095767,-3.030491151998863e-05,-0.001232753396771403,-0.0010238766226273624,1.1345535520845258e-05
0.8620936329850438,0.4115928081850941,0.7002680639679726,0.12447926890372173,-0.12339257352703811,-0.09237165312015697,0.012672023886891488,-0.0034581512339253028,-3.0319580190406385e-05,-0.0012643988056669447,-0.0010127846467525002,1.1374145869234302e-05
0.863336151211478,0.4103603893253284,0.6993274851912655,0.12392860483417191,-0.12442434453409118,-0.09292064158360012,0.012659075318872096,-0.0034681768857549233,-3.0332536485638747e-05,-0.0012948612889263325,-0.0010025011795673,1.1402181727139037e-05
0.8645731907032482,0.40911774069607465,0.6983813334360311,0.1233778915301399,-0.12545305985769167,-0.09346593118941607,0.012645797910533434,-0.00347809595946743,-3.034374271515115e-05,-0.0013277447259541135,-0.000991842156161716,1.1429183804402554e-05
0.8658047510737783,0.40786489250591307,0.6974296199294436,0.12282714304288185,-0.12647869292774158,-0.09401018291619172,0.012632170321327081,-0.0034879011389339232,-3.0353101794404566e-05,-0.001362762180415756,-0.0009804514603710538,1.1456593314542702e-05
0.8670308319298101,0.40660187494142325,0.69647238319709,0.1222763677516181,-0.12750121010929102,-0.09455067035817649,0.01261818343878103,-0.003497600026192597,-3.0360718038777224e-05,-0.001398690914786458,-0.0009698210445035025,1.1483132328539856e-05
0.8682514331095479,0.4053287188137345,0.6955096349120092,0.12172557791225763,-0.128520585086633,-0.09509007913375339,0.01260386580066145,-0.003507211060920229,-3.0366825581632074e-05,-0.0014317659510876032,-0.0009610347498349316,1.1509476316304564e-05
0.8694665544143091,0.4040454548880721,0.694541414155698,0.12117477771460651,-0.1295367896025412,-0.09562566913078639,0.01258923984125676,-0.003516754487977522,-3.0371690092538697e-05,-0.0014625976488990215,-0.0009542731198919343,1.1534700893861785e-05
0.8706761958305459,0.40275211448483184,0.6935677328822304,0.12062397576463578,-0.13054980253750026,-0.09616015441158123,0.012574311905615873,-0.0035262361302880445,-3.0375391874073515e-05,-0.0014927948676946128,-0.0009480938417096678,1.1559128545727957e-05
0.8718803573059775,0.40144872890605093,0.6925886248263681,0.12007317557251171,-0.13155959611270646,-0.09669136097923389,0.01255906310089835,-0.0035356606446421174,-3.0377998334869333e-05,-0.0015248813921079458,-0.0009423802950364547,1.15825570803397e-05
0.8730790389222695,0.40013532991842576,0.6916041053391858,0.11952238502107643,-0.13256614388638327,-0.097221131240574,0.012543465877723712,-0.0035450195893046584,-3.037941038601235e-05,-0.001559722817409153,-0.0009358225217909765,1.1605157458798851e-05
0.8742722407134941,0.398811949287174,0.6906142156884311,0.11897160780904568,-0.13356941269457215,-0.09774687632866641,0.012527516544725737,-0.003554322171566159,-3.037974756749899e-05,-0.0015949334195190122,-0.00093018556009373,1.1627223128733547e-05
0.8754599629019664,0.39747861940480617,0.6896189689622907,0.11842085112526762,-0.1345693781627135,-0.09827141324232415,0.01251125025913616,-0.0035635866458392338,-3.0379237147821134e-05,-0.0016266283773381433,-0.0009263741859491277,1.16492852085599e-05
0.8766422056220046,0.39613537260300385,0.6886184056202482,0.11787011433882927,-0.13556601378526362,-0.09879200505542653,0.012494687758814947,-0.003572830283950198,-3.037809934826186e-05,-0.0016562496261690021,-0.0009242901393025342,1.1670761310365948e-05
0.8778189691498874,0.3947822417536372,0.6876125383883375,0.11731940159266056,-0.13655929960858365,-0.09931142705299047,0.012477826243619608,-0.0035820557221356774,-3.0376374720647688e-05,-0.0016861509025990404,-0.0009224697508354634,1.169126811233672e-05
0.8789902536483626,0.39341925963353536,0.6866014078286223,0.11676871200200839,-0.13754920622199518,-0.09982690125333064,0.012460627402880078,-0.003591258872005634,-3.0374017160632247e-05,-0.0017198832284211595,-0.0009202405023317015,1.1711055107590398e-05
0.8801560594289972,0.3920464596104359,0.6855850268905854,0.1162180507935236,-0.13853570672983492,-0.10034119273010156,0.012443072790620574,-0.0036004383206206265,-3.0371017011107442e-05,-0.0017554601471913881,-0.000917869963821943,1.1729806199768247e-05
0.8813163867032139,0.39066387503701155,0.6845634365043292,0.1156674167542474,-0.1395187682357236,-0.10085150491647707,0.012425170799313882,-0.0036096076471494125,-3.0367542721309085e-05,-0.0017901978782300962,-0.0009168574517205241,1.1748358365391386e-05
0.8824712358229231,0.3892715398765638,0.6835366497584929,0.11511681209271094,-0.1404983682007677,-0.1013606195911502,0.012406963780266057,-0.0036187854999598272,-3.036382582299804e-05,-0.0018207005614757643,-0.000917709924912074,1.1766649783872817e-05
0.8836206070007151,0.3878694880087695,0.682504707853497,0.11456623164440588,-0.14147448142075042,-0.1018657256865184,0.012388468000145602,-0.0036279861511927195,-3.036004330540243e-05,-0.0018495766415488595,-0.0009199897263837095,1.1784634001518907e-05
0.8847645005503297,0.3864577538400595,0.6814676239409864,0.1140156754463364,-0.14244708835452294,-0.10236963098131781,0.012369670254912818,-0.003637209141847165,-3.0356190474443362e-05,-0.0018797731237584804,-0.000922223629923337,1.1802163326039318e-05
0.8859029167313777,0.38503637193089,0.6804254175188592,0.11346514098684965,-0.14341616165402168,-0.10287170626732375,0.012350534361989029,-0.0036464487900569396,-3.0352204469872494e-05,-0.0019135878408067367,-0.0009238893173033283,1.1818576302480288e-05
0.887035855669547,0.38360537682664775,0.6793781340762454,0.1129146240686689,-0.14438166800866647,-0.10336935699738636,0.012331037423220536,-0.003655708341110063,-3.0348128385810915e-05,-0.0019496923887036646,-0.0009258795670462666,1.1834298309127961e-05
0.8881633176128497,0.3821648037175333,0.678325789368626,0.11236412466519564,-0.14534358229948277,-0.10386555527277308,0.012311208603891751,-0.003665001804179977,-3.0344131447326734e-05,-0.0019828804699250704,-0.0009292708413516706,1.1849961286992349e-05
0.8892853027558231,0.3807146880116279,0.6772684040391161,0.11181363729718702,-0.14630188085416854,-0.10435980902243,0.01229109127007663,-0.0036743475749700443,-3.0340439514737424e-05,-0.00201173202676344,-0.0009345018292938384,1.186524568494165e-05
0.8904018112212051,0.3792550652867769,0.6762060025672663,0.11126315514855643,-0.1472565431711202,-0.10485173434560552,0.012270699618851797,-0.003683755468125632,-3.0337174578349746e-05,-0.002039163921370248,-0.0009407143618934866,1.1879911608055093e-05
0.8915128431234568,0.37778597145509624,0.6751385961589454,0.1107126736483211,-0.14820754844589173,-0.10534266288438614,0.012250001561134625,-0.003693214257203615,-3.0334199700950266e-05,-0.002069804674515136,-0.0009458041710986844,1.1893979855005636e-05
0.8926183984841499,0.3763074425586518,0.6740662051996488,0.11016218785198248,-0.14915486758392416,-0.10583168273860628,0.012228954677545343,-0.0037027145930191904,-3.033139902883731e-05,-0.002104687323329332,-0.0009499589949312737,1.1907669236457279e-05
0.8937184771995366,0.3748195147137833,0.6729888699897403,0.1096116913833141,-0.15009846797255427,-0.10631680528159104,0.012207554373114042,-0.0037122680714585087,-3.0328908244657727e-05,-0.0021400295197576153,-0.0009552734917674617,1.1921450807331125e-05
0.8948130791482609,0.37332222441032326,0.6719066242258263,0.10906117798073002,-0.1510383240054207,-0.10679868849407058,0.012185837666435943,-0.003721894166687339,-3.0326966397938037e-05,-0.002171669946096621,-0.000962535556893767,1.1934533537852909e-05
0.8959022041519621,0.371815608420294,0.670819498842917,0.10851063889800905,-0.15197441510063883,-0.10727760499475339,0.012163846671236538,-0.0037316115726367706,-3.032579375996287e-05,-0.0021990990830158207,-0.0009716671492854038,1.1947750394744536e-05
0.8969858519615473,0.37029970376462845,0.6697275187289818,0.10796006534568997,-0.15290672199772345,-0.10775416165345447,0.012141566597819292,-0.0037414138546946227,-3.0324615381076578e-05,-0.002228006901515112,-0.0009801543906325775,1.2029960966430502e-05
0.8980640222144194,0.3687745475963787,0.6686307161931059,0.10740944851281481,-0.15383521895211613,-0.10822762181834093,0.012118967446904553,-0.003751303333386185,-3.0323833910885794e-05,-0.0022599147988037337,-0.000988874163640207,1.2074048254866775e-05
0.899136714467577,0.3672401773262163,0.6675291222202759,0.10685877999282549,-0.1547598777233694,-0.10869812397034057,0.012096014034077974,-0.0037612787573758884,-3.0323599253600773e-05,-0.0022953411946146107,-0.0009974690003007479,1.2100904123004358e-05
0.9002039282734726,0.3656966308403581,0.6664227509430461,0.10630805297905246,-0.15568067076550296,-0.1091673544041011,0.01207270599355334,-0.003771339919907679,-3.0323982214631448e-05,-0.002330804196803999,-0.0010060432544571356,1.2119682071357585e-05
0.9012656629940538,0.3641439460576278,0.6653116417342134,0.1057572552819377,-0.1565975694261787,-0.10963278459781703,0.012049092835381673,-0.0037815106202561594,-3.0325294130105432e-05,-0.0023613163127090384,-0.0010169976438660383,1.2135300922261412e-05
0.9023219179083198,0.36258216118558895,0.6641958288147376,0.10520637463643566,-0.15751055527730978,-0.11009492599202743,0.01202521454609918,-0.003791808881515766,-3.0327758012080648e-05,-0.0023878298613486705,-0.0010297544853297305,1.214950742130572e-05
0.9033726921780711,0.361011314633344,0.6630753440311196,0.1046553979600465,-0.15841960982068312,-0.1105540183439463,0.012001061473120626,-0.0038022382166844147,-3.0331414518183072e-05,-0.0024153086863533063,-0.0010428626546012604,1.2162981333260119e-05
0.9044179848382272,0.3594314450055709,0.6619502183966337,0.1041043129245767,-0.15932470910573776,-0.11101015221143297,0.011976586443646717,-0.003812791822418684,-3.0336201539487707e-05,-0.0024475047701747097,-0.0010552904688305232,1.2173564776359577e-05
0.9054577948067493,0.357842591162673,0.6608204825214331,0.10355310798204498,-0.160225824090926,-0.11146337356319591,0.011951755974307247,-0.0038234663673185833,-3.0342095458142267e-05,-0.0024830491844434668,-0.0010673851438978254,1.2181558210850736e-05
0.9064921208913072,0.35624479226767364,0.6596861668654327,0.10300177086683712,-0.1611229264714323,-0.11191369629599787,0.011926588269432565,-0.003834271791756442,-3.0349216647767326e-05,-0.0025167732142041595,-0.0010804739343137422,1.2188412747303645e-05
0.907520961777003,0.35463808776068767,0.6585473021152111,0.10245028723071944,-0.1620159939946259,-0.11236109174325588,0.011901136340579987,-0.0038452267936164145,-3.0357790456706628e-05,-0.0025451961775148227,-0.0010954326537062481,1.219401588961033e-05
0.9085443160034795,0.35302251728697426,0.6574039190001889,0.10189864100703121,-0.16290500946712397,-0.11280555222343458,0.011875431424086813,-0.0038563441116565038,-3.0367963528239975e-05,-0.002570495566881468,-0.0011116653374522074,1.2199044247461717e-05
0.9095621819488264,0.3513981206510869,0.6562560481797028,0.10134681616294446,-0.16378995417716666,-0.11324708871887812,0.011849449142096754,-0.0038676214108618093,-3.037969689571088e-05,-0.002598232730546543,-0.0011276644941134424,1.2204069652644933e-05
0.9105745578337394,0.34976493784663476,0.6551037203100802,0.10079479800552976,-0.1646708029591851,-0.11368570970006808,0.011823135565853847,-0.003879048517067675,-3.0392860098296282e-05,-0.002631362722979111,-0.0011426461558716398,1.220892299082294e-05
0.9115814417376163,0.3481230091314368,0.6539469660471259,0.10024257262385994,-0.16554752634966002,-0.11412141963133046,0.011796465761430022,-0.00389062269342508,-3.0407410690342982e-05,-0.0026669860951921815,-0.0011573541069002135,1.221360707281654e-05
0.9125828316047758,0.34647237506481043,0.6527858161359024,0.09969012506607446,-0.16642009756918266,-0.11455420608729089,0.011769472019147562,-0.0039023560799186646,-3.0423476570694776e-05,-0.002699380488447566,-0.0011732761280118297,1.2218628577170675e-05
0.9135787252300366,0.3448130764656816,0.6516203014209326,0.09913743824569783,-0.16728849686228447,-0.11498405194985203,0.011742210844460445,-0.003914266717624949,-3.0441252062802622e-05,-0.0027261244160787018,-0.001191002365254633,1.222422150614797e-05
0.914569120235473,0.3431451543337321,0.6504504527317921,0.0985844938406778,-0.16815270832805052,-0.1154109564181812,0.01171470176704039,-0.003926362589880938,-3.0460812574973413e-05,-0.002750915410495529,-0.0012095269740348383,1.2230364028987043e-05
0.9155540140591026,0.3414686498167434,0.6492763010067729,0.09803127425713258,-0.16901271244908112,-0.1158349145329614,0.01168690582791043,-0.003938635961533023,-3.0482049812890717e-05,-0.002779602264697164,-0.0012272779981818745,1.2236941684568713e-05
0.9165334039663567,0.33978360426217885,0.648097877261647,0.09747776361156132,-0.16986848257610526,-0.11625592704561159,0.011658767293653876,-0.003951074294996406,-3.0504803954120593e-05,-0.0028138624019968307,-0.0012437751678404643,1.224349224544891e-05
0.9175072870694226,0.33809005929594926,0.6469152125773387,0.09692394660154711,-0.17071998918209944,-0.11667398996662946,0.011630273892170731,-0.003963676810584952,-3.052904943039799e-05,-0.0028493497433278695,-0.0012601943499833098,1.2250329322372728e-05
0.918475660330577,0.3363880568435505,0.6457283381242108,0.09636980647362373,-0.1715672074452158,-0.11708908836208357,0.011601471942353338,-0.003976458085258498,-3.0554936901438354e-05,-0.0028802052594123035,-0.0012780713102049715,1.2257680307362347e-05
0.9194385205438868,0.33467763906811593,0.6445372851423373,0.09581532434217586,-0.17241011999960604,-0.11750120751803418,0.011572417591050235,-0.003989435021960444,-3.058263831617264e-05,-0.002905446163810357,-0.001297638655410882,1.2266034880152343e-05
0.9203958643120415,0.33295884828933214,0.6433420849894058,0.09526048062134337,-0.17324871160505453,-0.1179103351331991,0.011543115888040065,-0.00400261078095129,-3.061216871448368e-05,-0.0029301821016103533,-0.0013175220275443843,1.227507684962727e-05
0.9213476880420317,0.3312317269729676,0.6421427690446864,0.09470525714104404,-0.17408296147896174,-0.11831647682921803,0.011513515140061298,-0.004015972580020041,-3.064336528025539e-05,-0.0029600873056726163,-0.0013361270807941944,1.2284138148550784e-05
0.9222939879631913,0.3294963178001288,0.6409393687553069,0.09414963763071536,-0.17491284163071533,-0.11871963405881235,0.01148356237534665,-0.0040295071850055255,-3.067605462070826e-05,-0.002995289621723681,-0.0013534086117055373,1.2293783563659748e-05
0.9232347601469952,0.32775266374289014,0.6397319156881021,0.09359360599542961,-0.1757383231202436,-0.11911979487105424,0.011453261296505656,-0.004043216889241434,-3.071024251944439e-05,-0.0030301216837689713,-0.0013709194735901905,1.2303971578965514e-05
0.9241700005066026,0.3260008080650461,0.638520441406468,0.09303714426566624,-0.17655938364787854,-0.11951695129021284,0.011422670504741904,-0.00405711887058366,-3.0746104324522525e-05,-0.003059093701207127,-0.0013901482150084764,1.2314775629855417e-05
0.9250997047734776,0.32424079424071456,0.6373049775890917,0.09248023244837518,-0.1773760081350054,-0.11991108420297465,0.011391841251537412,-0.004071227894004222,-3.078378729130975e-05,-0.0030829406356618766,-0.001410853530703566,1.2326154601203779e-05
0.926023868476638,0.32247266587960005,0.6360855560228875,0.09192285056352349,-0.17818818149405627,-0.1203021845085096,0.01136076180603538,-0.004085541191687278,-3.082323962873834e-05,-0.0031079606405892855,-0.0014312820288103888,1.2337942164947472e-05
0.9269424869457,0.3206964667390854,0.6348622086000256,0.09136498068138306,-0.1789958813776084,-0.12069025109692841,0.011329370377841522,-0.004100041594297972,-3.086424721057068e-05,-0.003139159603144251,-0.0014499934665381082,1.2349989766031793e-05
0.9278555553357133,0.31891224081048436,0.6336349671719336,0.0908066067793623,-0.1797990788855877,-0.12107529523691303,0.011297621660989576,-0.004114716440879301,-3.0906643605155836e-05,-0.003174889099218296,-0.001467438707571727,1.236269529702689e-05
0.9287630686455908,0.3171200323842813,0.6324038637198267,0.09024771245621453,-0.1805977464994679,-0.12145730097120387,0.011265537544913837,-0.004129572125368756,-3.095047893119998e-05,-0.0032084296773525786,-0.0014855233647221397,1.2375986794814975e-05
0.9296650217108151,0.3153198860244017,0.6311689303428986,0.0896882790454373,-0.1813918649190373,-0.12183624619187872,0.01123318580839119,-0.004144627561989425,-3.0995943946279164e-05,-0.003235192461823879,-0.0015054995451467663,1.2389873037119612e-05
0.9305614091778441,0.3135118464746773,0.6299301991922696,0.08912828621087843,-0.18218142114979083,-0.1222121191391607,0.011200607796369376,-0.00415989396654767,-3.1043142870823984e-05,-0.0032578208006376805,-0.0015265973580284287,1.2404254514908523e-05
0.9314522254871959,0.3116959585967136,0.6286877025277152,0.08856771442322792,-0.182966399758302,-0.12258491326032427,0.011167774241084397,-0.004175362263968668,-3.1091949561118914e-05,-0.003283375869547267,-0.0015467875845982218,1.2419357250456955e-05
0.9323374648855813,0.3098722674079675,0.6274414725679618,0.08800654673985717,-0.18374677684670274,-0.12295464325874612,0.011134616951211089,-0.004191011849128451,-3.114211309450952e-05,-0.003315749971916908,-0.0015649171532817823,1.2434799278167521e-05
0.9332171214537414,0.30804081817490486,0.6261915417188336,0.08744476785771928,-0.18452252323891932,-0.12332129572706775,0.011101103298156943,-0.004206832435500084,-3.119349483249939e-05,-0.003351386880456651,-0.001582017985628962,1.2450933332589699e-05
0.9340911891230681,0.30620165646498654,0.6249379423839218,0.0868823614782785,-0.1852936137414986,-0.12368486469009786,0.011067273503495659,-0.004222834734634571,-3.124619098988454e-05,-0.0033830016769385114,-0.0016001900209075953,1.2467641424636452e-05
0.9349596616611962,0.30435482809387304,0.6236807070836827,0.08631930879935373,-0.18606003235650756,-0.12404532682810472,0.011033199900611568,-0.004239038337007629,-3.1300395742560875e-05,-0.0034073832223574588,-0.001620321205106721,1.2484903954263989e-05
0.9358225326447001,0.3025003790244689,0.6224198683599654,0.08575558989731862,-0.18682176775536094,-0.12440267528572621,0.010998909478509946,-0.004255449396557863,-3.1356159577727107e-05,-0.003429065894687756,-0.0016410678073139361,1.2502152437779691e-05
0.9366797954485541,0.30063835532418715,0.621155458819863,0.08519118652932271,-0.18757880364023907,-0.12475691069623249,0.01096435517751057,-0.004272052254245081,-3.141328834337917e-05,-0.0034554544584895794,-0.0016602483927735982,1.2519801243684028e-05
0.937531443266235,0.29876880322678506,0.6198875111861308,0.08462608337213551,-0.18833111459634433,-0.12510803255377262,0.010929467416541046,-0.004288824366082365,-3.1471515443752836e-05,-0.003488801020982033,-0.0016771744296708692,1.2537607538667327e-05
0.9383774691418945,0.2968917692320985,0.6186160581756686,0.08406026631112315,-0.18907867199983072,-0.12545604407745115,0.010894230191750164,-0.004305759060899261,-3.153074881316671e-05,-0.003523747933680471,-0.0016934332962833159,1.25555866196744e-05
0.9392178659802347,0.29500730013299536,0.6173411325923215,0.08349371957550626,-0.18982145365379283,-0.12580092713730756,0.01085870093623177,-0.004322871091129371,-3.159112481910975e-05,-0.00355295160024374,-0.001711167474647143,1.2574286506640329e-05
0.9400526265264548,0.29311544293902675,0.6160627673083613,0.08292642489432486,-0.190559446849892,-0.12614266281405548,0.010822950940976519,-0.004340178943569824,-3.165282127702015e-05,-0.003575026249797086,-0.0017307504235039243,1.2593548672745529e-05
0.9408817433390145,0.291216244774464,0.6147809952829267,0.08235836362320896,-0.19129264122940112,-0.12648124041188777,0.010786988807480094,-0.004357682428852446,-3.1715815173321115e-05,-0.0035962407455520534,-0.0017503144180344243,1.261313277713768e-05
0.9417052087878882,0.2893097528620983,0.6134958494817413,0.08178951963740473,-0.19202101912898376,-0.12681666912216144,0.010750751945887607,-0.004375359870184521,-3.1779849927131226e-05,-0.0036237141204664798,-0.0017677105893616888,1.263319645142207e-05
0.942523015082491,0.28739601460683056,0.6122073630189087,0.0812198798243061,-0.1927445539290706,-0.12714894475657532,0.010714174882246191,-0.004393188610366775,-3.184466277618077e-05,-0.0036577347801891114,-0.001782840896846385,1.265341349230611e-05
0.9433351543042745,0.28547507769151514,0.6109155689884825,0.0806494316190534,-0.19346321834015487,-0.12747806862847383,0.010677261276990839,-0.004411166951389991,-3.191022100758367e-05,-0.0036913893857602026,-0.0017978013862171994,1.2673375450086069e-05
0.9441416184093445,0.2835469900769127,0.6096205005649888,0.08007816018593053,-0.19417699369602875,-0.12780402035621496,0.01064008297135957,-0.0044293133817973245,-3.19766959256956e-05,-0.003717859946969746,-0.0018146108151339707,1.2694269696341429e-05
0.9449423992022433,0.28161179990387597,0.6083221909877553,0.07950604842506726,-0.19488587025531293,-0.12812678198939384,0.01060270421851405,-0.004447643402502885,-3.204423388623669e-05,-0.0037379052614666852,-0.001832970410420776,1.2715321817968048e-05
0.9457374883121341,0.2796695554000094,0.6070206735807572,0.07893307980683344,-0.19558983785931844,-0.12844634638725802,0.010565112831894295,-0.004466149477894322,-3.211273292086815e-05,-0.003759169191627694,-0.0018505763854553805,1.273684345724055e-05
0.9465268772007702,0.2777203048923732,0.6057159816735845,0.07835924103462538,-0.19628887710550277,-0.12876272514115183,0.010527234135137686,-0.004484804988730365,-3.2181893771006765e-05,-0.0037879006287911423,-0.0018655202761527442,1.2758429523022281e-05
0.9473105571975677,0.2757640969093298,0.6044081487150144,0.07778452161719648,-0.1969829606114859,-0.12907591566118942,0.010489012142752439,-0.004503589430764966,-3.225148426391169e-05,-0.0038222305142250204,-0.001878413619758437,1.2779964932211007e-05
0.9480885195289945,0.2738009802644879,0.6030972081210757,0.07720891078554354,-0.19767206320116354,-0.12938591668806343,0.010450472046311037,-0.0045225068431847095,-3.232152595361606e-05,-0.0038540412546608756,-0.0018917108910038649,1.280196730998166e-05
0.9488607553126165,0.2718310040260809,0.6017831934115894,0.07663239506026223,-0.19835616999862515,-0.1296927032342711,0.010411695657707144,-0.0045415780271017385,-3.239221215761447e-05,-0.003877670896053847,-0.0019070883699349415,1.2824787851992338e-05
0.949627255527164,0.26985421740410165,0.6004661381515851,0.07605495918163323,-0.19903527362823809,-0.12999626106944975,0.010372734381926077,-0.0045608140968706416,-3.246364188969916e-05,-0.003896160087558727,-0.0019235773344769872,1.2847663974091502e-05
0.9503880109939955,0.26787066967397183,0.5991460759521057,0.07547658945944778,-0.19970936328540706,-0.13029659068763652,0.010333554214684586,-0.004580199814244158,-3.2535633329447154e-05,-0.003918049628273264,-0.0019385423749558432,1.2871271426443734e-05
0.9511430123949863,0.2658804102188764,0.5978230405300193,0.07489727594307712,-0.2003784175984211,-0.13059369524966358,0.010294073402191701,-0.004599705392770004,-3.2607865291803956e-05,-0.0039481144038131894,-0.0019505286054846652,1.2894597877316586e-05
0.95189225031294,0.26388348864448624,0.5964970656497919,0.07431701101364242,-0.20104240908913118,-0.13088757684066152,0.010254251410431604,-0.004619314182364125,-3.268014910489469e-05,-0.003982232495712484,-0.001960849730607737,1.2918111440467998e-05
0.9526357152551509,0.2618799548415514,0.5951681850698624,0.0737357858895104,-0.20170131548133202,-0.13117822749025676,0.010214134966257556,-0.004639036335067752,-3.275257242537234e-05,-0.004011677943847496,-0.0019721861054189664,1.294180456897085e-05
0.9533733976385721,0.2598698589255085,0.5938364326054268,0.07315358886004268,-0.20235512575095335,-0.1314656255054431,0.010173810479844841,-0.004658893152398212,-3.282533597938679e-05,-0.004032482469215848,-0.0019856527341667544,1.2965736138090284e-05
0.954105287757992,0.257853251114715,0.5925018421535764,0.07257040720144262,-0.20300383415090759,-0.13174975580595646,0.010133311395334615,-0.004678889405755252,-3.289847227484596e-05,-0.004049942597994583,-0.0019995965188774473,1.2989796000542323e-05
0.9548313757758023,0.2558301816787464,0.591164447673599,0.07198623075162718,-0.20364742853306078,-0.13203062110119757,0.01009258303863176,-0.004699002629143418,-3.297173602553954e-05,-0.004072870023699879,-0.0020112935786661735,1.3014130048977375e-05
0.9555516517503064,0.2538007010107864,0.5898242831796738,0.07140105329071654,-0.20428588571205222,-0.13230823030448963,0.010051542395098208,-0.004719202143870237,-3.304480436211754e-05,-0.004104098762431572,-0.002019922608418473,1.3038351911215161e-05
0.9562661056777463,0.25176485974609814,0.5884813826527661,0.07081487016543749,-0.2049191789507564,-0.13258259013803006,0.010010168993089333,-0.0047394771075167305,-3.311755626094697e-05,-0.004137374608193487,-0.002027467338966057,1.3062439883545889e-05
0.956974727506373,0.2497227087955946,0.5871357802075771,0.07022767472419018,-0.20554728955743964,-0.1328536746571112,0.009968529562564998,-0.004759842997294676,-3.319012954677468e-05,-0.0041639775227488044,-0.0020365598604650125,1.3086975655202894e-05
0.9576775071146385,0.24767429925803455,0.5857875099604458,0.06963945748580573,-0.206170210166107,-0.13312146749396192,0.009926708373345711,-0.0047803195981084255,-3.326270984418144e-05,-0.0041821535437989756,-0.00204763096760409,1.3111418263647533e-05
0.958374434280154,0.24561968229893205,0.5844366061427275,0.0690502089145073,-0.20678793576890853,-0.13338595407016351,0.009884716726513068,-0.004800904098028707,-3.3335253392040774e-05,-0.004199199436546336,-0.0020584208601441734,1.3136164822923626e-05
0.9590654986804482,0.24355890913038758,0.5830831029454329,0.06845992289621433,-0.20740045229067228,-0.1336471510096816,0.009842481713420594,-0.004821568141256984,-3.3407468324974945e-05,-0.0042235360540509425,-0.00206637503126727,1.3160795145262379e-05
0.9597506899287996,0.24149203110890366,0.5817270346570534,0.06786859709824901,-0.2080077350448323,-0.1339050624211926,0.009799925773365746,-0.004842282618825205,-3.347905923293033e-05,-0.004255628598184155,-0.0020714181652787037,1.3185121456095722e-05
0.9604299976140824,0.2394190998474643,0.5803684356112937,0.06727622981582988,-0.20860975889869107,-0.1341596829332799,0.00975705171759216,-0.004863043483119819,-3.3549977697052746e-05,-0.004287439992221316,-0.002076056519932326,1.3209240402479509e-05
0.9611034113062831,0.23734016721885798,0.5790073401348658,0.06668281670491803,-0.20920650922940737,-0.1344109971808215,0.00971394256810744,-0.004883870268792073,-3.36203999705941e-05,-0.004310949268995117,-0.0020826484282130482,1.3233780952565167e-05
0.9617709205273293,0.23525528524202818,0.5776437826094525,0.06608835096776257,-0.20979798177862222,-0.1346589846018652,0.009670673712486593,-0.004904779173199621,-3.369047470115245e-05,-0.004326919859471186,-0.002090860148802689,1.3258177161872048e-05
0.9624325148276912,0.23316450612109704,0.5762777786372617,0.0654928279281341,-0.2103841747340298,-0.13490552449694482,0.009627232599604872,-0.0049257585780378525,-3.376008186220705e-05,-0.00434414550250908,-0.0020979099853836998,1.3282307349263569e-05
0.9630881835358256,0.23106788187881042,0.5749093731257975,0.06489624423587952,-0.21096506648158544,-0.1351477018978122,0.00958353240536895,-0.004946776592948265,-3.3828903888169684e-05,-0.00437005339654321,-0.002101770637084885,1.3306495559167055e-05
0.963737916094256,0.2289654648975482,0.5735385864010464,0.06429860292411828,-0.21154063566757647,-0.13538798756442988,0.00953950492962205,-0.0049678067282127245,-3.389668198085837e-05,-0.004402781174840989,-0.002102982200608108,1.333028053716145e-05
0.9643817018147117,0.22685730762239906,0.5721654654952578,0.06369990379127383,-0.2121108546613654,-0.13562370484990155,0.009495179464969543,-0.004988853119517307,-3.396344410232946e-05,-0.00443257970222595,-0.002104607350922858,1.335444135974339e-05
0.9650195300555107,0.224743462786375,0.5707900505824681,0.06310014533797856,-0.2126757144257063,-0.13585552079524188,0.0094506507153927,-0.005009937872924192,-3.4029390268783696e-05,-0.0044529079273794726,-0.0021084432073267367,1.3378870803354834e-05
0.9656513901679965,0.22262398324964483,0.569412378782954,0.062499324080884607,-0.2132352136703964,-0.13608372825514914,0.009405978684467405,-0.005031071813141317,-3.409460990207411e-05,-0.004467235836683407,-0.002113361579358782,1.340385745483141e-05
0.9662772714678391,0.22049892189710238,0.5680324859285669,0.06189743848669913,-0.21378934630152452,-0.13630846249687723,0.009361125086544181,-0.005052236704631507,-3.415892351652068e-05,-0.004485392217636965,-0.002116456318134309,1.3428897728910841e-05
0.9668971632507479,0.21836833167876374,0.5666504075913453,0.06129449127391038,-0.2143380935741293,-0.13652976706431108,0.00931599597649089,-0.00507339855509197,-3.422201317452049e-05,-0.004512942947102153,-0.002116151687495103,1.345322506405946e-05
0.9675110548380601,0.21623226574158264,0.5652661790212369,0.06069048767806624,-0.2148814299234335,-0.13674768302272955,0.009270544107449355,-0.005094538265356735,-3.428370066467923e-05,-0.004545218266525089,-0.002113937067628956,1.3477017913134268e-05
0.9681189355999541,0.21409077749819103,0.5638798356192903,0.060085431513102805,-0.21541933613585473,-0.13696218453475142,0.009224822275583335,-0.005115665923265434,-3.4344077326374696e-05,-0.004572214010166766,-0.002112731283555442,1.350058088542849e-05
0.9687207949415512,0.21194392056093256,0.5624914127091597,0.059479323445541826,-0.21595180614844217,-0.13717325919677606,0.009178929134020018,-0.005136803512532734,-3.4403337610779925e-05,-0.004589344535216825,-0.002113723966330041,1.3524572733472813e-05
0.9693166222696515,0.2097917486035382,0.5611009454893856,0.05887216326589774,-0.21647883963745837,-0.1373809108476717,0.009132903486833304,-0.005157954873963502,-3.4461510898287564e-05,-0.004602594663348611,-0.0021151007490795063,1.354873108462195e-05
0.9699064069827714,0.20763431530054885,0.5597084690976333,0.058263953734352836,-0.21700042843856607,-0.13758515695876603,0.00908668330802,-0.005179095242802853,-3.451836860567377e-05,-0.0046220472690714,-0.0021140009597714325,1.3572714007950602e-05
0.9704901385020733,0.20547167440990155,0.5583140185826314,0.05765470185295197,-0.21751655163637257,-0.1377860246600589,0.009040174129069458,-0.005200191550444065,-3.457361097785727e-05,-0.0046509465645851065,-0.0021095941839432775,1.3596290344086698e-05
0.9710678063155015,0.20330387990636953,0.5569176289540223,0.05704441613406906,-0.21802718456636894,-0.13798352238220776,0.00899335186184,-0.005221232130248435,-3.4627133973221506e-05,-0.004682254612966496,-0.002104020708702145,1.361952576621424e-05
0.9716393999926091,0.20113098602170965,0.5555193352946806,0.056433102845632195,-0.2185323121501047,-0.13817762729223854,0.008946291673856206,-0.005242232773643465,-3.4679083691225206e-05,-0.004706045977826212,-0.0021000264542604397,1.3642258510676852e-05
0.9722049091618726,0.19895304714544132,0.5541191726037186,0.05582076533927699,-0.21903193221859624,-0.13836832777036231,0.008899088843109259,-0.005263213259766872,-3.4729633492525594e-05,-0.004720309627857957,-0.0020980101989151465,1.3665280346791223e-05
0.9727643234788775,0.19677011768796543,0.5527171759567442,0.05520740710736799,-0.21952604484526467,-0.13855561251789977,0.00885175653122852,-0.0052841699010384,-3.4778753280310454e-05,-0.004733257093099829,-0.0020956251820578088,1.3687943737459878e-05
0.9733176326273882,0.19458225205631027,0.5513133804589821,0.05459303530483784,-0.22001463939545693,-0.13873949438893154,0.008804212838512116,-0.005305073231872336,-3.482619022000547e-05,-0.004754394388481448,-0.002090293507425681,1.3709746124701877e-05
0.9738648263578235,0.19238950476593852,0.5499078211387679,0.05397766090459302,-0.22049769325472407,-0.13891999855898585,0.008756369838080582,-0.005325893731720121,-3.487169176271697e-05,-0.004784324230221484,-0.0020820096802911018,1.3730855960981738e-05
0.9744058945265084,0.19019193056680736,0.5485005330504152,0.05336129528537553,-0.22097518365424443,-0.1390971216421873,0.008708230187126261,-0.005346627703504076,-3.491523131852431e-05,-0.004813988330092876,-0.0020733561471519024,1.375156851985105e-05
0.9749408270996075,0.1879895844468761,0.5470915513214067,0.05274394701529231,-0.221447100031042,-0.13927083673646362,0.00865988693518977,-0.0053672946408376285,-3.4956982116993134e-05,-0.004834347560224427,-0.0020666520625281064,1.3772201320920732e-05
0.9754696141244213,0.1857825215055916,0.5456809110826164,0.052125622283560866,-0.22191344340658722,-0.13944112526064745,0.008611424542663932,-0.0053879101392130925,-3.499707729067824e-05,-0.004846260815018177,-0.0020615075930073843,1.3793303524982227e-05
0.9759922457036365,0.18357079683133531,0.5442686475210721,0.05150632844950921,-0.22237421324439413,-0.13960798368759428,0.008562828421394195,-0.005408463106695211,-3.50354272085983e-05,-0.004859632829831226,-0.002055253902534025,1.3814081711947504e-05
0.9765087120070907,0.1813544655159346,0.5428547958150214,0.05088607689477931,-0.22282939611373587,-0.13977143232851894,0.008514001757950081,-0.005428921885181034,-3.507176832859042e-05,-0.004882686037420679,-0.002045834301556679,1.3834415865502433e-05
0.9770190033131426,0.1791335827880783,0.5414393911669806,0.05026488205419659,-0.22327896839479408,-0.1399314838083801,0.00846487088839474,-0.00544926282331496,-3.51059120984724e-05,-0.004913105527542607,-0.002034049500767159,1.385389903889167e-05
0.9775231100408723,0.1769082041220261,0.5400224687636481,0.04964275769665212,-0.2237229102258292,-0.14008813305072407,0.00841546662316175,-0.005469489933355923,-3.513790201500079e-05,-0.00494044398871651,-0.0020226659591422533,1.3872989492123915e-05
0.9780210227431506,0.17467838520168874,0.5386040638165985,0.049019714530705874,-0.2241612157043423,-0.14024135504647237,0.008365893765490021,-0.00548962423593329,-3.516792582115879e-05,-0.004957302219823379,-0.0020133845738965527,1.3891621303234781e-05
0.9785127320748203,0.17244418177489276,0.537184211606116,0.04839576166175433,-0.22459388814821188,-0.1403911280934463,0.008316218761229954,-0.005509675583503642,-3.519607765915334e-05,-0.004967515909475265,-0.0020050884872643317,1.3909704598086768e-05
0.9789982287752304,0.1702056495551942,0.535762947467948,0.04777091026991605,-0.22502092541354504,-0.14053745482900482,0.008266398939082162,-0.0055296265365610405,-3.522222268564825e-05,-0.004981996646878445,-0.0019950484066732915,1.3927388883150285e-05
0.979477503689361,0.1679628442762087,0.5343403067292027,0.04714517553744754,-0.22544231126779068,-0.14068035775031498,0.008216329874632585,-0.0055494460343607,-3.524611952880779e-05,-0.005006919683679455,-0.001981902167665423,1.3944218978938537e-05
0.979950547809249,0.16571582183784594,0.5329163246837053,0.04651857473308781,-0.22585802210945946,-0.14081985119740445,0.008165958904930366,-0.0055691176135352245,-3.5267646619278575e-05,-0.005037108938742817,-0.001967109558112016,1.3960490793081318e-05
0.9804173522955498,0.16346463838614037,0.5314910367016031,0.04589112355458272,-0.22626804186745322,-0.14095591489629938,0.008115344227430588,-0.0055886517277746245,-3.5286904608828126e-05,-0.005061478494813313,-0.0019533623753354504,1.3976160958972984e-05
0.9808779084621475,0.16120935023889643,0.5300644781601622,0.045262834714489004,-0.22667236912520736,-0.14108852429327923,0.008064594538334474,-0.005608068746697559,-3.5304069576838526e-05,-0.00507497852021762,-0.0019416522394948145,1.3991723786542362e-05
0.9813322077449563,0.1589500137324661,0.5286366844963255,0.04463372020410329,-0.22707100844418235,-0.14121766350673534,0.008013752231466812,-0.00562737217634055,-3.531917926032126e-05,-0.005084239176014817,-0.0019302927345308076,1.400729895200963e-05
0.9817802416933796,0.1566866851562244,0.527207691197935,0.044003794757947454,-0.22746395528944263,-0.1413433415097953,0.007962748758564044,-0.00564654002122293,-3.533207277850347e-05,-0.005100354559363714,-0.0019167336315714452,1.4022301600268484e-05
0.9822220019987288,0.15441942084426227,0.5257775336841098,0.0433730767744989,-0.22785119094510276,-0.14146558739251575,0.007911479689726981,-0.005665544062558731,-3.53425490521746e-05,-0.0051269128102218375,-0.001900352588870929,1.4035988700707976e-05
0.9826574805317845,0.15214827732314268,0.5243462473735583,0.04274158568043061,-0.22823269285802653,-0.14158440682072584,0.007859918560784298,-0.005684375669197851,-3.5350554141819154e-05,-0.005156117438242023,-0.0018831084258352229,1.4049413314025914e-05
0.9830866693536181,0.1498733113561825,0.5229138677764881,0.04210933866558635,-0.2286084494185172,-0.14169977243728243,0.0078081479434005075,-0.005703050014677182,-3.535622806855634e-05,-0.0051770649700894275,-0.001867381689593014,1.4062028643158195e-05
0.9835095606936928,0.14759457983373678,0.5214804303869215,0.04147635031266825,-0.22897846319647847,-0.1418116625104409,0.007756272126378801,-0.005721584709128246,-3.535972309557385e-05,-0.00518758369979238,-0.0018534160402539374,1.407445651046318e-05
0.9839261469226421,0.14531213962445233,0.5200459706882751,0.04084263540640742,-0.22934273884331824,-0.14192007431790316,0.007704304940673509,-0.0057399767081748555,-3.536102887081178e-05,-0.005196719320006011,-0.0018391459621165322,1.4086832860735184e-05
0.9843364205526568,0.14302604754867254,0.5186105242417752,0.040208211850315284,-0.2297012688287875,-0.14202501931076064,0.007652156142014361,-0.005758201634424531,-3.535997641602152e-05,-0.005214879262033447,-0.0018224380950920516,1.4098621678911324e-05
0.9847403742696383,0.14073636050156066,0.5171741266116797,0.03957310055390042,-0.23005403251957163,-0.1421265180859122,0.007599729751062499,-0.0057762363217630066,-3.535640660025674e-05,-0.005242637037607428,-0.0018034135721533894,1.4109981633231377e-05
0.9851380009642838,0.1384431355910776,0.5157368134245192,0.03893732241884497,-0.23040100950970432,-0.14222456364202019,0.007547028951807714,-0.005794079798573894,-3.5350337078212184e-05,-0.005270076415403399,-0.001784291913852235,1.4120337350677358e-05
0.9855292937333912,0.13614643014221697,0.5142986202798311,0.03830089575355416,-0.23074219304105612,-0.14231913592055873,0.007494155270273679,-0.005811749834953288,-3.5341920266091974e-05,-0.005287363270458637,-0.001766947338813963,1.4130431595527641e-05
0.9859142458538515,0.13384630155837043,0.5128595827360967,0.0376638368306106,-0.23107758885363452,-0.14241021810357185,0.007441200279037177,-0.00582926011057417,-3.533127755628477e-05,-0.005295492930328066,-0.0017509707914626753,1.4140211358100113e-05
0.9862928507603761,0.13154280718824046,0.5114197363876486,0.03702616291752701,-0.2314072005357084,-0.14249780965289974,0.0073881472108945,-0.005846601956207623,-3.531836547811478e-05,-0.005305299277572757,-0.0017341273201160086,1.4149445257217287e-05
0.9866651020548326,0.12923600434253643,0.5099791168688713,0.03638789447957316,-0.23173101731992002,-0.14258192970277975,0.00733489036641977,-0.0058637508332718795,-3.530302248166455e-05,-0.005325675465187938,-0.0017148299462432794,1.4158295827871955e-05
0.9870309935394905,0.1269259504405473,0.5085377597720516,0.03574905414041599,-0.23204901754405952,-0.1426626001334326,0.007281350216305967,-0.0058806900740515575,-3.5285153798316054e-05,-0.005354004519834687,-0.0016938657854337822,1.4166080548117072e-05
0.987390519238852,0.12461270312652449,0.5070957007911431,0.03510966360778966,-0.232361184010331,-0.1427398030480785,0.007227560917685716,-0.005897425319026983,-3.5264830250012925e-05,-0.005378917894736479,-0.0016734657187451557,1.417266873781025e-05
0.9877436733923659,0.12229632023064824,0.5056529755518419,0.034469741933009314,-0.23266751487988865,-0.14281351944538812,0.007173635859608037,-0.005913974955374418,-3.524220581946036e-05,-0.005392492447842061,-0.0016549044412611897,1.4178970460148847e-05
0.9880904504264517,0.11997685961081808,0.5042096197658141,0.03382930684668816,-0.23296801801895878,-0.14288372409869157,0.007119646149189323,-0.005930347606888731,-3.521735966261841e-05,-0.005398956328974193,-0.0016372055848173266,1.4185355334040695e-05
0.9884308449405195,0.1176543790476221,0.5027656691486745,0.03318837770040653,-0.23326269494552737,-0.14295042670817193,0.0070655444438889195,-0.005946530422154966,-3.519023026840574e-05,-0.00541015442082937,-0.0016182215823891408,1.4190543068061954e-05
0.9887648517230719,0.11532893630458987,0.5013211593834882,0.03254697678624046,-0.23355153172661103,-0.14301365587431403,0.00701121738416866,-0.005962501078171462,-3.5160684610030343e-05,-0.005432688380457223,-0.0015970052492551231,1.419510352350069e-05
0.9890924657820537,0.11300058928711312,0.4998761261092439,0.03190512762528447,-0.2338345067251834,-0.14307342865427516,0.006956608958607059,-0.005978249826945899,-3.512868040624454e-05,-0.005460823449919429,-0.0015748141200462931,1.4198985284665754e-05
0.9894136823577683,0.11066939612766227,0.4984306050077228,0.03126285215176349,-0.23411160684300517,-0.1431297261857042,0.0069017828308407395,-0.005993787372764401,-3.509431725160974e-05,-0.005482592208279652,-0.0015536934715322701,1.4202355125505416e-05
0.9897284969072424,0.10833541510356437,0.4969846318415914,0.030620169842646396,-0.23438283483350403,-0.14318251331791196,0.006846855991473355,-0.006009130778057977,-3.505773659755834e-05,-0.005492661984521586,-0.0015342791304470296,1.4205376913972944e-05
0.9900369050796749,0.10599870447269596,0.4955382423489425,0.029977099629595317,-0.23464819955881494,-0.14323178180285598,0.0067918726629274916,-0.006024283285354634,-3.5018984557574224e-05,-0.005498309540144652,-0.0015151890722536982,1.420801044318512e-05
0.9903389027107296,0.10365932240542075,0.4940914721334629,0.029333662425757096,-0.23490769969036934,-0.14327756173726133,0.006736757854232952,-0.006039229831384978,-3.497798433953171e-05,-0.005511456140665647,-0.0014945926759571098,1.421009126493866e-05
0.9906344858404215,0.10131732708302224,0.49264435693975683,0.028689881538102348,-0.23516131852882644,-0.14331986453598022,0.006681399389468463,-0.006053952279906215,-3.493464504226201e-05,-0.005535820272521569,-0.0014721826427647382,1.4211085333083881e-05
0.9909236507392699,0.0989727768579928,0.49119693245949336,0.02804578061180204,-0.2354090356531883,-0.1433587016803902,0.006625770122302151,-0.006068447534915128,-3.488897109055773e-05,-0.005562899034340251,-0.0014494630274422906,1.421167979536432e-05
0.9912063939122348,0.09662573029991865,0.48974923442362756,0.02740138132376928,-0.23565084272330997,-0.14339404845425022,0.0065699595773333315,-0.006082729335921555,-3.484108234761493e-05,-0.005581025403280288,-0.0014281174201629938,1.4211552602237762e-05
0.9914827120794049,0.09427624607578028,0.4883012985533739,0.02675670331962117,-0.235886746520173,-0.14342587973270393,0.0065140789032805905,-0.006096811870549873,-3.479109788850195e-05,-0.005588036967527452,-0.0014081906291955465,1.4211001807678193e-05
0.9917526021549242,0.09192438279127046,0.48685316059143535,0.026111766334224722,-0.2361167556597107,-0.14345418970042842,0.006458141455062703,-0.006110694116611875,-3.473904052928279e-05,-0.005593713048918143,-0.001388161641712438,1.4209644072511398e-05
0.992016061247197,0.08957019896506761,0.4854048562544743,0.025466592159154557,-0.23634086544107466,-0.14347900313121634,0.006402049607306575,-0.006124360627864078,-3.468483926003727e-05,-0.005609151619515655,-0.0013665880219678988,1.4207550197655476e-05
0.9922730866793964,0.08721375316158038,0.48395642130304856,0.024821204335861585,-0.23655905720368248,-0.14350033913213975,0.006345701319276866,-0.0061377983258426435,-3.462843905178659e-05,-0.005634794225263289,-0.0013437065544423153,1.4204763611526889e-05
0.9925236760082519,0.08485510413849182,0.4825078914905162,0.024175625948265774,-0.23677131294022064,-0.14351819715649997,0.006289101702858088,-0.0061510101665287675,-3.4569890295304724e-05,-0.005659925668894508,-0.0013211207186544084,1.4201043017053925e-05
0.9927678270202301,0.08249431084841663,0.48105930254204365,0.023529877988633287,-0.23697762945679773,-0.14353255430871573,0.006232360100512184,-0.006164010887519402,-3.450931335013053e-05,-0.00567412293603119,-0.0013000086957576855,1.4196809358960407e-05
0.9930055377103336,0.08013143228878832,0.47961069022958036,0.022883979962282537,-0.2371780166710895,-0.14354338293583463,0.006175572878898009,-0.006176811103483866,-3.444679987402201e-05,-0.00567868358980446,-0.00127995818139082,1.4192268457110616e-05
0.9932368062666558,0.07776652736240927,0.47816209031190177,0.022237951988321583,-0.23737248178893933,-0.14355068845275734,0.006118720068484065,-0.006189406116865368,-3.438235092514766e-05,-0.0056852411936946425,-0.0012594379253979195,1.4186940380732764e-05
0.9934616310761109,0.07539965489822431,0.4767135385650221,0.021591816059618626,-0.23756101653206332,-0.14355449524141567,0.006061688432266522,-0.006201782265956788,-3.4315911616363715e-05,-0.005703122460463698,-0.001237551495930404,1.4180961145044121e-05
0.9936800107437472,0.07303087380827002,0.4752650707120768,0.0209455951600987,-0.23774360123649646,-0.14355482798662988,0.006004394443978133,-0.00621393209800168,-3.4247465143418166e-05,-0.0057293563400871465,-0.001214919800846124,1.4174390405091549e-05
0.9938919441033816,0.07066024321080043,0.4738167224853224,0.020299311259568836,-0.23792022137064045,-0.14355167665550422,0.005946876331578912,-0.006225862867015712,-3.417708606699512e-05,-0.005751767466726133,-0.0011930135457428799,1.4166995980632713e-05
0.9940974302080494,0.06828782238520907,0.4723685295958299,0.019652984352546504,-0.23809087883130028,-0.1435450145573029,0.005889255210385551,-0.006237588769185195,-3.410488581110988e-05,-0.005762067128001468,-0.001172526955892995,1.4159184488864872e-05
0.9942964683098323,0.06591367060334574,0.4709205277737681,0.01900663351341315,-0.23825558555224494,-0.14353482189158703,0.005831604772469937,-0.00624911651503474,-3.403093339410022e-05,-0.005764997622356441,-0.0011527114514853535,1.4150686666086528e-05
0.9944890578503681,0.06353784702031662,0.4694727527225973,0.01836027870477087,-0.23841434632752115,-0.14352111310549778,0.0057738727023563825,-0.006260439787773766,-3.3955219425348635e-05,-0.00577315965585987,-0.0011322642769722169,1.4141683770157071e-05
0.9946751984689962,0.06116041074105321,0.46802524018670727,0.01771394138649517,-0.23856714949214944,-0.14350391213463767,0.005715938621338296,-0.006271547771443457,-3.3877708814225706e-05,-0.005793359535643675,-0.0011107355091413342,1.4132177775834345e-05
0.9948548900191451,0.058781420989682344,0.4665780258403612,0.017067643307713584,-0.2387139755412517,-0.14348323936660876,0.005657745024616326,-0.006282438533026515,-3.379842142020413e-05,-0.0058193099055225345,-0.0010890134600159845,1.4121825467481579e-05
0.9950281325711076,0.05640093719756423,0.4651311453893043,0.01642140485463042,-0.23885481434441824,-0.14345907495545424,0.005599361459028173,-0.006293121970820485,-3.3717436493896735e-05,-0.005838305639267183,-0.0010682812753598555,1.4111402358487454e-05
0.9951949263990898,0.05401901891334295,0.46368463452741027,0.015775244744780693,-0.23898967254854853,-0.14343139036402933,0.0055409115747398225,-0.006303610392206827,-3.363485427918115e-05,-0.005844936417540043,-0.001048779869954103,1.4100093256723355e-05
0.9953552719643505,0.05163572562861694,0.4622385289114985,0.0151291812665289,-0.23911856287800004,-0.1434001781667967,0.005482439820881058,-0.006313907215573923,-3.355072485623959e-05,-0.005847122312670746,-0.001029620328808192,1.408789347509608e-05
0.9955091699099508,0.04925111670826742,0.4607928642337341,0.014483233667784546,-0.2392414869154319,-0.14336545362491873,0.005423864646167608,-0.00632400578629752,-3.346503542649563e-05,-0.005857463326601969,-0.0010097953312589605,1.407552155838505e-05
0.9956566210709683,0.04686525149983202,0.45934767613849525,0.013837422201719869,-0.2393584301590583,-0.1433272491255003,0.005365068179256814,-0.006333899164987694,-3.337777728432359e-05,-0.005879591467878385,-0.0009892764045486984,1.406243652689146e-05
0.9957976264849584,0.04447818950100724,0.4579030002496762,0.013191766822008668,-0.23946937450649408,-0.1432855726478152,0.0053060242757929,-0.006343589882776785,-3.328899464624466e-05,-0.0059043340714378225,-0.0009690106163670507,1.4048461822961392e-05
0.9959321873895386,0.042089990405268445,0.4564588721573045,0.012546285993738292,-0.23957431486798839,-0.14324040426624482,0.005246829372562553,-0.006353089083028853,-3.319877277218443e-05,-0.005919433049239213,-0.0009498591987195819,1.4034040265127075e-05
0.9960603050667034,0.03970071389976145,0.4550153491166655,0.011900996781370349,-0.2396732568745972,-0.14318955092110433,0.0051875923434633086,-0.006362405372740652,-3.310718200380603e-05,-0.005923644680955048,-0.0009315685088335567,1.4019249820669928e-05
0.9961819811774293,0.03731041968493358,0.4535724566082041,0.011255916742782634,-0.23976621864871356,-0.1431361859786916,0.005128328134015321,-0.0063715403343966755,-3.301425708013012e-05,-0.005926361781886292,-0.0009134360853355892,1.4003936422847418e-05
0.9962972175284633,0.03491916732741835,0.4521302240689478,0.010611063786304695,-0.2398531973043901,-0.14307993772817565,0.005068933908261723,-0.006380488614349042,-3.2919995503805544e-05,-0.005939362476195584,-0.0008947683053563702,1.3988221525091057e-05
0.9964060159459203,0.03252701633682585,0.4506887056526337,0.009966456254057291,-0.23993417060712616,-0.14301836086626019,0.005009297115915152,-0.006389246262789009,-3.2824406989970496e-05,-0.005963618204840289,-0.0008757055584341215,1.3971596723855659e-05
0.9965083786372553,0.030134026498995974,0.44924792549512754,0.009322112230367335,-0.24000912862567522,-0.14295445382318966,0.00494943053122245,-0.006397819930608068,-3.272755319879952e-05,-0.005986596547687313,-0.0008573079276728762,1.3954184596795732e-05
0.9966043078175458,0.02774025769303376,0.44780793399532604,0.008678047902124135,-0.24007806554881309,-0.14288556316942386,0.004889445314833852,-0.006406219600534573,-3.262950895045256e-05,-0.005998458872968553,-0.0008399085980086889,1.3936254096005582e-05
0.9966938060502468,0.025345769903342953,0.44636875337156984,0.008034278972504262,-0.24014100029934426,-0.14281448141181113,0.004829445917058778,-0.006414453303054579,-3.253033068038405e-05,-0.005999876203133257,-0.0008233123368154676,1.3918613356175458e-05
0.9967768758787477,0.022950622904983335,0.44493043271655996,0.007390820926172643,-0.24019793728768526,-0.14273852723298489,0.004769403581795946,-0.0064225195642225496,-3.2430036215361926e-05,-0.006004169154662573,-0.0008065686926795909,1.3900450895086993e-05
0.996853520184315,0.020554876454992137,0.4434929934428028,0.006747690216859098,-0.2402488758546036,-0.14266049560738386,0.004709203449420491,-0.006430415680359941,-3.2328634375468944e-05,-0.0060199480742480676,-0.0007895546901475887,1.3882055815463363e-05
0.9969237418323018,0.01815859029518157,0.44205648441898626,0.006104902939766663,-0.24029379235556042,-0.14257766187590426,0.004648755587661861,-0.006438141671913483,-3.22261562645726e-05,-0.0060447202408861304,-0.0007725427503970063,1.3862449226644457e-05
0.9969875440327376,0.01576182443860808,0.44062092681044074,0.005462474515475586,-0.24033268027318783,-0.14249278423685857,0.004588108795515624,-0.0064457063740950265,-3.212266216930882e-05,-0.006064612546833654,-0.0007564143539128609,1.3842778405586149e-05
0.9970449299708435,0.01336463896020171,0.43918636911882447,0.004820418852689202,-0.2403655390042086,-0.14240309885954372,0.004527386162989895,-0.006453118623636505,-3.201821682216976e-05,-0.0060721958937930585,-0.0007411696533532803,1.3822513491287301e-05
0.9970959031527253,0.010967093971324081,0.4377528324059578,0.004178749529340807,-0.240392389469953,-0.14231132983110226,0.004466667859782961,-0.0064603843830674905,-3.1912862708810716e-05,-0.006071762298498481,-0.0007265212197024341,1.3802505835549445e-05
0.9971404670424026,0.008569249358999368,0.4363203648850157,0.003537480123763888,-0.24041323363898257,-0.14221477617441797,0.004405891440579297,-0.006467502108397157,-3.180661580696128e-05,-0.006077573245320992,-0.000711718396305172,1.3781975327379589e-05
0.9971786254197399,0.006171165005332706,0.43488898756229444,0.0028966246704806046,-0.24042806758915997,-0.1421161868735774,0.0043449363922488885,-0.006474471775856127,-3.16995036614239e-05,-0.006095435523282224,-0.0006969132099158659,1.3760396044451508e-05
0.9972103820278231,0.003772900822664553,0.4334587485604491,0.0022561966441526785,-0.24043686842665868,-0.1420128642839805,0.0042837415416529,-0.006481296360672211,-3.1591558931714866e-05,-0.006119415136653013,-0.0006824055605692837,1.3738494121149709e-05
0.997235740924726,0.0013745169793500634,0.43202966881845933,0.0016162085796926913,-0.24043963458643797,-0.14190750654797388,0.0042223886679324755,-0.006487985588190236,-3.148284404216459e-05,-0.006135216876758453,-0.0006688704661639238,1.3716125500208752e-05
0.9972547061177602,-0.0010239263348564118,0.430601796260768,0.0009766719572595621,-0.24043637080612562,-0.1417973843751473,0.004161002414899224,-0.006494546301935863,-3.137341175248244e-05,-0.006138554270341958,-0.0006560197416101512,1.3692945687273384e-05
0.9972672819071142,-0.0034223689609493993,0.4291751519135257,0.0003375980074187867,-0.24042709892338146,-0.1416851752211008,0.004099631102686407,-0.006500982904334675,-3.12633026334604e-05,-0.006137059677397576,-0.0006436092724635644,1.36690986625804e-05
0.9972734725300413,-0.005820750965611494,0.427749783671999,-0.00030100193142228545,-0.2404118179860133,-0.14156821342030676,0.0040381825564072184,-0.006507294354101754,-3.11525287593445e-05,-0.006144782581497094,-0.0006310946806162745,1.3645124434460834e-05
0.9972732825080873,-0.00821901240243136,0.426325713063329,-0.0009391158925148244,-0.24039052123286936,-0.14144916366654037,0.003976537697513115,-0.0065134759477584875,-3.1041089315600444e-05,-0.006164413340504956,-0.0006181097457526451,1.3620799299112374e-05
0.9972667165655685,-0.010617093175592887,0.42490294932599365,-0.0015767322684403723,-0.2403631960047742,-0.14132925920194223,0.003914675341613666,-0.006519532290075096,-3.092901850291534e-05,-0.0061861625614432775,-0.0006055853000796967,1.3596344262433905e-05
0.9972537793321229,-0.013014933084047362,0.423481534502156,-0.0022138410845633466,-0.24032983438992633,-0.1412051932822583,0.0038527017361286667,-0.006525477090287292,-3.081638756869485e-05,-0.006197287087424747,-0.0005944317969238012,1.357153834840004e-05
0.9972344754383898,-0.015412471930530313,0.4220615256395861,-0.0028504333880157396,-0.24029044801415675,-0.14107543700980513,0.003790731114602665,-0.006531317319701672,-3.070324432759468e-05,-0.006196988290706189,-0.0005839754376351643,1.3545965020349373e-05
0.9972088098145186,-0.017809649596692453,0.42064294811621117,-0.0034865004872017356,-0.2402450593390516,-0.14094315361069013,0.0037287755767925488,-0.006537057354568075,-3.058962082730179e-05,-0.006195479539797951,-0.0005739567113175731,1.3520133614580404e-05
0.9971767873225665,-0.020206406172205836,0.4192258513038565,-0.004122033530826527,-0.24019366450921525,-0.1408059705681455,0.003666719202986086,-0.006542697514550438,-3.0475538390580164e-05,-0.006205562774654133,-0.0005639699587187984,1.34935056542015e-05
0.9971384130937578,-0.02260268170318797,0.4178102572357019,-0.004757024168340942,-0.24013625546541004,-0.14066664568496892,0.0036044588020559417,-0.006548242827342273,-3.036103022177753e-05,-0.006225965144580324,-0.0005544859852164909,1.3466539298054784e-05
0.9970936921769699,-0.024998416134540243,0.4163962136321397,-0.005391464687297577,-0.24007281471103095,-0.14052260719419107,0.00354200312010898,-0.006553699594934856,-3.024613343104642e-05,-0.006245492928707822,-0.0005456322216260075,1.3439184132875323e-05
0.9970426298671952,-0.027393549226353807,0.41498374258397297,-0.0060253484999855805,-0.24000335158182348,-0.14037638652507356,0.0034794798407405095,-0.0065590767499386065,-3.013089471747393e-05,-0.006252252384451188,-0.0005376717305078916,1.3411328898772986e-05
0.9969852313583141,-0.029788020812919487,0.41357289201969477,-0.006658669275575931,-0.23992787856928574,-0.14022537585217282,0.003416984940186834,-0.006564377998980763,-3.001533285001153e-05,-0.006249414229398783,-0.0005300819053243121,1.3383859511962333e-05
0.9969215020798382,-0.03218177086186412,0.4121636836765251,-0.007291421086432223,-0.23984641518432975,-0.1400721993256731,0.0033544934925576987,-0.00656960670568745,-2.9899466474638582e-05,-0.006249068676133858,-0.0005228284456223754,1.3356621649530654e-05
0.9968514473554895,-0.034574739524043184,0.4107561648992878,-0.007923597870499646,-0.23975895344598422,-0.13991432645650065,0.0032918748629967957,-0.0065747643003199975,-2.9783319026617667e-05,-0.006261786624428494,-0.0005157180185710671,1.3328390368658897e-05
0.9967750727375067,-0.03696686687992575,0.4093503569445032,-0.00855519376279582,-0.2396654838038575,-0.13975438554992586,0.003229044022306943,-0.0065798497997934455,-2.9666903028630307e-05,-0.0062830075012278155,-0.0005085092884290264,1.32993896557369e-05
0.9966923839167311,-0.03935809283602273,0.407946269584896,-0.00918620333850818,-0.23956600009369125,-0.13959351182398447,0.003166051799910845,-0.006584869444812407,-2.9550245465753633e-05,-0.00629914545404408,-0.0005019246350842675,1.3270496744983668e-05
0.9966033864308748,-0.04174835723586042,0.40654394491381113,-0.009816622174853412,-0.23946050536233734,-0.1394284392375733,0.0031030352768868378,-0.006589834336865524,-2.943339259810899e-05,-0.006301575329946798,-0.0004964501392823198,1.3241240318080158e-05
0.9965080857674187,-0.04413760003032305,0.4051434390747745,-0.010446446557164448,-0.23934901639594028,-0.1392577453136737,0.003040062782871732,-0.006594748541806035,-2.931636790375413e-05,-0.0062971722580611586,-0.0004913822322945598,1.3211579724865522e-05
0.9964064875115473,-0.04652576135260479,0.40374479923372936,-0.011075672918956255,-0.23923154586406145,-0.1390823426997783,0.0029770676633705806,-0.006599614491756344,-2.919918824289547e-05,-0.006299434647209829,-0.0004865575396312532,1.3181608634129908e-05
0.9962985974725285,-0.0489127814134834,0.4023480440888407,-0.011704298393634065,-0.23910809337543704,-0.1389051069787237,0.0029139250368972673,-0.0066044378479922445,-2.908188149568007e-05,-0.006314185203770256,-0.0004822989796165143,1.3151083956321848e-05
0.996184421320906,-0.05129860038192283,0.40095321855100613,-0.012332320246280361,-0.23897863959526158,-0.13872342967985676,0.0028505764215249105,-0.006609223832092014,-2.8964473073875364e-05,-0.006334783970160185,-0.000478562583007319,1.311997588246295e-05
0.9960639647724002,-0.05368315826319982,0.3995603647935518,-0.012959736603691778,-0.23884318113785988,-0.1385375640035499,0.0027871030619366364,-0.006613978794782761,-2.8846989194505948e-05,-0.006347258285867188,-0.0004754612641480961,1.3088430495095766e-05
0.9959372335850211,-0.05606639500671878,0.39816952155829555,-0.013586546139395403,-0.23870173246413015,-0.13834782046833674,0.002723636814473968,-0.006618707617243665,-2.8729446106541826e-05,-0.006346546978423271,-0.00047284806453524363,1.3056970783432093e-05
0.9958042335457605,-0.05844825069470559,0.39678072539523246,-0.014212747750297886,-0.23855431354275972,-0.1381544078388418,0.0026602165546165935,-0.006623413098736456,-2.8611859828878518e-05,-0.006341948133846305,-0.0004705147919810145,1.3025007020183139e-05
0.9956649704642968,-0.060828665605131164,0.3953940113027611,-0.014838340512151172,-0.23840093197291518,-0.1379575026746631,0.0025967477156259595,-0.006628097828473328,-2.8494244028472924e-05,-0.006346805972410873,-0.00046844044121509444,1.2992652672902974e-05
0.9955194501670953,-0.06320758008483834,0.3940094133994434,-0.015463323949023567,-0.23824157842212937,-0.1377572214030113,0.00253310589723995,-0.006632766589098088,-2.8376616611356698e-05,-0.006364103849258849,-0.0004668443570850823,1.2959946081740565e-05
0.9953676784882434,-0.06558493437184118,0.39262696558531474,-0.01608769826869137,-0.23807624028969776,-0.1375535889977136,0.0024692727301622998,-0.0066374256720978814,-2.8258998551597836e-05,-0.006383238669791756,-0.0004658774250441933,1.292683393587202e-05
0.9952096612628872,-0.06796066855971591,0.39124670149047286,-0.01671146430523437,-0.23790491910882441,-0.1373466049422241,0.002405358491394029,-0.006642080935103533,-2.814140880686286e-05,-0.006391345802886747,-0.00046549625840125615,1.2893313745945546e-05
0.9950454043213877,-0.07033472274665409,0.3898686543610313,-0.017334623237099795,-0.23772763278752831,-0.1371362775110264,0.0023414846771770896,-0.006646735960562356,-2.8023856047326774e-05,-0.006387303317586848,-0.0004654733354179291,1.285981611813364e-05
0.9948749134849942,-0.07270703720968315,0.3884928572068232,-0.017957176363253755,-0.23754440023359744,-0.13692262850931802,0.0022776539074684985,-0.006651392800893339,-2.790635119579233e-05,-0.006382998843869789,-0.00046565565339606494,1.282572266427641e-05
0.9946981945645255,-0.07507755241614265,0.38711934283468447,-0.0185791252023461,-0.2373552251516161,-0.13670570475928043,0.0022137493157284994,-0.0066560543197471105,-2.778890504007557e-05,-0.006390381031324433,-0.0004661243358758167,1.2791163146092256e-05
0.99451525335772,-0.07744620886252529,0.3857481439260203,-0.01920047178126756,-0.2371600964752075,-0.13648554302870303,0.002149663300773095,-0.006660725546958169,-2.767152777805618e-05,-0.0064085233439533425,-0.00046709600194841833,1.275656186304016e-05
0.9943260956441204,-0.07981294691737384,0.38437929301965,-0.01982121879030732,-0.2369590049375861,-0.13626215142947115,0.0020854160421539705,-0.006665412576447694,-2.7554233375571148e-05,-0.006424647710630137,-0.0004686770613844952,1.2721649933236714e-05
0.9941307271776615,-0.08217770683958804,0.38301282259490915,-0.020441369426511542,-0.2367519579252169,-0.13603550391508581,0.002021136937830114,-0.006670120229539548,-2.7437033560121453e-05,-0.006427832289080122,-0.0004707402532601505,1.26863069801769e-05
0.99392915368164,-0.0845404289565955,0.3816487650458708,-0.021060927098717375,-0.23653897660536585,-0.13580558395021375,0.0019569264907284196,-0.006674851096817217,-2.7319935417791285e-05,-0.006420966579387625,-0.0004730625015297795,1.2650514289714725e-05
0.9937213808462423,-0.08690105381091665,0.3802871527511362,-0.021679895311766693,-0.23632007827266505,-0.13557240019958058,0.0018927493303927325,-0.006679607011527209,-2.720293979900018e-05,-0.006417637915697339,-0.0004755680709672959,1.2614715326947202e-05
0.9935074143277435,-0.08925952211758928,0.3789280180445528,-0.022298277826279713,-0.23609526319671456,-0.13533598654692813,0.0018284754717201534,-0.0066843909803237875,-2.708605149472263e-05,-0.006427307765298533,-0.00047837430394571847,1.257865990845924e-05
0.9932872597462956,-0.09161577458237448,0.3775713931778967,-0.022916078912183262,-0.23586452007853806,-0.13509636915586368,0.001764022904335033,-0.006689207980490309,-2.6969279498615216e-05,-0.00644517865823287,-0.0004816782651176532,1.2542172515883133e-05
0.9930609226806745,-0.09396975177845723,0.37621731031053124,-0.02353330342922,-0.23562784417794633,-0.13485354227532592,0.0016994490826359287,-0.0066940634554590855,-2.685263386025574e-05,-0.006457304117724572,-0.00048552656959296504,1.2505124852154655e-05
0.9928284086616324,-0.09632139421795373,0.3748658015937719,-0.024149956630890788,-0.23538524862159202,-0.13460747291203295,0.0016348915849806087,-0.006698961294894079,-2.6736117626858553e-05,-0.006455671743117387,-0.0004897638382926849,1.246789878882294e-05
0.9925897231678654,-0.09867064254418316,0.37351689917379466,-0.024766043909086793,-0.23513675660527505,-0.13435814370820837,0.0015704208361319051,-0.006703903467032033,-2.6619728216259233e-05,-0.006446996890113602,-0.0004941979265587471,1.2430724720639272e-05
0.9923448717377037,-0.10101743764108616,0.37217061742582186,-0.025381570729194468,-0.2348823871588585,-0.13410734512368788,0.001505975188189418,-0.006708886925187422,-2.6503459032423953e-05,-0.006444486822353987,-0.0004983273421490848,1.2393197412275042e-05
0.9920938596847821,-0.10336172053890043,0.37082699813636705,-0.025996541797033968,-0.23462213277209906,-0.1338523669382822,0.0014414168010681617,-0.006713916875259226,-2.6387315944826254e-05,-0.00645576076665905,-0.000502977345677785,1.2355296043578123e-05
0.991836692303012,-0.10570343222817297,0.3694860776761195,-0.026610963404852847,-0.2343559842193334,-0.13359376135725276,0.0013766940252935508,-0.006718999167176975,-2.627129771470017e-05,-0.00647219965714906,-0.0005082123402762315,1.2317672676028555e-05
0.9915733748414128,-0.10804251357858083,0.3681478899569916,-0.02722484229417974,-0.23408394247714373,-0.13333175183260218,0.0013118961456197852,-0.0067241390459522364,-2.6155411302540904e-05,-0.006479710076377427,-0.0005139718351790039,1.2279320137725517e-05
0.9913039124899187,-0.11037890545698421,0.3668124677598291,-0.027838185475088418,-0.23380602596999595,-0.13306641867779945,0.0012471572591747314,-0.0067293398377111435,-2.6039660559720074e-05,-0.00647381078484485,-0.0005200639401531668,1.2240257945378608e-05
0.9910283103718053,-0.11271254891759584,0.3654798433832242,-0.028451000002912157,-0.23352225859561979,-0.13279780087822207,0.0011825113474610404,-0.006734602812063723,-2.592404182275429e-05,-0.006464513340006109,-0.000526283001734442,1.2200967204569133e-05
0.9907465735417369,-0.11504338525732494,0.3641500488417165,-0.029063292923063058,-0.2332326518368394,-0.13252594911204563,0.001117857500131183,-0.006739928706476605,-2.5808548325449178e-05,-0.006465306924787991,-0.0005325758057022056,1.2161655926376952e-05
0.9904587069832594,-0.11737135587862807,0.3628231163098905,-0.02967507147594121,-0.2329372003236911,-0.1322508751193753,0.0010530706622752903,-0.006745320108339119,-2.5693173938662572e-05,-0.006478605995829057,-0.0005391273457312041,1.2122386818105875e-05
0.9901647156082611,-0.11969640211001108,0.36149907785827506,-0.030286343387404175,-0.23263589575863072,-0.1319725906723762,0.0009881383207999742,-0.00675078155499607,-2.5577914237084596e-05,-0.00649315637256925,-0.000546132618357548,1.208309934010948e-05
0.9898646042521123,-0.12201846517844987,0.36017796542709074,-0.030897116879072234,-0.2323287440443483,-0.131691080246926,0.0009231766077942595,-0.006756317578483687,-2.5462768841537176e-05,-0.006496093539433441,-0.0005535910925544723,1.2043325849009521e-05
0.9895583776685308,-0.1243374863673929,0.3588598108115364,-0.031507400412396504,-0.23201576727344647,-0.13140632904630972,0.0008583056210280795,-0.006761930600470421,-2.534773271466855e-05,-0.006487020925139261,-0.0005612917297907507,1.2003320234954472e-05
0.9892460405268926,-0.1266534071896109,0.35754464570707356,-0.032117202411525915,-0.23169698826883647,-0.13111834694150276,0.000793520305677125,-0.006767620978540467,-2.5232801251926697e-05,-0.006478453789396615,-0.0005690281211050771,1.1962855033911781e-05
0.9889275974124662,-0.12896616938781472,0.35623250172622534,-0.03272653122062837,-0.23137241456939853,-0.13082716927693375,0.0007286983054186941,-0.006773388732272768,-2.5117966312524125e-05,-0.006482122279655314,-0.0005767664664824015,1.192221648275541e-05
0.9886030528277399,-0.13127571476573768,0.35492341035116676,-0.03333539532248514,-0.23104203910647442,-0.1305328321471253,0.0006637336622875032,-0.006779235725574081,-2.500322412107944e-05,-0.006496386563107346,-0.0005846912003840595,1.1881029918552477e-05
0.9882724111903376,-0.13358198503268076,0.35361740303703854,-0.03394380361449404,-0.23070585668997406,-0.1302353304460323,0.0005986533061819801,-0.006785165964190765,-2.488856993866698e-05,-0.006507957852676125,-0.0005930165071216896,1.183946504273658e-05
0.9879356768287711,-0.13588492183138628,0.3523145111726826,-0.03455176545156749,-0.23036387872853736,-0.12993463846984238,0.0005335906779314319,-0.00679118354866766,-2.4773997755117454e-05,-0.006506185054346767,-0.0006017518655463027,1.1797621228868342e-05
0.9875928539773569,-0.13818446692286884,0.3510147660878085,-0.03515929035269396,-0.23001613011686214,-0.12963073862566107,0.0004686419199426445,-0.0067972900070825066,-2.4659495004145565e-05,-0.006494798005880151,-0.0006106400273496551,1.1756013956232304e-05
0.9872439467745883,-0.14048056232718376,0.3497181990789405,-0.03576638767178136,-0.22966263166325362,-0.129323642980967,0.000403763659678638,-0.006803484507788344,-2.454505327390301e-05,-0.0064877482044676665,-0.0006194450201146489,1.1714113163712384e-05
0.9868889592656633,-0.14277315026986137,0.34842484127224865,-0.036373066561311666,-0.22930338725653648,-0.12901339793582292,0.0003388224683027259,-0.006809765892934154,-2.4430662581749363e-05,-0.006494041279017892,-0.0006281342244686349,1.1672026915581107e-05
0.9865278954038225,-0.14506217299458876,0.34713472380262533,-0.036979336242718014,-0.22893838938198877,-0.1287000189547776,0.0002737406385782968,-0.00681613553027063,-2.431631781997517e-05,-0.00650810507282007,-0.0006369602020228857,1.1629300514102726e-05
0.9861607590501803,-0.14734757264580367,0.34584787769466013,-0.037585206369520584,-0.22856763712984154,-0.12838350070894078,0.00020858256322956202,-0.006822597403554774,-2.4202008434994097e-05,-0.006515729586024228,-0.0006461845533296017,1.1586507951236793e-05
0.9857875539681841,-0.1496292913499133,0.34456433395692154,-0.03819068700947074,-0.22819114724683995,-0.12806381139849907,0.00014348774030193036,-0.006829154962943224,-2.4087725039663742e-05,-0.006509404287235334,-0.0006557539172930532,1.1543509220850983e-05
0.9854082838200068,-0.15190727141143298,0.343284123471457,-0.0387957882758432,-0.22780894629686185,-0.1277409477415168,7.852036947985225e-05,-0.0068358086527256145,-2.3973457491735368e-05,-0.006496659012006079,-0.0006653677061066967,1.150034666755232e-05
0.9850229521651035,-0.15418145540991587,0.3420072771439593,-0.0394005199549755,-0.22742105229010157,-0.12741492406796462,1.3602135304451199e-05,-0.006842556048763683,-2.3859199111664158e-05,-0.006491745277039482,-0.0006747390771727876,1.145665013487112e-05
0.9846315624651772,-0.15645178609625315,0.34073382570681815,-0.04000489151266763,-0.22702746593993045,-0.12708578684043376,-5.140057159412009e-05,-0.006849395026319391,-2.374493712409351e-05,-0.006500192469279716,-0.0006838979717537515,1.1413005871282997e-05
0.9842341180867821,-0.15871820620240107,0.3394637998723649,-0.040608912477886186,-0.22662818062861304,-0.12675354625732713,-0.00011653046084610237,-0.0068563268364394666,-2.363066497553959e-05,-0.006512910618999115,-0.0006931819694035899,1.136874320007229e-05
0.9838306223005278,-0.16098065837181127,0.33819723028940907,-0.041212592831027794,-0.22622320048203762,-0.12641818510181344,-0.0001816906813175072,-0.006863355452885795,-2.351637070086188e-05,-0.006515943646005465,-0.0007028633414048885,1.1324354327319122e-05
0.9834210782758486,-0.1632390852881864,0.3369341475519701,-0.04181594292590205,-0.2258125470246137,-0.12607967713798843,-0.00024674747766049624,-0.006870483771365369,-2.3402043870230108e-05,-0.006505601129894856,-0.0007128342810228887,1.1279711075121331e-05
0.9830054890768659,-0.16549342986571408,0.33567458222603624,-0.04241897301808296,-0.22539624717016482,-0.12573801795018152,-0.0003116740738659169,-0.0068777108106022125,-2.3287674717954074e-05,-0.006492581004973961,-0.0007227070891320588,1.1234857852810461e-05
0.9825838576643909,-0.16774363529462955,0.3344185647095377,-0.0430216928557663,-0.22497431561641587,-0.1253932473354281,-0.0003765770968245139,-0.006885032381958595,-2.3173258639516264e-05,-0.006490223564804088,-0.000732161029932201,1.1189382276665319e-05
0.9821561869009542,-0.16998964489528728,0.3331661253777153,-0.04362411174855064,-0.22454675064851762,-0.1250453938686023,-0.00044157890867754795,-0.006892445562072766,-2.3058784970025275e-05,-0.00650010233029293,-0.0007413226325388485,1.114383749945315e-05
0.9817224795557432,-0.17223140194164574,0.33191729450816915,-0.04422623910645697,-0.22411354782562537,-0.12469446669640337,-0.0005066835155313378,-0.006899951759213695,-2.2944243791748588e-05,-0.0065103816984325505,-0.00075062506074948,1.1097951960836673e-05
0.9812827383030763,-0.17446884964543966,0.3306721022806069,-0.044828084839889724,-0.22367471672167835,-0.12434044679819797,-0.0005717695231575545,-0.006907555207162312,-2.282962487074555e-05,-0.006508521635470293,-0.0007603508651356609,1.1051619236361198e-05
0.9808369657163468,-0.17670193132183304,0.3294305788031497,-0.04542965918386466,-0.22323028273017262,-0.12398331385575208,-0.0006367201621229771,-0.006915258076953582,-2.271491470112809e-05,-0.0064949846185938616,-0.0007702937700535229,1.1005298997367747e-05
0.9803851641573464,-0.17893059052078586,0.3281927706811806,-0.046030971544769796,-0.22278026799904985,-0.1236214223141108,-0.0007015592059636911,-0.006923059129466968,-2.2600096054920823e-05,-0.006483824942134439,-0.0007801127598941072,1.0959587869058205e-05
0.9799273360522647,-0.18115477110171369,0.3269586987083925,-0.046632032340467665,-0.22232468749016296,-0.1232573792362989,-0.0007664067227515218,-0.006930951776732839,-2.2485163530464217e-05,-0.0064846720678697865,-0.0007892729500537407,1.091366680241648e-05
0.979463483700797,-0.1833744169945856,0.32572838866940657,-0.04723285015438232,-0.22186353702311618,-0.12289070617110709,-0.0008313609554986643,-0.006938932365540426,-2.2370111575432684e-05,-0.006495343489773099,-0.0007980678176099177,1.0867358901970344e-05
0.978993609299894,-0.18558947205972412,0.32450186847622836,-0.047833433865054543,-0.22139681492687324,-0.12252118073969887,-0.0008963853870020169,-0.006947002894361518,-2.2254931655711387e-05,-0.006502363184223343,-0.0008070625312408262,1.0820518824187071e-05
0.9785177149482941,-0.18779988013114718,0.323279167030981,-0.048433792950250555,-0.22092453597739992,-0.12214867214461723,-0.000961343466299321,-0.0069551676061662,-2.213961792858671e-05,-0.0064957277771051595,-0.000816481539503652,1.0772698234997565e-05
0.9780358026443433,-0.190005585207486,0.32206031359264925,-0.04903393711041083,-0.22044672821216774,-0.12177312346406505,-0.0010261445216426888,-0.006963427236838416,-2.20241566336871e-05,-0.006480025184303667,-0.0008259741334466055,1.072504849364815e-05
0.977547874285851,-0.1922065315862106,0.32084533751529226,-0.04963387552941809,-0.2199634156934108,-0.1213945356774137,-0.0010908399030649853,-0.006971776699681254,-2.190855102692003e-05,-0.006469457595752519,-0.0008349580534504235,1.0676489614779109e-05
0.9770539316786785,-0.19440266379890628,0.31963426789370336,-0.050233616522505166,-0.2194746060373823,-0.12101296338557975,-0.0011555636811498783,-0.006980208712951419,-2.1792796386945892e-05,-0.00647229706105128,-0.0008432137968421691,1.0628090003287531e-05
0.9765539765454067,-0.1965939264219781,0.31842713376265225,-0.050833167933802666,-0.21898029587457082,-0.12062842677225556,-0.001220385915468064,-0.00698872034435584,-2.1676887881619986e-05,-0.0064821424788621155,-0.000851176309576841,1.0579399521594862e-05
0.9760480105287709,-0.19878026396892973,0.31722396419256477,-0.05143253791931434,-0.21848048832480785,-0.12024090485514789,-0.0012852341075501776,-0.0069973146446569105,-2.1560816249900323e-05,-0.0064847380420502395,-0.0008594438973233685,1.0530167997362423e-05
0.9755360351875703,-0.20096162098376738,0.3160247882152604,-0.052031735202059295,-0.21797520371102144,-0.11985036965411773,-0.001349969150573728,-0.007005995604959391,-2.1444571724179802e-05,-0.006473422914872686,-0.0008681105931865148,1.0480353142137033e-05
0.9750180519904564,-0.20313794223681192,0.3148296348143583,-0.05263076852143362,-0.21746447182638387,-0.11945681271677788,-0.0014145347296835539,-0.0070147621573017445,-2.1328146372109166e-05,-0.006456476295311052,-0.0008766704897366784,1.0430479990744047e-05
0.9744940623161241,-0.20530917281097802,0.31363853294451505,-0.053229645850419914,-0.2169483141628962,-0.11906025482066039,-0.0014790159651454013,-0.007023607063645733,-2.121153874780498e-05,-0.006448041700046805,-0.0008845065792571486,1.038080417825832e-05
0.9739640674630444,-0.20747525798781416,0.31245151145240835,-0.05382837419209199,-0.21642673541111962,-0.11866073459386703,-0.0015435445449663038,-0.007032522563148935,-2.109475270127599e-05,-0.006452775907014492,-0.0008915665818563226,1.0330921574984972e-05
0.9734280686596949,-0.2096361430594598,0.3112685991063381,-0.05442696019718761,-0.21589973319762,-0.11825826607166474,-0.0016081546775899276,-0.00704150663831593,-2.097778289203004e-05,-0.006460930953463678,-0.0008984248338847501,1.0280922243295952e-05
0.972886067067304,-0.2117917732707387,0.3100898245852262,-0.055025410960710994,-0.21536731555654087,-0.11785283447641769,-0.0016727435732164968,-0.007050563283380277,-2.086061433764639e-05,-0.0064588070082122915,-0.0009056825087280923,1.023085294774502e-05
0.9723380637735535,-0.2139420939569325,0.30891521650172554,-0.05562373412565048,-0.2148295073446201,-0.11744441710265141,-0.0017371811132068297,-0.007059696008020684,-2.074323583836684e-05,-0.006443671189896831,-0.0009132911492115107,1.018044634385094e-05
0.9717840597867626,-0.21608705072973478,0.30774480334727566,-0.056221937130054675,-0.21428633860900073,-0.11703302156951637,-0.0018014497909858793,-0.0070689013406643264,-2.062565311203158e-05,-0.006426784716858227,-0.0009205526275558471,1.0129247962742459e-05
0.9712240560389872,-0.21822658950929374,0.30657861355118604,-0.05682002637988357,-0.2137378275228588,-0.11661867758050631,-0.0018656611890301618,-0.007078169921566784,-2.0507876785426318e-05,-0.006421056497824796,-0.0009268781271070116,1.00778734358341e-05
0.9706580533984993,-0.22036065637120814,0.305416675421404,-0.05741800727459547,-0.21318397642212397,-0.11620142173606832,-0.0019299329762764135,-0.00708749398098083,-2.038991782568981e-05,-0.006427095179187311,-0.0009324266484432756,1.002606264575996e-05
0.9700860526799024,-0.22248919737577996,0.3042590171833327,-0.05801588504427548,-0.21262478496614098,-0.11578125998867646,-0.001994260204703723,-0.007096873145088092,-2.027177178141923e-05,-0.0064326390543081955,-0.0009379377866097968,9.974003149444814e-06
0.9695080546441998,-0.2246121585648544,0.3031056669715104,-0.058613665501391944,-0.21206026630872468,-0.11535817342777444,-0.002058518112563217,-0.007106312096228884,-2.0153423583715783e-05,-0.006425706742797977,-0.0009439171579670549,9.921799531554728e-06
0.968924059889221,-0.2267294860781436,0.3019566683029665,-0.0592113540823578,-0.21149044542260892,-0.1149306015366639,-0.002122607032563758,-0.007115812781003274,-2.0034859993750548e-05,-0.006408807691647735,-0.0009500911876377814,9.869857169753665e-06
0.9683340690038291,-0.22884112638864446,0.30081205603366523,-0.05980895694352166,-0.2109153511582714,-0.11449941590784947,-0.0021865550482778385,-0.007125369049189375,-1.991608867898086e-05,-0.006394717002110294,-0.0009556501905655105,9.817828981922056e-06
0.9677380825440738,-0.23094702625349184,0.2996718610621159,-0.0604064788051885,-0.2103349972903548,-0.11406503835289672,-0.0022504870552348317,-0.007134970293026456,-1.979712262990277e-05,-0.006393115873784021,-0.000960148413595538,9.766218820474338e-06
0.9671361010334235,-0.23304713253206288,0.2985361123874617,-0.061003923372451606,-0.20974938442427496,-0.11362767616727874,-0.0023144889716140643,-0.007144609835299736,-1.9677974508399484e-05,-0.0064001065715732575,-0.000963978911548043,9.714265373672368e-06
0.9665281249645672,-0.23514139205394238,0.2974048381577495,-0.06160129434899832,-0.209158515388388,-0.11318740325678196,-0.00237851353587975,-0.0071542890454117936,-1.9558642335374392e-05,-0.006402371113548537,-0.0009679463475589804,9.661653694128226e-06
0.9659141548949879,-0.2372297517356157,0.29627805083779857,-0.06219859689593261,-0.20856241111087725,-0.11274575789622746,-0.0024424233927962903,-0.007164012745495542,-1.9439117104642682e-05,-0.006390900124644018,-0.0009723959943852056,9.608317081153389e-06
0.9652941912809954,-0.23931215867253305,0.2951557710632317,-0.06279583512482345,-0.20796110085083122,-0.1123019050767515,-0.002506136482847124,-0.007173780536626621,-1.931939772878394e-05,-0.006371223182390561,-0.0009768057447954168,9.554770812034459e-06
0.9646682345081551,-0.24138856027958233,0.2940380228410641,-0.06339301258694847,-0.20735461098016686,-0.11185551973066947,-0.002569711656072912,-0.007183583671774611,-1.919950157006209e-05,-0.006357431255818436,-0.0009803407860935628,9.501309739279082e-06
0.9640362849152551,-0.24345890422253033,0.2929248315098768,-0.06399013161123047,-0.20674295251505928,-0.11140649595386659,-0.0026332809292480687,-0.007193410751785457,-1.9079453332194315e-05,-0.006356841023757215,-0.0009827359058761588,9.447964661536484e-06
0.9633983428155688,-0.24552313823525593,0.2918162227695597,-0.0645871937921325,-0.20612612618230547,-0.1109548093264205,-0.002696904414902755,-0.007203256500698153,-1.8959272216086663e-05,-0.006362262057985053,-0.0009846034237120716,9.393777350617434e-06
0.9627544085048336,-0.24758121002669092,0.29071222248656947,-0.06518420100319552,-0.20550413894780784,-0.11050042540978604,-0.002760502131117155,-0.007213124037928135,-1.8838951899912028e-05,-0.006359684895161315,-0.0009867828808615977,9.339119478269697e-06
0.9621044822567578,-0.24963306738556024,0.28961285654776764,-0.06578115580755763,-0.20487701426388152,-0.11004331298064632,-0.002823937802150982,-0.007223017766693322,-1.8718480233761072e-05,-0.006343480148962072,-0.0009894026576272286,9.2842627171293e-06
0.9614485643145126,-0.2516786583724085,0.2885181509658526,-0.06637806075199028,-0.20424478469831323,-0.1095834495233892,-0.002887165193512348,-0.007232934951108903,-1.859786286207321e-05,-0.006322651957050943,-0.000991748840707098,9.229473692337216e-06
0.9607866548924454,-0.25371793139148835,0.28742813189198796,-0.06697491732735814,-0.20360747496450016,-0.10912083987554849,-0.0029502751859845507,-0.00724286479966481,-1.8477132015653745e-05,-0.0063109118662999135,-0.000993015863495933,9.174476155880013e-06
0.9601187541900247,-0.2557508350681645,0.2863428255339834,-0.06757172568161475,-0.20296509374578886,-0.10865550416706492,-0.003013394688445922,-0.0072527962564366425,-1.8356315904315214e-05,-0.006311862683529283,-0.0009931772868621454,9.119848011154057e-06
0.959444862309226,-0.2577773179973868,0.2852622726973404,-0.06816848452961345,-0.20231764047589468,-0.10818598657558978,-0.0030765471620458787,-0.007262726085724102,-1.8235423414385436e-05,-0.006315159621982921,-0.000993015136244848,9.065275079608645e-06
0.9587649795067198,-0.25979732887859286,0.2841864915199088,-0.06876519524677692,-0.20166513081596688,-0.10771453108173731,-0.0031396258678617265,-0.007272658760436675,-1.8114445373711306e-05,-0.006307782661331238,-0.0009933002741491215,9.01026987958054e-06
0.9580791060056281,-0.2618108165311276,0.28311550455900103,-0.06936185824671116,-0.20100759167253446,-0.10724066989259629,-0.0032025072692343517,-0.007282597444050553,-1.799337822677374e-05,-0.006288052031946469,-0.0009939017550045694,8.954715769228289e-06
0.9573872420062128,-0.26381773008353154,0.2820493362374051,-0.0699584737967944,-0.20034505544988387,-0.10676421500506991,-0.003265184642154278,-0.007292536704689721,-1.7872237188260004e-05,-0.006267649012479967,-0.0009939600413360066,8.899520654254676e-06
0.9566893876983505,-0.2658180189952764,0.2809880117801076,-0.07055504095594901,-0.19967754350845965,-0.10628510951786102,-0.0033277725821884265,-0.007302464143604187,-1.7751061452153157e-05,-0.006258705578245647,-0.0009927784421735137,8.84463204874768e-06
0.9559855432807884,-0.26781163290123167,0.2799315567096772,-0.07115155754191103,-0.199005062168138,-0.10580334564990596,-0.0033903814688313167,-0.007312370144182412,-1.7629883399823446e-05,-0.006260800117264511,-0.000990635173131228,8.789917702227942e-06
0.9552757089749722,-0.26979852145174266,0.27887999662569607,-0.07174802112576188,-0.19832761507246247,-0.10531891190609272,-0.0034529966204049113,-0.007322254190113,-1.7508715706327454e-05,-0.006261426498012489,-0.00098844026608418,8.734367473372181e-06
0.9545598850267341,-0.2717786343252052,0.27783335690274497,-0.07234442992033273,-0.19764521861639675,-0.10483180471308873,-0.00351549244553076,-0.007332121361242002,-1.738754399526941e-05,-0.0062494937306253355,-0.0009867533420116102,8.678815541182227e-06
0.9538380716963142,-0.27375192140054877,0.2767916628754508,-0.07294078257250086,-0.19695790366870905,-0.10434200756186321,-0.003577768170051131,-0.007341972730187183,-1.7266371284545098e-05,-0.006227483549859348,-0.0009851736734290497,8.622959678543323e-06
0.9531102692550912,-0.27571833290434766,0.2757549397978186,-0.0735370771414502,-0.19626570181731087,-0.10384953504869394,-0.0036398556655318,-0.007351800278558195,-1.7145225615345517e-05,-0.00620866054651388,-0.0009827921560431605,8.567591418047923e-06
0.9523764779940981,-0.277677819372473,0.27472321294025226,-0.07413331031795166,-0.1955686310140287,-0.10335441106019937,-0.0037018825433177455,-0.007361591525574469,-1.7024157361579908e-05,-0.006202598715153885,-0.0009791625463925905,8.512185652165122e-06
0.9516366982413323,-0.27963033147246047,0.2736965074015971,-0.07472947775515572,-0.19486669612456428,-0.102856669005885,-0.003763932697169057,-0.007371339125385249,-1.6903194648122714e-05,-0.006204926281164295,-0.0009747983430514217,8.457178363817855e-06
0.9508909303700301,-0.28157581987720665,0.2726748482366378,-0.07532557510436565,-0.1941599035172214,-0.10235630221690445,-0.0038259540203940414,-0.007381044580214369,-1.678234472993283e-05,-0.006202043184074972,-0.00097058435519344,8.401419749961051e-06
0.9501391747960973,-0.2835142353299924,0.2716582603678602,-0.07592159869005005,-0.1934482741820552,-0.10185329706576302,-0.003887813314947978,-0.007390712855045461,-1.6661597744330296e-05,-0.006185840275918054,-0.000966866861864,8.345347530792944e-06
0.9493814319686813,-0.28544552883076574,0.27064676865915055,-0.0765175450717353,-0.19273184111085764,-0.10134764561840509,-0.003949440357219934,-0.0074003425560183345,-1.6540965533047277e-05,-0.006162615016073209,-0.0009630099741004495,8.289287817291132e-06
0.9486177023709157,-0.28736965174210105,0.2696403977961091,-0.07711340996767273,-0.19201063384252093,-0.10083937920586641,-0.004010902306042781,-0.007409923758228518,-1.6420487661925512e-05,-0.00614610566956695,-0.0009581605831466007,8.233888797873039e-06
0.9478479865311704,-0.2892865556999057,0.268639172378778,-0.07770918772662838,-0.19128466694441307,-0.10032853169436608,-0.004072328212519985,-0.007419444578500248,-1.6300219087055392e-05,-0.006142501475119038,-0.0009521228581368025,8.178489891217535e-06
0.9470722850390932,-0.2911961924309878,0.2676431168210604,-0.07830487189870441,-0.1905539448157017,-0.09981513105632088,-0.0041337684211789506,-0.007428900194036802,-1.6180187398540775e-05,-0.006143931755054684,-0.0009456028429406628,8.12306317032464e-06
0.9462905985503488,-0.29309851367250206,0.26665225548735544,-0.07890045628290944,-0.1898184773623291,-0.09929916516532472,-0.004195138274257035,-0.007438293975455786,-1.606039168302791e-05,-0.0061368962592478786,-0.0009394198835388384,8.0671515546741e-06
0.9455029277808357,-0.2949934712842295,0.2656666126361283,-0.07949593533005143,-0.18907828991185227,-0.09878061938281917,-0.004256308628111967,-0.007447629668754709,-1.594082648196349e-05,-0.006116946396299635,-0.000933611518493909,8.011088111149722e-06
0.9447092734997445,-0.29688101743208256,0.2646862123893966,-0.08009130345888194,-0.18833341654057098,-0.09825950103690037,-0.004317245140418734,-0.007456903454005065,-1.5821511711491305e-05,-0.006093562316837702,-0.000927421150523477,7.95558346343516e-06
0.9439096365327075,-0.29876110464347894,0.2637110787436665,-0.08068655406079268,-0.18758388409552287,-0.09773584146496206,-0.004378043343358942,-0.007466104218093626,-1.57025042002591e-05,-0.006079731499217362,-0.0009201194522834455,7.900155077094894e-06
0.9431040177758758,-0.30063368567715226,0.26274123554648604,-0.08128167926852113,-0.18682970426831166,-0.0972096784265748,-0.004438822640074621,-0.007475221939502199,-1.5583856287715545e-05,-0.006077841036405301,-0.0009118155849889834,7.844871511990455e-06
0.9422924182087564,-0.3024987133512822,0.2617767064913866,-0.08187667073324857,-0.18607088209795064,-0.09668102933062286,-0.0044995960080169055,-0.007484254623116174,-1.5465590940057577e-05,-0.006077248337538916,-0.000903312194575387,7.789203893213207e-06
0.9414748388956731,-0.3043561405155604,0.2608175151491367,-0.08247152054388426,-0.18530743163513266,-0.09614988522222671,-0.004560254036284995,-0.007493206514872029,-1.534769760409297e-05,-0.006065714542351176,-0.0008952333943964611,7.733756088744296e-06
0.940651280977932,-0.30620592019978365,0.2598636850096377,-0.08306622130736652,-0.18453938204033213,-0.09561623264093005,-0.004620682423004678,-0.007502079496539708,-1.5230176825938908e-05,-0.006042750561751301,-0.0008873427642759751,7.678523942808986e-06
0.9398217456696791,-0.308048005778795,0.2589152394362781,-0.08366076533558217,-0.18376676746398699,-0.09508008548562763,-0.0046808850203407335,-0.0075108676635569195,-1.5113068011223898e-05,-0.006020171828827072,-0.0008788616608781495,7.62325321451588e-06
0.9389862342643123,-0.3098823509740326,0.25797220164190093,-0.08425514384712084,-0.18298961170631511,-0.0945414808272354,-0.004740976692253514,-0.007519559979954401,-1.4996432637650228e-05,-0.006009079539934089,-0.0008692769391547461,7.5682035666923785e-06
0.9381447481484464,-0.311708909693922,0.25703459471004675,-0.08484934700970292,-0.18220792430828725,-0.09400045011538127,-0.004801056881203401,-0.007528148978586822,-1.4880316459114674e-05,-0.006007931533498675,-0.0008589454857030096,7.5133469303078434e-06
0.9372972888111959,-0.3135276358877656,0.2561024416100696,-0.08544336482142217,-0.18142171204061383,-0.0934569996890315,-0.0048611006759334205,-0.007536635236754856,-1.4764728622257514e-05,-0.0060042924103380635,-0.0008486717536278237,7.4585586758945525e-06
0.9364438578421913,-0.31533848357162647,0.25517576517719326,-0.08603718781562543,-0.18063099343454908,-0.09291111971187607,-0.0049209837281682855,-0.0075450227998818935,-1.464966623301066e-05,-0.005988218459517741,-0.0008388025562927385,7.40339799376362e-06
0.9355844569245161,-0.3171414070009035,0.2542545881006276,-0.08663080684721426,-0.1798358007766229,-0.0923628086369338,-0.00498061654664818,-0.0075533115225491,-1.4535143185232567e-05,-0.005963195395214667,-0.0008289188053351996,7.3482739349735925e-06
0.9347190878329057,-0.31893636080134796,0.253338932942136,-0.08722421226405298,-0.17903616732409022,-0.0918120873414047,-0.0050400396550878655,-0.007561493900508295,-1.4421207569123246e-05,-0.005942224740803406,-0.0008182846096493181,7.293470574170851e-06
0.9338477522838703,-0.32072329979479247,0.2524288428983494,-0.08781739023581588,-0.17823210950328258,-0.09125692327285326,-0.005099403987876698,-0.007569524448603122,-1.4308114843284961e-05,-0.005936347721037164,-0.0008031018227531128,7.237556551665067e-06
0.9329704523597795,-0.3225021790924178,0.2515243323997694,-0.08841032747116954,-0.17742363693423122,-0.09070020174830314,-0.005158766405638285,-0.007577418007947402,-1.4195796185921157e-05,-0.0059361567145029956,-0.0007894031590976105,7.18273980227451e-06
0.932087190263289,-0.32427295382457766,0.25062541717356374,-0.08900301216150608,-0.17661075849717744,-0.09014177987924525,-0.005218060123076677,-0.007585185758493707,-1.4084205150387463e-05,-0.005929287145853995,-0.0007768224958671933,7.128420757344783e-06
0.9311979681425582,-0.3260355790886442,0.2497321358229545,-0.08959542998850983,-0.17579349254165627,-0.08957935383709005,-0.005277180247417239,-0.0075927990044783586,-1.3973520160984802e-05,-0.005911928437830269,-0.0007613721976702005,7.072903822838118e-06
0.9303027884906259,-0.3277900104037872,0.24884450104843442,-0.09018756800502892,-0.17497187436409445,-0.08901549963970574,-0.005336053344632908,-0.007600276601992686,-1.3863644497845403e-05,-0.005887226256607117,-0.0007478075281075714,7.019038752835606e-06
0.9294016538065463,-0.32953620354951396,0.24796254255696928,-0.09077941298107052,-0.17414593215990418,-0.08844853027602598,-0.005394756639988984,-0.00760761974577992,-1.3754571219942172e-05,-0.005870246599337466,-0.0007343623297631416,6.966980340856042e-06
0.9284945666189708,-0.3312741144961424,0.24708630175334356,-0.09137094987939556,-0.17331567931015263,-0.087877303813504,-0.005453430411731221,-0.007614790534535348,-1.3646536483784718e-05,-0.0058672949492467276,-0.0007171269244332034,6.9135179625512555e-06
0.9275815298384973,-0.33300369946373765,0.2462157919411472,-0.09196216402637211,-0.17248112447121086,-0.08730463129939188,-0.005512092037241007,-0.007621810653887784,-1.3539428373984668e-05,-0.005866080955272376,-0.0007020601069208337,6.86139464881214e-06
0.9266625463603307,-0.3347249145793551,0.24535104668819735,-0.09255303974631594,-0.17164227610501645,-0.08672847563477014,-0.005570669485127286,-0.007628657203960312,-1.3433400049274772e-05,-0.005857663942008692,-0.0006847032480825076,6.8084467753608765e-06
0.925737619428201,-0.33643771625608854,0.24449207605021273,-0.09314356273500311,-0.17079916135045184,-0.08615116312742455,-0.005629031405534286,-0.007635357594632769,-1.3328303446972485e-05,-0.0058361118333305085,-0.0006700874124135549,6.757090417165458e-06
0.9248067522552088,-0.33814206108812334,0.243638911257401,-0.09373371770618215,-0.16995181033878598,-0.08557057886250242,-0.005687175882375488,-0.007641883777312899,-1.3224319511659158e-05,-0.005814368257146981,-0.0006526666549717561,6.705361629810713e-06
0.9238699483905003,-0.33983790614208104,0.2427915616868435,-0.09432348965778668,-0.16910025120683242,-0.08498892026293223,-0.00574518206945981,-0.007648255077245174,-1.3121339429996355e-05,-0.005800539981837966,-0.0006371784477263839,6.6556097505208154e-06
0.9229272115086585,-0.34152520868392205,0.24195003939065382,-0.09491286507950532,-0.16824449756067306,-0.08440593458802606,-0.005803142531923829,-0.007654481282817732,-1.3019313818221198e-05,-0.005795968185234295,-0.0006226690873599433,6.607000287229872e-06
0.9219785453975049,-0.34320392603145167,0.241114359973256,-0.09550183079559667,-0.16738455758342077,-0.08382126411238058,-0.0058610480228106915,-0.007660569988701555,-1.291821011197849e-05,-0.005790471670638397,-0.0006089191963909205,6.558931112996116e-06
0.9210239539646943,-0.3448740155686374,0.24028454064045016,-0.09609037442172647,-0.16652044835673852,-0.08323472911995147,-0.00591878643794028,-0.0076665285558890905,-1.2817996487214258e-05,-0.005773764716109568,-0.000595905406484219,6.511367919835019e-06
0.9200634412327141,-0.3465354349031346,0.23946059949787132,-0.096678484182646,-0.1656522009621514,-0.08264622320622159,-0.005976259052209682,-0.0076723593914657775,-1.27186684993734e-05,-0.0057471852502252235,-0.0005831323186873831,6.464448715368694e-06
0.9190970113408198,-0.34818814201228115,0.2386425548780732,-0.09726614830864175,-0.16477985110614524,-0.08205572684553762,-0.006033481132811695,-0.007678061109617674,-1.2620243006701807e-05,-0.005722132518868962,-0.00057022063682888,6.418294812298479e-06
0.9181246685476729,-0.3498320952277495,0.2378304251821885,-0.09785335477890493,-0.16390342543934444,-0.0814632514540988,-0.006090559563573906,-0.0076836309458842645,-1.2522750923529502e-05,-0.005707768196339053,-0.0005570324906701761,6.372316216706201e-06
0.9171464172337572,-0.35146725308378596,0.23702422907597384,-0.09844009138088336,-0.1630229381194758,-0.08086878350716922,-0.006147572662995562,-0.007689068506593391,-1.2426204926268504e-05,-0.005701235735810622,-0.0005438049662659034,6.326875207235564e-06
0.916162261903358,-0.35309357420175147,0.23622398522914392,-0.09902634611561398,-0.16213840118664619,-0.08027231596544743,-0.006204481673119046,-0.007694376014267571,-1.2330608032075945e-05,-0.0056908274841335265,-0.0005307996841501768,6.281314001530342e-06
0.9151722071802119,-0.3547110173356957,0.2354297123772951,-0.09961210729921917,-0.16124983741508558,-0.07967382323280488,-0.006261169615860798,-0.007699554818396539,-1.2235961445758747e-05,-0.005668721427262002,-0.0005179293432370533,6.236357021948968e-06
0.9141762578056798,-0.3563195415368473,0.23464142917059827,-0.10019736327326859,-0.16035728188600604,-0.07907330334589344,-0.00631756713630098,-0.0077046028391114865,-1.2142291181138134e-05,-0.005639679900650164,-0.0005048509982594851,6.191698121160269e-06
0.9131744186405976,-0.35791910625625517,0.23385915416016587,-0.10078210199582999,-0.15946077034673153,-0.07847077545092818,-0.006373724882842248,-0.007709515236713685,-1.2049635019089539e-05,-0.005615703245658461,-0.00049128866419662,6.147941777631162e-06
0.9121666946707495,-0.35950967127805633,0.23308290587867436,-0.10136631092563418,-0.15856032717492294,-0.07786626021924103,-0.006429755998055981,-0.007714288435297501,-1.1958034463506592e-05,-0.005603040882090284,-0.00047736871592930714,6.103938509301836e-06
0.9111530910117216,-0.36109119656005434,0.23231270273230845,-0.10194997736614908,-0.15765596574002955,-0.07725977867089978,-0.006485712367572816,-0.007718921910776916,-1.1867509864335382e-05,-0.005595567099577543,-0.0004633963430537631,6.0598471517938245e-06
0.9101336129085187,-0.3626636421532887,0.23154856301541746,-0.10253308874809611,-0.15674770055527446,-0.07665133147986691,-0.006541527741333471,-0.00772341640214855,-1.1778071847460506e-05,-0.005581468321595159,-0.0004494978573060399,6.015825156114018e-06
0.909108265733312,-0.36422696828874185,0.2307905049182391,-0.10311563258016507,-0.15583555821786624,-0.07604091171497443,-0.006597088871387101,-0.007727770786096235,-1.1689740620290068e-05,-0.005556044766354524,-0.00043548702447973397,5.9721600362332225e-06
0.9080770549858588,-0.3657811355381291,0.23003854652706676,-0.1036975961297768,-0.15491957535432385,-0.0754285250869825,-0.006652358977373992,-0.007731981235514948,-1.1602552089360345e-05,-0.005526943205113852,-0.0004210934607202571,5.929115203601649e-06
0.9070399862980645,-0.3673261048717241,0.22929270582025724,-0.1042789662143471,-0.1539997856883945,-0.07481419559189273,-0.006707416052637142,-0.0077360438158792216,-1.151654306425705e-05,-0.005505641008881259,-0.0004063064237322769,5.886715595311216e-06
0.9059970654391822,-0.36886183755316054,0.22855300060710304,-0.1048597293689963,-0.15307621041947705,-0.07419795719009636,-0.006762367067191065,-0.007739957003132982,-1.1431736353672854e-05,-0.005495035833993518,-0.0003913669649489559,5.84475557786085e-06
0.9049482982497024,-0.3703882949094079,0.22781945840180054,-0.1054398712554591,-0.15214886065698854,-0.07357884343833655,-0.006817238505378377,-0.007743721390720939,-1.1348140086575964e-05,-0.005487079101868584,-0.0003764868398697531,5.803258208110275e-06
0.9038936908108424,-0.3719054384835729,0.22709209137673386,-0.10601937994996462,-0.15121775450996827,-0.07295837467228415,-0.0068719382285285825,-0.007747337211265682,-1.1265771591152221e-05,-0.005469908518262755,-0.00036162996058743867,5.761548533395271e-06
0.9028332493190083,-0.3734132300169729,0.22637091453626104,-0.10659824184096386,-0.15028292108723817,-0.07233625284880574,-0.006926363452378471,-0.007750802227609435,-1.1184664311307642e-05,-0.0054424595363646334,-0.00034654934310732736,5.719743371590561e-06
0.9017669800988966,-0.374911631608149,0.22565594415794812,-0.10717644313760741,-0.14934439706056715,-0.07171235112311648,-0.006980509736223531,-0.007754113057437129,-1.1104850534392378e-05,-0.005414566511156227,-0.00033113047483460134,5.678798931225427e-06
0.900694889614019,-0.3764006057319613,0.22494719688256667,-0.10775396983068738,-0.14840221326387096,-0.07108664838909089,-0.007034472810931827,-0.007757268008277923,-1.1026352297969017e-05,-0.0053962465919464506,-0.0003155423435098814,5.638583878472785e-06
0.8996169844698945,-0.37788011510822817,0.22424468954172055,-0.10833080791508058,-0.14745638789550403,-0.07045913926965362,-0.007088343062419407,-0.007760268010729502,-1.0949179857271249e-05,-0.005386965274355016,-0.0003000472582850284,5.598412885177742e-06
0.8985332714150169,-0.37935012257283585,0.22354843876035796,-0.10890694364501548,-0.14650693347182345,-0.06982984239712912,-0.007142106888581648,-0.007763114678263647,-1.0873333376737072e-05,-0.00537632374841167,-0.0002847135121124649,5.558776703873652e-06
0.8974437573366764,-0.3808105910876981,0.22285846113448843,-0.10948236340479635,-0.14555386981241636,-0.06919874584123378,-0.007195660819427049,-0.00776580749999003,-1.0798832226578523e-05,-0.005355335240273265,-0.00026932866011137967,5.519262927678807e-06
0.8963484492614006,-0.3822614838843208,0.22217477316248724,-0.11005705341967638,-0.14459722927031934,-0.06856584850401852,-0.007248923388917654,-0.007768343463000492,-1.0725710106719018e-05,-0.005326200156388085,-0.00025364249606177434,5.480270083979861e-06
0.8952473543588925,-0.3837027645826164,0.22149739126917484,-0.11063099957531664,-0.14363704844829975,-0.06793116292239172,-0.007301922624088005,-0.007770720494409492,-1.0653996322239427e-05,-0.005299867800581812,-0.00023774902276264278,5.44159656479035e-06
0.894140479945218,-0.3851343971570499,0.22082633175528868,-0.11120418769403298,-0.14267335544790546,-0.0672947171372432,-0.007354763009820652,-0.007772939625739318,-1.058369621389002e-05,-0.005283983938994636,-0.00022195869052031364,5.403368803523103e-06
0.8930278334815889,-0.38655634579006093,0.2201616107766916,-0.11177660388417805,-0.1417061664772288,-0.06665653516199065,-0.007407511248974595,-0.007775004115269391,-1.0514795051634604e-05,-0.0052747703535871325,-0.0002064941842070695,5.3659061475441705e-06
0.8919094225689939,-0.38796857477137303,0.2195032443978454,-0.11234823462792345,-0.14073549519937364,-0.06601661991969385,-0.0074601231998277055,-0.007776915485387625,-1.0447292975326337e-05,-0.005261142597710466,-0.00019118190847232497,5.328952524840678e-06
0.890785254945494,-0.3893710485529454,0.21885124861773717,-0.11291906643850982,-0.13976136484598897,-0.06537496341157333,-0.00751249093701867,-0.007778671948110347,-1.0381217916900446e-05,-0.005236722328993931,-0.0001756908141854437,5.292191189167152e-06
0.8896553384891752,-0.390763731901423,0.21820563926148706,-0.11348908554903744,-0.1387838100906214,-0.06473157653431746,-0.0075645596719933605,-0.007780270543601081,-1.0316602785058851e-05,-0.0052068232319961,-0.00015990371513606162,5.256040223906633e-06
0.8885196812223836,-0.392146589979993,0.21756643201618606,-0.11405827794906001,-0.13780286657312027,-0.06408648181020325,-0.007616385382833903,-0.0077817114076443325,-1.0253455858302856e-05,-0.005182521951141947,-0.00014413018319615306,5.220646224017696e-06
0.8873782913122391,-0.3935195882742029,0.21693364238674143,-0.1146266298578742,-0.13681855959277892,-0.06343971199918097,-0.007668071773781213,-0.007782998547307451,-1.0191756908143604e-05,-0.005168591080053313,-0.0001287573575512934,5.185876035819964e-06
0.8862311770648913,-0.39488269244402496,0.21630728573759683,-0.11519412804277739,-0.1358309040530635,-0.0627912862618086,-0.007719657219968046,-0.007784136206791603,-1.0131484943702152e-05,-0.005158497707211244,-0.00011380895182088523,5.151544330015804e-06
0.8850783469192237,-0.39623586826230295,0.21568737731512377,-0.11576075963810134,-0.13483991553076513,-0.0621412071778303,-0.007771072027679993,-0.007785124838580037,-1.0072647743945664e-05,-0.0051414349702038915,-9.890578317699815e-05,5.117641510306338e-06
0.8839198094456924,-0.3975790817069823,0.2150739322879493,-0.1163265116414136,-0.13384562070459005,-0.061489469640199586,-0.007822213448418177,-0.0077859612943538105,-1.0015283236377528e-05,-0.005114097413999802,-8.368775835775557e-05,5.0839544800187525e-06
0.8827555733519129,-0.3989122991083968,0.21446696561494027,-0.11689137067665617,-0.13284805586406098,-0.06083609250143416,-0.007873056657530067,-0.00778664360203012,-9.95941202137723e-06,-0.005084277409706286,-6.827251056627048e-05,5.05133543452315e-06
0.881585647485281,-0.40023548718852114,0.21386649215917392,-0.11745532331462494,-0.1318472550704835,-0.06018109631945393,-0.00792367939148269,-0.00778717463712404,-9.905022034291715e-06,-0.005062231043780992,-5.314481047009684e-05,5.019237464136525e-06
0.880410040830064,-0.40154861295495414,0.21327252662109103,-0.11801835665847948,-0.13084324096592145,-0.05952450967520757,-0.007974175573325937,-0.007787560550613583,-9.852070807304864e-06,-0.005049576950747564,-3.863221859418722e-05,4.988038259550373e-06
0.8792287624993355,-0.4028516435654473,0.2126850835116432,-0.11858045851465102,-0.12983602794610935,-0.05886635235276517,-0.008024552842678277,-0.0077878056493532926,-9.800536823349653e-06,-0.005037686803671325,-2.455031201272872e-05,4.95701593196634e-06
0.8780418217283686,-0.4041445463091783,0.212104177202128,-0.11914161697401665,-0.1288256341562196,-0.058206627446647334,-0.008074723191350955,-0.007787908602870063,-9.750437172273061e-06,-0.005016995851822245,-1.0335344877144007e-05,4.926777912965508e-06
0.8768492278763457,-0.4054272887265795,0.21152982197591416,-0.119701819780149,-0.12781208954795747,-0.05754533359302028,-0.008124598282449103,-0.007787865631252693,-9.701808117740449e-06,-0.0049874712394728845,4.257634523531052e-06,4.897403648138308e-06
0.8756509904331479,-0.4066998387378749,0.21096203190108873,-0.12026105431125689,-0.1267954312055575,-0.056882494208122504,-0.008174184333896719,-0.007787676527371452,-9.654656385269298e-06,-0.004958568425458908,1.8871335988296954e-05,4.868980142218775e-06
0.8744471190200563,-0.40796216463850354,0.21040082091778137,-0.12081930814314407,-0.12577569105444658,-0.05621813394274493,-0.008223572645138755,-0.007787347033592468,-9.608945183985079e-06,-0.004938795527915471,3.291079395734351e-05,4.840972807602228e-06
0.8732376233824628,-0.4092142349718537,0.20984620284871436,-0.12137656965678556,-0.1247528893819508,-0.05555227380311088,-0.008272839380790738,-0.007786884672973249,-9.564626244742744e-06,-0.004926639054872142,4.619793550686831e-05,4.812969041053979e-06
0.8720225133799954,-0.41045601841734597,0.2092981913483766,-0.12193282799273986,-0.12372704085074572,-0.05488492781252096,-0.008321962127625916,-0.007786292425549739,-9.521681634629148e-06,-0.00491224124564102,5.91870722853082e-05,4.785588783233696e-06
0.8708017989823128,-0.4116874838148826,0.2087567999119371,-0.12248807237066409,-0.1226981665850992,-0.054216100730963064,-0.008370843335114182,-0.007785567228204895,-9.480143043916756e-06,-0.00488808840847102,7.248254024287217e-05,4.758860372089365e-06
0.8695754902737551,-0.4129086003003996,0.2082220418781475,-0.12304229151498361,-0.12166629937460303,-0.05354580133972865,-0.008419415820183867,-0.007784705329385592,-9.440050621824032e-06,-0.004857217295743584,8.615318802570003e-05,4.732546165260309e-06
0.8683435974599518,-0.41411933740485973,0.20769393039784034,-0.12359547384734633,-0.12063147630977676,-0.05287405348809549,-0.008467714240401486,-0.007783709059596513,-9.401386261461811e-06,-0.004829811925865478,9.959078243853069e-05,4.707377955310014e-06
0.8671061308654167,-0.4153196650094657,0.20717247847672815,-0.12414760829991295,-0.11959372690114797,-0.052200883223526,-0.008515835048176547,-0.007782586674633177,-9.364087943150533e-06,-0.0048120517488951095,0.00011220277806656885,4.682676949226465e-06
0.8658631008757021,-0.4165095531439057,0.20665770609763398,-0.12469868406351052,-0.11855306882976137,-0.05152559912088969,-0.008563836038773668,-0.007781347131693472,-9.32807590268409e-06,-0.004800071036465871,0.000123919021730156,4.659500113936409e-06
0.8646145179995935,-0.4176889720058567,0.2061496291032979,-0.12524869236960834,-0.1175095174990167,-0.05084861043293301,-0.00861167556468106,-0.007779992136242787,-9.293339300931991e-06,-0.0047839255645205706,0.0001354647189484762,4.637049647053639e-06
0.8633603928525886,-0.4188578919952128,0.2056482613923457,-0.12579762409525894,-0.11646309593495591,-0.05017010197070539,-0.008659262302983507,-0.0077785175560962354,-9.25991556731817e-06,-0.00475864783023093,0.00014742365493233055,4.615500888783949e-06
0.8621007361569045,-0.42001628383389444,0.20515361593372947,-0.12634546943481126,-0.11541383718896535,-0.049490163315279126,-0.008706556482320623,-0.007776921196634663,-9.227825640186827e-06,-0.004729392976199815,0.00015960206632975065,4.594861730267507e-06
0.8608355587876684,-0.4211641186847575,0.2046656984123823,-0.12689221919520624,-0.11436177626847703,-0.048809528963541675,-0.008753605302193278,-0.007775206717486023,-9.197049290290879e-06,-0.004704858056488372,0.00017141451471192114,4.574159821058726e-06
0.8595648716982699,-0.4223013679880908,0.20418451789819403,-0.12743786362278217,-0.11330693928123782,-0.04812786998489978,-0.008800496052028881,-0.007773383647871566,-9.167514880604654e-06,-0.0046890520237286345,0.0001822740179997759,4.5533348553123375e-06
0.8582886859202711,-0.423428003351197,0.20371008489436707,-0.12798239431072456,-0.11224934293043903,-0.04744504529516322,-0.00884725145538863,-0.007771458221691208,-9.13917600169669e-06,-0.004675518310878971,0.00019251011759180463,4.5326416805102645e-06
0.8570070125612156,-0.424543996517064,0.20324241037508392,-0.12852580342590805,-0.11118900444263642,-0.046761000421195555,-0.008893799620891943,-0.007769428590151462,-9.112055080418537e-06,-0.0046547954772258445,0.00020293111223911736,4.512269783198185e-06
0.8557198627698563,-0.4256493194091039,0.2027815115712288,-0.12906808202976147,-0.11012595083601405,-0.046075102150845135,-0.008940061357238653,-0.007767290815001986,-9.086180524985283e-06,-0.00462615353541243,0.00021374594500083515,4.493488588801143e-06
0.8544272478065158,-0.42674394433434515,0.20232740233895374,-0.1296092218281116,-0.1090602176188898,-0.045387687785550176,-0.00898602511816104,-0.007765045043998399,-9.061553158561093e-06,-0.0045963569672141085,0.0002245460069954596,4.475430765719432e-06
0.8531291790332564,-0.42782784398935847,0.20188009489924652,-0.13014921451493658,-0.10799183866351417,-0.04469892864359296,-0.009031762220271243,-0.007762699447983113,-9.038107219916092e-06,-0.0045736920088748,0.00023452896193054297,4.457521988162487e-06
0.8518256678984305,-0.4289009913543096,0.20143960067836655,-0.1306880527750827,-0.10692083792854,-0.04400891182439908,-0.00907734957113907,-0.007760264941217141,-9.015745655514482e-06,-0.004558717731858037,0.00024342045056194309,4.4403050644927125e-06
0.8505167259194846,-0.42996335957760573,0.20100593068801414,-0.1312257304103372,-0.10584723175487236,-0.04331767854570272,-0.009122786207719454,-0.007757746042258791,-8.994432609500583e-06,-0.0045436471221816785,0.0002518600721503903,4.423335719595048e-06
0.8492023646769373,-0.43101492197034597,0.2005790955514162,-0.13176224144190637,-0.10477103926931428,-0.0426252603081475,-0.009167993073458355,-0.007755139044508363,-8.974202857453326e-06,-0.004520670883726446,0.00026067037287987293,4.4069975439090955e-06
0.8478825958191445,-0.43205565211305896,0.20015910566218417,-0.13229757924226795,-0.10369228990070478,-0.04193167408854762,-0.009212898024310969,-0.007752438817867266,-8.955102774690108e-06,-0.004490480276363344,0.00026999370756962117,4.391463857709977e-06
0.8465574310709933,-0.4330855239599795,0.19974597116459525,-0.13283173664349873,-0.10261101983761341,-0.04123694687239624,-0.0092575124229651,-0.00774964750173963,-8.937117105883053e-06,-0.0044614259255232385,0.0002791031000882885,4.376237243057438e-06
0.8452268822680186,-0.4341045118797359,0.19933969649067285,-0.13336470756852775,-0.10152726172844909,-0.04054165740152453,-0.009301910607326333,-0.007746774060182174,-8.92017345481751e-06,-0.004439805308686306,0.0002873160613433264,4.360673898112592e-06
0.8438909612882101,-0.4351125904643205,0.19894028901612074,-0.13389648605621404,-0.10044103801680533,-0.03984551644903733,-0.00934614925989591,-0.007743828221936146,-8.90418710175398e-06,-0.00442385287589099,0.000294556114511904,4.345186468764876e-06
0.842549680015602,-0.43610973440812073,0.19854776262830331,-0.1344270667296564,-0.09935236573493898,-0.03914787061548989,-0.009390205209811106,-0.007740812761271606,-8.889131170604308e-06,-0.004405583335564244,0.00030151873033469254,4.330377600429275e-06
0.8412030503965893,-0.4370959186254343,0.19816212860449964,-0.1349564453324689,-0.09826126742908815,-0.038448974009878005,-0.009433994942484872,-0.007737722474037367,-8.875051709259191e-06,-0.004378962371713184,0.0003090017844010865,4.3164079364217325e-06
0.8398510844719702,-0.438071118400517,0.19778339189537072,-0.1354846172747395,-0.09716777609294383,-0.037749454910125456,-0.0094774549283111,-0.0077345517670784686,-8.862008646241605e-06,-0.004345988493115033,0.0003170441886999424,4.302297573761568e-06
0.8384937943304017,-0.439035309397259,0.19741155973707208,-0.1360115763527179,-0.09607192998091416,-0.037049088696139376,-0.00952061925354305,-0.00773130535293031,-8.849962989365339e-06,-0.00431642320913801,0.00032461532682747805,4.28820979540651e-06
0.8371311920784125,-0.4399884675733908,0.197046645519633,-0.13653731667676614,-0.09497376060542655,-0.03634726771841545,-0.009563576886565834,-0.007727996579478173,-8.838782592232203e-06,-0.004295754660967607,0.0003308516139792497,4.275171581727521e-06
0.8357632899111652,-0.440930569190073,0.19668865514304926,-0.13706183560386861,-0.09387328960808171,-0.03564474392487048,-0.00960636287712691,-0.0077246335562698885,-8.828394325250459e-06,-0.0042785910305379905,0.0003362769160266317,4.262146234187777e-06
0.834390100011971,-0.4418615906200091,0.19633760089944285,-0.1375851295026211,-0.09277053552314789,-0.03494087463887465,-0.009648934509023224,-0.007721216196586258,-8.818795199610006e-06,-0.0042571557770153005,0.0003417108892505263,4.249902474349731e-06
0.8330116346079615,-0.44278150848849596,0.1959934930063035,-0.1381071955091544,-0.0916655240285876,-0.03423586164381747,-0.009691212325774336,-0.00771773830707124,-8.810039579139921e-06,-0.004227774916926723,0.00034776422441358057,4.238587305309048e-06
0.8316279059734486,-0.4436902997764764,0.19565634066317572,-0.13862802978159042,-0.09055829010240943,-0.03352980566851354,-0.009733169703440861,-0.007714198401380513,-8.80213281066325e-06,-0.004195731666491015,0.00035396619505367194,4.22858599713911e-06
0.8302389264309215,-0.44458794185806044,0.195326152494345,-0.139147628358938,-0.08944887012892319,-0.032822769307213576,-0.00977486182732355,-0.007710604730638121,-8.794993929885279e-06,-0.004169206883136801,0.0003593430162540219,4.2190494142448066e-06
0.8288447083685404,-0.44547441246809605,0.19500293226746118,-0.13966598890759396,-0.08833729268481874,-0.032115243942907996,-0.009816359700938271,-0.007706968712439127,-8.788517392037572e-06,-0.004149782369492139,0.0003635780317203711,4.209248412148834e-06
0.8274452641782375,-0.4463496895241575,0.19468668610758483,-0.1401831095064648,-0.08722357768899454,-0.03140699455530278,-0.009857673468749871,-0.007703296000144637,-8.782653457965925e-06,-0.0041313722635533566,0.0003672476917255163,4.199142538749386e-06
0.8260406062573084,-0.4472137511186565,0.1943774210256826,-0.14069898888433965,-0.0861077453180089,-0.030697927799552573,-0.009898733914973082,-0.007699582098429602,-8.777451265585469e-06,-0.004106040616501079,0.00037136691321005335,4.188786530549911e-06
0.8246307470186836,-0.44806657561692714,0.19407514440532322,-0.14121362507678123,-0.08498982509518319,-0.029988001783803956,-0.009939464060428215,-0.007695819982560097,-8.772979307844624e-06,-0.004073011103730768,0.0003761886441542656,4.178779306348836e-06
0.8232156988791419,-0.4489081417330995,0.19377986766030506,-0.14172701477969474,-0.08386985510831521,-0.029276815030478326,-0.009979870842551627,-0.007692011964460918,-8.769201117087214e-06,-0.004040675306011232,0.00038077916056045266,4.170385845625483e-06
0.8217954742985412,-0.4497384285875285,0.19349159988916456,-0.1422391558964532,-0.08274787106472561,-0.02856460471817763,-0.010020025929707367,-0.007688169217315949,-8.766001930431864e-06,-0.0040155062559345325,0.0003842523021751068,4.162556478256943e-06
0.8203700857835984,-0.45055741563804913,0.19321034508277785,-0.1427500480603602,-0.0816238994792318,-0.027851885900927967,-0.010059989345315797,-0.00768430284408598,-8.763274408662665e-06,-0.003996339464957802,0.00038661509807114646,4.154506834603739e-06
0.818939545829431,-0.4513650825204151,0.19293610891747243,-0.14325969126563423,-0.0804979598604714,-0.027138489158251424,-0.010099747417282466,-0.007680415530079136,-8.76099129463553e-06,-0.00397580544323787,0.0003887093514034723,4.14658806959998e-06
0.8175038669224839,-0.4521614090707262,0.19266889774222407,-0.1437680857457226,-0.07937007460118813,-0.026424342686605096,-0.010139222849305888,-0.0076765008616571815,-8.759217978134764e-06,-0.00394754184123422,0.0003914450041406262,4.138692622761592e-06
0.8160630615529401,-0.452946375435887,0.1924087181823768,-0.1442752308345137,-0.07824027605510454,-0.025709416125102563,-0.010178356576648097,-0.007672553107003087,-8.75800819731648e-06,-0.003913371806279846,0.00039475386611401945,4.131340234678409e-06
0.8146171422259211,-0.45371996216220434,0.19215557688504792,-0.1447811252003283,-0.07710860299639342,-0.024993709761048505,-0.010217170033478166,-0.007668576219998971,-8.757313250638532e-06,-0.003881345150436017,0.0003976673133151657,4.124953954875018e-06
0.8131661214596294,-0.454482150171801,0.1919094802431613,-0.14528576810652621,-0.07597509027761801,-0.024277254299205478,-0.010255739880925633,-0.007664582770346023,-8.756999225523996e-06,-0.003856984504478797,0.0003993237214353053,4.1192053028294065e-06
0.8117100117678754,-0.45523292065292403,0.19167043454972021,-0.1457891603538105,-0.07483976283340531,-0.023560062719656657,-0.010294114099410532,-0.00766058300643345,-8.756964146259653e-06,-0.0038374218220783947,0.0003999552418936343,4.113163543892922e-06
0.8102488256463835,-0.45597225498787175,0.1914384459962855,-0.14629130384789132,-0.07370264036391573,-0.022842143416302217,-0.010332260143386729,-0.0076565768299691256,-8.757207309352725e-06,-0.003814604584308258,0.00040059659224887594,4.107257208333794e-06
0.8087825755735538,-0.4567001347944378,0.19121352064418856,-0.1467922002756288,-0.07256374757871903,-0.02212350570156705,-0.010370100673915365,-0.007652556694948245,-8.757805560071591e-06,-0.003784053511246338,0.00040199258432623074,4.1014198616113775e-06
0.8073112740216702,-0.4574165420338558,0.19099566449700747,-0.1472918502480291,-0.07142311898420446,-0.02140415441873377,-0.010407597797291272,-0.007648518682048955,-8.758781578258154e-06,-0.003749713084728944,0.00040378051334862545,4.097361567482031e-06
0.8058349334645597,-0.45812145906865626,0.19078488342510447,-0.14779025390039968,-0.07028079303332373,-0.020684106231685734,-0.010444793319595207,-0.007644469574766502,-8.76004642422521e-06,-0.0037195531979768385,0.00040489003918325737,4.095127926384902e-06
0.8043535663710103,-0.45881486860889703,0.1905811829808798,-0.1482874122731983,-0.06913680206106602,-0.019963397389717804,-0.010481762442689592,-0.007640422492996882,-8.761456778244885e-06,-0.0036969133877042953,0.0004046874990934912,4.093473287192838e-06
0.8028671851865374,-0.45949675360385256,0.19038456851113683,-0.14878332800085217,-0.0679911688257337,-0.01924204996431788,-0.010518532517948766,-0.007636385169908706,-8.762948644682694e-06,-0.0036770086658687467,0.0004037116191290648,4.089996820088679e-06
0.8013758023229229,-0.46016709719844767,0.19019504517468425,-0.1492780045268502,-0.06684391324294808,-0.018520080572950057,-0.010555054087972391,-0.007632354425138999,-8.764554921676301e-06,-0.003652158229047809,0.0004030537941928281,4.0864197601075936e-06
0.7998794301621265,-0.46082588279740866,0.19001261811970807,-0.14977144469436038,-0.0656950620792793,-0.01779748764540679,-0.010591255415825054,-0.007628322389744043,-8.766347399146087e-06,-0.003620134153369369,0.00040318289751107265,4.0838214801931495e-06
0.7983780810687056,-0.46147309416758925,0.18983729245791175,-0.15026365025878116,-0.06454465114648128,-0.017074275275892906,-0.010627120313727872,-0.007624287694708252,-8.76831552796901e-06,-0.00358649129160685,0.0004034488855542769,4.083607380804643e-06
0.7968717673794311,-0.46210871544346377,0.18966907550034223,-0.15075462249211105,-0.0633927178308344,-0.016350227515866074,-0.010662712722427338,-0.0076202598644132605,-8.77033298926121e-06,-0.0035592424080720174,0.0004027623567186372,4.085781912118746e-06
0.7953605014170058,-0.4627327310818663,0.18950797269058697,-0.1512443644108198,-0.06223929079005417,-0.015625534569769145,-0.010698101169145371,-0.007616251297771996,-8.772270927653506e-06,-0.0035388461485290432,0.00040083587102610866,4.087453742382222e-06
0.7938442954809894,-0.46334512577673825,0.18935398636626796,-0.15173288071636454,-0.06108439002808038,-0.01490050711776679,-0.010733285213671137,-0.007612265951759916,-8.77409788857205e-06,-0.0035184058440215858,0.0003985136780267859,4.087812477852954e-06
0.7923231618170236,-0.4639458844111626,0.18920711982111152,-0.15222017593975207,-0.059928035979255875,-0.014175047310662433,-0.010768200983540041,-0.007608297801805002,-8.775881932270823e-06,-0.003491578344939452,0.00039679398202413865,4.087585003750246e-06
0.7907971126284217,-0.4645349921474467,0.18906737689187614,-0.15270625376877078,-0.05877025744249399,-0.013449099322523387,-0.010802786312573939,-0.007604339507699534,-8.777697253838465e-06,-0.003458534284512792,0.00039580834584994535,4.08761647621788e-06
0.78926616009048,-0.46511243452055523,0.1889347615320011,-0.1531911169207078,-0.05761109107651084,-0.012722652837298844,-0.010837045515192769,-0.007600392688423434,-8.779515006409331e-06,-0.003425921644126708,0.00039466079177044485,4.088582582718346e-06
0.7877303163522924,-0.4656781974396523,0.18880927738501949,-0.1536747683591571,-0.05645057253911874,-0.011995742109369744,-0.010871041677621296,-0.007596468008130069,-8.781210904977796e-06,-0.003399617531784153,0.00039244675188657374,4.090206487255741e-06
0.7861895935233398,-0.4662322671005344,0.1886909276930722,-0.15415721241824362,-0.05528872894348112,-0.011268409592560447,-0.010904826316182264,-0.007592575463560927,-8.782682403408163e-06,-0.003378464973940241,0.0003892329867828465,4.0909562209581996e-06
0.7846440036585378,-0.4667746299068273,0.18857971551966793,-0.1546384546300329,-0.05412558062713495,-0.01054067288312619,-0.010938382980892305,-0.007588715704697482,-8.783928997620019e-06,-0.003355667417555447,0.0003859542281616321,4.090743835519691e-06
0.7830935587443956,-0.4673052724689218,0.18847564590491847,-0.15511850020238127,-0.05296115052374435,-0.009812333171318488,-0.010971655305529354,-0.007584882007543293,-8.7850117176343e-06,-0.003327233285441999,0.00038334789719819603,4.091476178595505e-06
0.7815382707403571,-0.4678241817318732,0.18837872080669257,-0.15559735407499567,-0.051795468610597084,-0.009083698022200918,-0.011004591572764847,-0.007581068665844182,-8.78599838031288e-06,-0.003293627472023524,0.00038131223337319715,4.091405137745443e-06
0.7799781515653212,-0.4683313450145613,0.18828894278457958,-0.15607501983745328,-0.050628572045081234,-0.00835470910172639,-0.011037212897958837,-0.00757727967848008,-8.786843569414312e-06,-0.0032621331602657607,0.0003788766575482721,4.0912100497460076e-06
0.7784132130978249,-0.46882674998853135,0.1882063142728758,-0.15655150165389597,-0.04946049480751305,-0.007625381670033183,-0.01106958301947765,-0.007573525986333704,-8.787422599056573e-06,-0.0032370125907975173,0.00037534692405810855,4.091123058225077e-06
0.7768434671621425,-0.46931038458809676,0.18813083744830097,-0.1570268051216031,-0.04829126213290517,-0.006895742909584973,-0.011101735937172091,-0.007569815005979071,-8.78765988669836e-06,-0.0032152919493864934,0.00037107549631948357,4.090055569151601e-06
0.775268925517055,-0.4697822369558259,0.18806251439083504,-0.15750093675608468,-0.04712089450033642,-0.006165802034125294,-0.011133637489806196,-0.007566144235646668,-8.787590258090242e-06,-0.003190155210986159,0.00036705427021081944,4.087925615845506e-06
0.7736895998586986,-0.4702422954845667,0.18800134722303125,-0.15797390265981087,-0.045949416820468325,-0.005435553933145743,-0.011165221102258566,-0.007562505623816328,-8.787305050974426e-06,-0.0031583610297618013,0.0003638382495895058,4.0852786069308166e-06
0.7721055018329678,-0.4706905489117765,0.1879473380470879,-0.15844570778825923,-0.044776862986399574,-0.0047050012467467735,-0.011196459259344878,-0.0075588957780605166,-8.786837277290736e-06,-0.0031238153552178355,0.00036096148932208863,4.082799862818694e-06
0.7705166430425653,-0.4711269863628628,0.18790048875787174,-0.15891635658103065,-0.04360327067069864,-0.003974166872360298,-0.011227390741518616,-0.007555320904920955,-8.78611504296309e-06,-0.0030931476718249183,0.00035746403513544484,4.080253809812457e-06
0.7689230350404329,-0.47155159730042284,0.18786080085471937,-0.15938585427125843,-0.04242867229766376,-0.0032430925677442747,-0.011258076272186465,-0.007551791226322275,-8.785022036788484e-06,-0.003068552241423613,0.0003529443239646064,4.077530579102771e-06
0.7673246893154245,-0.471964371436177,0.18782827549529452,-0.15985420743836726,-0.04125309183284167,-0.0025118133970692762,-0.011288531637931743,-0.00754831099643273,-8.78351558533464e-06,-0.0030455354373955554,0.0003479991763797768,4.073917116643875e-06
0.7657216172905872,-0.4723652987084632,0.18780291283269773,-0.16032142330488694,-0.040076550406349214,-0.0017804292602276478,-0.011318703141205463,-0.007544875477746432,-8.781653344553734e-06,-0.003017148922256569,0.00034352781588746766,4.069503058423657e-06
0.7641138303134626,-0.47275436932882586,0.18778471466661664,-0.16078750807335543,-0.038899076646669646,-0.0010487757112454194,-0.011348535695353155,-0.007541476904762097,-8.779522634341065e-06,-0.00298325380777384,0.00033983305646688406,4.064782091884649e-06
0.7625013396807745,-0.473131573881476,0.18777368233585207,-0.16125246709347568,-0.037720706570742564,-0.00031690023963170354,-0.011378023477324504,-0.007538114096534323,-8.777128391540728e-06,-0.002948776392155401,0.00033625639155563427,4.0605727912198e-06
0.7608841566409578,-0.4734969033352952,0.18776981671995624,-0.16171630545984653,-0.036541477398892956,0.0004151490996116619,-0.011407216796584034,-0.007534794365505029,-8.774384642508687e-06,-0.0029193298583660597,0.0003319484338134515,4.056310951459583e-06
0.7592622923847169,-0.47385034897496936,0.18777311820333517,-0.1621790292147392,-0.035361419568637045,0.001147321117789492,-0.011436167670533674,-0.007531526169740864,-8.771196573457715e-06,-0.002895084993564934,0.0003267946179182113,4.05152852260964e-06
0.7576357580317807,-0.4741919023226856,0.1877835869075318,-0.1626406455385014,-0.03418055599893296,0.0018795888578669396,-0.011464874013271769,-0.007528310593520534,-8.76755352032153e-06,-0.0028706315308435503,0.00032153237059863373,4.046192897072959e-06
0.756004564628093,-0.4745215551348191,0.18780122287833378,-0.1631011617686065,-0.0329989093487117,0.0026119444882199703,-0.011493282524661029,-0.0075251409513013125,-8.763529564151796e-06,-0.002840848110424418,0.0003169387202181448,4.040734914932743e-06
0.7543687231544738,-0.4748392994738044,0.1878260262285774,-0.1635605842881128,-0.0318165094943365,0.0033443938850875395,-0.011521347300180552,-0.0075220106924831385,-8.759190356371538e-06,-0.0028064742875313037,0.00031300016388867484,4.035887670515163e-06
0.7527282445346917,-0.47514512776886486,0.1878579975370229,-0.164018918352232,-0.030633392948508018,0.004076982325591401,-0.011549077045875163,-0.007518922416257359,-8.754585294974167e-06,-0.002772971106450527,0.0003088017645930797,4.022775630351286e-06
0.75108313964138,-0.4754390328264947,0.1878971362386102,-0.1644761698095654,-0.029449595644382896,0.0048095935130702495,-0.011576526867219744,-0.0075158831482628466,-8.749603406304402e-06,-0.0027449783895777697,0.0003039007222783797,4.012308572256977e-06
0.7494334192822667,-0.475721007742536,0.18794344142828728,-0.1649323452663558,-0.02826514571834971,0.0055421921532558625,-0.011603735848742115,-0.007512898664522697,-8.74416053049243e-06,-0.002720894062453773,0.0002984220207659839,4.003214074597391e-06
0.7477790941904193,-0.47599104584198637,0.18799691205848065,-0.16538745218747164,-0.027080065270504435,0.006274763224178069,-0.011630685799066552,-0.007509966927393119,-8.738271273185508e-06,-0.0026949906089721973,0.00029314708857835787,3.994653601098966e-06
0.7461201750259506,-0.4762491406996538,0.18805754706620867,-0.16584149781714788,-0.025894378301877238,0.007007304310722139,-0.01165732187475693,-0.00750708027271178,-8.732010457764861e-06,-0.002663602868291325,0.0002886386096148893,3.987167317715945e-06
0.7444566723860964,-0.4764952862157419,0.1881253454745298,-0.16629448831921356,-0.024708116512278687,0.007739822588247893,-0.011683612733536118,-0.007504233449550479,-8.725433432736295e-06,-0.002629080941627193,0.00028465525423176176,3.979939434947998e-06
0.742788596814632,-0.4767294766654157,0.1882003061241529,-0.16674642906665083,-0.023521316632238987,0.008472298133974333,-0.011709583814531884,-0.007501429015024441,-8.718496587609624e-06,-0.0025971028951719826,0.0002804161557170398,3.973777147895435e-06
0.7411159588001431,-0.4769517066678507,0.18828242741332704,-0.16719732575165852,-0.022334012320619073,0.009204685299779844,-0.011735288208605102,-0.007498673969847743,-8.711111495767404e-06,-0.0025704338686598173,0.0002754769319266214,3.967947788468963e-06
0.7394387687653604,-0.4771619711091563,0.18837170741886783,-0.16764718505713447,-0.021146229524056162,0.009936950928116492,-0.011760748942441774,-0.007495971704457472,-8.703232107755736e-06,-0.0025460674764285723,0.00027019863523216725,3.962415660483128e-06
0.737757037060769,-0.477360265104213,0.18846814408737309,-0.1680960142331971,-0.019957990082024646,0.010669080942499668,-0.01178593452954141,-0.007493317947174524,-8.694906909733935e-06,-0.0025185524707148667,0.0002653475354161158,3.956725684695418e-06
0.7360707739693364,-0.47754658403636036,0.1885717353855727,-0.1685438199950941,-0.01876931965962589,0.01140107589861889,-0.011810793609903173,-0.007490705085006212,-8.686220902638517e-06,-0.002485901528798488,0.00026125778381758325,3.9511942723220385e-06
0.7343799897154902,-0.4777209236215642,0.18868247963017132,-0.168990607875967,-0.017580250899408893,0.012132969355205577,-0.011835301369787166,-0.007488130433825751,-8.677194588578845e-06,-0.0024507692284013744,0.0002574364521587979,3.946494407348334e-06
0.7326846944738088,-0.477883279961573,0.18880037463457955,-0.16943638310814244,-0.016390821505634708,0.012864709337342756,-0.01185949720891838,-0.00748559741260746,-8.667784164883117e-06,-0.0024195768678489772,0.00025327319687152384,3.941851131150577e-06
0.7309848983607211,-0.4780336494733418,0.1889254184384801,-0.16988115115266825,-0.015201063151259507,0.013596317605585908,-0.01188342416724735,-0.007483112750860194,-8.657897961039581e-06,-0.002392688433894344,0.0002484369308209168,3.938110177331122e-06
0.7292806114330861,-0.4781720288500168,0.18905760778300812,-0.1703249188254267,-0.014011001458678283,0.014327663077765323,-0.01190709275427469,-0.007480676767711589,-8.647543618760542e-06,-0.0023668509559067294,0.00024356876472201287,3.9329285756945756e-06
0.7275718436802217,-0.47829841502591686,0.18919693933345857,-0.17076769292027105,-0.012820659295304739,0.015058736544354941,-0.011930465054213484,-0.0074782833304534516,-8.636795506227074e-06,-0.0023372219550316263,0.00023931391599469842,3.927322260319447e-06
0.725858605030874,-0.47841280522706886,0.1893434098477687,-0.17120947944231737,-0.01163006460268781,0.01578954525740276,-0.011953498800897898,-0.0074759252811841155,-8.625737702433514e-06,-0.002303366400585282,0.00023577490844247688,3.9215818690369764e-06
0.7241409053639353,-0.4785151970342319,0.18949701602633304,-0.17165028336957636,-0.010439252027720714,0.016520081626066607,-0.011976194514935383,-0.007473600831055458,-8.614383183619177e-06,-0.002269562916690939,0.00023241479014547811,3.916441469044505e-06
0.7224187545119544,-0.4786055883865035,0.18965775433561208,-0.1720901093648185,-0.009248257084072516,0.01725032103614775,-0.011998594184068151,-0.007471314054320337,-8.60268063970847e-06,-0.0022399581687759084,0.00022864721593079363,3.911321441275748e-06
0.7206921622555211,-0.4786839775237282,0.1898256209368738,-0.17252896269442555,-0.008057109490523955,0.017980232048971638,-0.012020735769168133,-0.007469068975488042,-8.590583669812015e-06,-0.0022141494735044625,0.0002244771655207988,3.9057756502109505e-06
0.7189611383163407,-0.4787503629295271,0.19000061180677602,-0.17296684931867917,-0.006865832693411658,0.018709794891334175,-0.012042612954367881,-0.007466864103382059,-8.578104190251512e-06,-0.0021877092005150828,0.0002204562376861797,3.9005891483235145e-06
0.7172256923580779,-0.4788047433363246,0.19018272280644,-0.17340377516892336,-0.0056744499963481704,0.01943899594451048,-0.01206418295487336,-0.007464692658315397,-8.56531685977755e-06,-0.002156990503983027,0.00021711332073924298,3.89587030138798e-06
0.7154858339951016,-0.4788471177842308,0.19037194971345409,-0.17383974528527094,-0.0044829907192230995,0.020167824555053747,-0.01208541358762413,-0.007462548486370853,-8.552296458060094e-06,-0.002123053557313058,0.0002143858425097991,3.8908904465096425e-06
0.713741572800719,-0.4788774856674229,0.1905682882536676,-0.174274763757924,-0.0032914897048888134,0.020896273877376647,-0.012106317710255918,-0.0074604312080911546,-8.539045035183687e-06,-0.0020904023758109677,0.00021169631131857215,3.88597737425709e-06
0.7119929183089729,-0.4788958467204694,0.19077173385188068,-0.17470883458810507,-0.0020999808007258042,0.021624312926697056,-0.012126937635869825,-0.007458344899789456,-8.525508669234676e-06,-0.0020619824642562194,0.00020859911489124985,3.881339810001733e-06
0.7102398800081002,-0.47890220095761293,0.19098228170098466,-0.17514196239977567,-0.000908491614775143,0.022351917678936364,-0.012147299071547673,-0.007456292198475285,-8.511637120320352e-06,-0.0020361332234951615,0.0002052381772971973,3.878340866682487e-06
0.7084824673352694,-0.47889654863248066,0.1911999268815132,-0.1755741523827714,0.00028295507079464715,0.02307907519004311,-0.012167383676126558,-0.007454269823972093,-8.497453584117997e-06,-0.0020084498838290527,0.000202205262564422,3.87681854783407e-06
0.706720689680517,-0.4788788902614806,0.1914246643451216,-0.17600540944393323,0.0014743347686205738,0.023805770045670954,-0.012187149509280683,-0.0074522707635888965,-8.48303426707832e-06,-0.0019765725684697906,0.00019987365903202672,3.876033709389375e-06
0.7049545563961191,-0.4788492266826892,0.1916564888991282,-0.17643573753025807,0.0026656167065019234,0.024531985443094536,-0.012206576504589216,-0.007450290226153625,-8.468434613980038e-06,-0.0019426886524041035,0.00019802120607725324,3.875390675259814e-06
0.7031840768140127,-0.478807559112014,0.19189539324849667,-0.17686514020808305,0.0038567657415124125,0.02525750956999826,-0.012225692413632465,-0.007448327805677298,-8.453653600289934e-06,-0.0019115798936514608,0.00019620934910172025,3.87520968477016e-06
0.7014092602202406,-0.47875388904724164,0.1921413724629014,-0.17729362015732994,0.005047750550659868,0.025982578372666643,-0.012244534235804587,-0.007446387527849023,-8.438630486298306e-06,-0.0018841710291203928,0.0001939948802504967,3.876049978273094e-06
0.6996301158646132,-0.47868821825137003,0.19239442118163205,-0.17772118124553557,0.006238545453625407,0.026707147802388167,-0.01226311372961245,-0.007444470318537881,-8.423340255236386e-06,-0.0018579379967123156,0.00019168780186713458,3.878121684864149e-06
0.6978466529579429,-0.4786105487311494,0.19265453372531144,-0.1781478276837246,0.007429127824101194,0.027431183779390547,-0.01228140336246905,-0.007442571524404319,-8.40783008996218e-06,-0.00182895174079372,0.00018984608136237078,3.88104752788988e-06
0.6960588806892432,-0.4785208828015976,0.19292170206363382,-0.17857356357984577,0.008619471254547937,0.02815444817872377,-0.01229937241194353,-0.007440683245697168,-8.392191952367933e-06,-0.0017968933102845233,0.0001887943904723727,3.884361703075249e-06
0.6942668082073327,-0.47841922306358303,0.19319592083139153,-0.17899839103013995,0.00980954492680731,0.028877205377198102,-0.012317010183854945,-0.00743880246881072,-8.37645958431876e-06,-0.001763765486819617,0.00018804408006621815,3.887911828131109e-06
0.6924704446426342,-0.47830557246130384,0.19347718419567966,-0.17942231214660434,0.010999315058620186,0.029599407643749673,-0.012334342878837256,-0.007436931074749509,-8.360604418003623e-06,-0.0017332577055214344,0.00018710564945382938,3.891913724247773e-06
0.6906697991031695,-0.4781799342427481,0.1937654860069462,-0.17984532929435929,0.012188751416953178,0.03032102276068826,-0.012351401440453743,-0.007435071913501662,-8.344589418022535e-06,-0.0017058442530432157,0.0001858821970752116,3.896014430331643e-06
0.6888648806697123,-0.4780423119137361,0.19406081979846698,-0.180267445441744,0.013377829229738134,0.03104201752323404,-0.01236818609336963,-0.007433223760550292,-8.328430447450101e-06,-0.0016784532789212122,0.00018478120762095883,3.899949758037036e-06
0.6870556983959352,-0.4778927092334494,0.1943631788748397,-0.18068866363092428,0.01456652507324224,0.03176236625619738,-0.012384665259940832,-0.007431380638398938,-8.312201051485758e-06,-0.0016479045950913642,0.00018427801410225006,3.903838676057731e-06
0.6852422613159319,-0.4777311302572644,0.19467255630101238,-0.18110898619019525,0.01575481129599388,0.032482041918552786,-0.012400808888492092,-0.007429536167196205,-8.295981182028906e-06,-0.0016143508031654988,0.00018441285698400832,3.9075637795282475e-06
0.6834245784520745,-0.4775575793786021,0.19498894496517058,-0.18152841449710014,0.016942654989447456,0.03320102484276031,-0.012416619504220822,-0.0074276880761283085,-8.27979815227499e-06,-0.0015810495512714163,0.00018477479888748014,3.911318274930427e-06
0.6816026588179729,-0.47737206132678145,0.19531233751445648,-0.1819469495467359,0.01813002260716332,0.03391929019008541,-0.012432126894745866,-0.007425838241154489,-8.263629499414354e-06,-0.0015507270445699695,0.00018494913261091057,3.914940785161804e-06
0.6797765114145327,-0.47717458112366007,0.1956427264352034,-0.18236459267663307,0.01931688497829346,0.034636821148982345,-0.012447354334412653,-0.007423988154779578,-8.247459004238244e-06,-0.0015227319603662842,0.00018497420829563217,3.9182799375934455e-06
0.6779461452268652,-0.4769651440492101,0.19598010401883847,-0.1827813457163907,0.020503217484340478,0.03535359615927117,-0.012462293006201799,-0.0074221347220222705,-8.2313261043865e-06,-0.0014938552035036236,0.0001853088082854035,3.9214785509114184e-06
0.6761115692275445,-0.4767437556518652,0.19632446233957482,-0.18319721032856942,0.021688995335809345,0.03606959020263747,-0.012476911615689899,-0.007420271152042732,-8.215317458421511e-06,-0.0014618490686035468,0.00018632254865261357,3.924433489858139e-06
0.6742727923847782,-0.47651042179113184,0.1966757933101805,-0.18361218729682116,0.022874189086984503,0.03678478407357095,-0.012491190146649806,-0.007418391732451263,-8.199509142131722e-06,-0.0014278413674086012,0.0001879075796948533,3.926880973167925e-06
0.6724298236698246,-0.4762651486667371,0.19703408864838454,-0.18402627653342635,0.024058765295010835,0.03749915665707744,-0.012505140088341221,-0.007416495306612949,-8.183919832563127e-06,-0.001394982605987273,0.00018960828981795551,3.928888942436179e-06
0.670582672057722,-0.47600794280279823,0.19739933988916786,-0.18443947775763772,0.02524269139088782,0.03821268912481212,-0.012518790223910158,-0.007414583699158581,-8.168528395535379e-06,-0.001365002143438394,0.0001911265259183712,3.93071509404633e-06
0.6687313465236708,-0.47573881100640986,0.19777153839296213,-0.18485179110429326,0.026425939421488083,0.038925362966415036,-0.012532154740913208,-0.007412657060363728,-8.15333580377155e-06,-0.0013364404372175726,0.00019262973799529686,3.9322412755974015e-06
0.6668758560415503,-0.4754577603458539,0.19815067533386913,-0.18526321704912768,0.02760848475901773,0.039637156910010775,-0.012545218237229443,-0.007410710886691213,-8.138402032933002e-06,-0.0013063385633043103,0.00019458334473328255,3.9334008893927375e-06
0.6650162095886412,-0.4751647981700217,0.19853674174511304,-0.1856737556792145,0.028790301320329524,0.040348053281718727,-0.012557952919819352,-0.007408738079603511,-8.123817203544479e-06,-0.0012734574521504516,0.0001972468636595672,3.9344487014145205e-06
0.6631524161547914,-0.474859932147851,0.19892972847898158,-0.18608340611875004,0.02997135848191476,0.04105803116709338,-0.01257034866504945,-0.007406733876030107,-8.109642662726844e-06,-0.0012395640229959821,0.00020038673043577275,3.93534865872214e-06
0.661284484748316,-0.47454317028327864,0.19932962619720102,-0.18649216672918353,0.03115162302615984,0.04176707032227484,-0.012582422616846979,-0.007404698136120038,-8.095882138967241e-06,-0.001207384989207625,0.00020354058719985611,3.936063352133424e-06
0.6594124243951514,-0.4742145208908458,0.1997364253994037,-0.18690003585270887,0.03233106377802614,0.042475154063757736,-0.012594199246608286,-0.0074026326718440155,-8.082515553055305e-06,-0.0011776530800617164,0.0002065132372045696,3.936518037333844e-06
0.6575362441351882,-0.4738739925604123,0.20015011640695557,-0.18730701233091637,0.03350965387150321,0.04318226306487439,-0.01260568380756389,-0.007400536370103252,-8.069555420990947e-06,-0.0011484465031090325,0.00020959720520014944,3.937132881568545e-06
0.6556559530222832,-0.4735215941477344,0.20057068938779635,-0.18771309518943796,0.03468736839250079,0.04388837882411144,-0.012616857464569337,-0.007398403545785195,-8.057073727373386e-06,-0.0011173564648490758,0.00021324973121916895,3.937727110501275e-06
0.6537715601312185,-0.4731573348004727,0.2009981343028198,-0.18811828287179908,0.03586418008670761,0.044593476983664664,-0.01262769823048287,-0.007396227203424595,-8.045159910765697e-06,-0.0010840677784182953,0.00021760186220429008,3.938221015218479e-06
0.6518830745660036,-0.4727812239881413,0.20143244099336957,-0.1885225727914165,0.037040057734803906,0.04529754317229248,-0.012638204454451353,-0.007394003756687019,-8.033858338053722e-06,-0.0010506140392907064,0.00022231265538921022,3.938830923963823e-06
0.6499905054645024,-0.47239327150554394,0.20187359911602087,-0.1889259617477836,0.03821496891276183,0.04600055812258011,-0.012648395074525417,-0.007391734164070256,-8.02315483790637e-06,-0.001019054094529586,0.0002269275898327724,3.939672749554231e-06
0.6480938619960195,-0.4719934874457458,0.20232159815151293,-0.1893284467450643,0.039388883871829886,0.046702503664436006,-0.012658288195038836,-0.007389419963201042,-8.01302989591006e-06,-0.0009893045685016115,0.00023138875043380073,3.940544780848756e-06
0.6461931533578202,-0.47158188217330105,0.2027764274108566,-0.1897300253112706,0.04056177643737841,0.04740336080357948,-0.012667881738624856,-0.007387058785472967,-8.003512377649885e-06,-0.0009593473269032141,0.00023608679041848432,3.941549055438344e-06
0.6442883887768626,-0.4711584663254406,0.2032380760574091,-0.19013069499479227,0.041733621114033434,0.04810311122003744,-0.012677156535402445,-0.007384644032228411,-7.99468869914367e-06,-0.0009274731607872171,0.00024144475390613612,3.9422917017198025e-06
0.6423795775395468,-0.4707232508895233,0.2037065292056464,-0.19053045332823984,0.042904389153922175,0.0488013465022663,-0.01268610387937947,-0.007382167842984662,-7.986654697696326e-06,-0.0008947284659326714,0.00024758882527039144,3.943441107894336e-06
0.6404667289507823,-0.4702762471003359,0.20418177694878362,-0.19092929498961436,0.04407405010062905,0.04949856267536805,-0.012694726239423772,-0.0073796284890854475,-7.979432007395632e-06,-0.0008622306734902746,0.0002539057770803016,3.944650199686196e-06
0.6385498523891672,-0.4698174665598237,0.2046638047977955,-0.19132721608085287,0.04524257268801529,0.05019430090924906,-0.012703045149501976,-0.007377026643597619,-7.973009529613723e-06,-0.0008318862691537493,0.00026015541477623363,3.946143555820064e-06
0.6366289572520021,-0.46934692108608006,0.20515260311381212,-0.19172421118223104,0.04640992937688456,0.05088904545814352,-0.012711069090676146,-0.0073743641098397835,-7.967364743419285e-06,-0.000802389954036623,0.0002662247077280837,3.947623499821433e-06
0.6347040529830967,-0.46886462277142676,0.2056481614704548,-0.19212027650777252,0.04757609484833391,0.051582715027591396,-0.012718789134387336,-0.007371637670515984,-7.962535054856845e-06,-0.0007720008102253065,0.00027261575300290724,3.949471555317611e-06
0.6327751490747062,-0.4683705839898599,0.20615046889725944,-0.1925154081011599,0.048741043233359545,0.052275251442360185,-0.012726187194694314,-0.007368840377899405,-7.958604864365467e-06,-0.0007398031340827347,0.000279701623328398,3.95173278319097e-06
0.630842255075548,-0.46786481741973773,0.20665951400766577,-0.19290960105139818,0.049904745818085045,0.052966609912814884,-0.012733253920231846,-0.007365966737040727,-7.95564219094786e-06,-0.0007066703710549475,0.00028733703191838355,3.954201014363219e-06
0.6289053805975048,-0.46734733605556966,0.20717528506704747,-0.1933028494603841,0.051067171760330925,0.05365675423857443,-0.012739996499025403,-0.007363016490229167,-7.953649803884142e-06,-0.0006742564120794273,0.0002949982142991649,3.956734341536e-06
0.6269645353147497,-0.4668181531959692,0.20769777009094692,-0.19369514726966475,0.05222829093327186,0.05434565904686983,-0.012746428432183356,-0.00735999260264151,-7.952588081358974e-06,-0.0006431925342192495,0.0003023628538217979,3.959460664413831e-06
0.625019728958387,-0.4662772824231298,0.20822695687554868,-0.19408648905484072,0.053388075710714106,0.05503330114441265,-0.012752553653113927,-0.0073568956881080415,-7.952449129283038e-06,-0.0006125219908128165,0.0003096661064432779,3.9621951447811026e-06
0.6230709713142596,-0.46572473759616145,0.20876283298298678,-0.19447686992882013,0.05454649991390794,0.05571965406034101,-0.012758362191584981,-0.007353720798835572,-7.953294482227674e-06,-0.0005808544688843818,0.0003174641778315853,3.965080706224102e-06
0.6211182722285442,-0.4651605328639788,0.20930538574938798,-0.1948662845981501,0.055703536272092846,0.056404691371376915,-0.012763840865588212,-0.007350460392134328,-7.955217554967518e-06,-0.0005478688141719374,0.0003260165772435888,3.96823875216851e-06
0.6191616416169773,-0.4645846826824133,0.2098546023608944,-0.1952547266248188,0.056859155158486864,0.057088395372195275,-0.012768986693702715,-0.007347110178587774,-7.958269197389395e-06,-0.000514585054017963,0.00033499794955797757,3.971773925354539e-06
0.6172010894705876,-0.46399720181856646,0.21041046979859124,-0.19564218871897482,0.05801332592523861,0.05777074460529274,-0.012773808157245294,-0.007343671577269668,-7.962426711204482e-06,-0.00048214940808742087,0.00034383739836077833,3.975748758460591e-06
0.6152366258530214,-0.46339810533813686,0.21097297483666577,-0.19602866373754238,0.05916601913014335,0.05845171792345742,-0.012778314380384213,-0.007340148016854864,-7.967646418295085e-06,-0.00045062614611993606,0.000352333953101145,3.979685865002756e-06
0.6132682609201668,-0.4627874086513388,0.21154209940204352,-0.1964141462817508,0.060317206876268695,0.05913082889487639,-0.012782510583044217,-0.007336537629775473,-7.973944349418333e-06,-0.00041962488759711186,0.0003610172710813264,3.984373274594579e-06
0.6112960048867649,-0.4621651274288088,0.21211782672462892,-0.19679863009406867,0.06146686239450714,0.05980820455609215,-0.012786392073779212,-0.007332833285626002,-7.98140674298489e-06,-0.00038815454688192943,0.0003704136827974745,3.98951344159914e-06
0.6093198680110199,-0.4615312775537482,0.21270014565385303,-0.19718210729812163,0.06261495854380067,0.0604844032730321,-0.012789948263145114,-0.0073290280962733,-7.990120165191387e-06,-0.0003556253242830468,0.0003804989634458949,3.994760703973916e-06
0.6073398606405895,-0.46088587521975133,0.21328904402728366,-0.19756457001298794,0.06376146630680228,0.061159321686506854,-0.012793178321883793,-0.0073251199018218895,-8.000106488199468e-06,-0.000323013190855312,0.000390800245216606,4.000531540442819e-06
0.6053559932139133,-0.46022893692687705,0.21388450893491665,-0.197946009682978,0.06490635631605923,0.06183288441676505,-0.012796087978340101,-0.007321112236231765,-8.011316902843121e-06,-0.00029097385507428404,0.00040074809872780206,4.00660155073105e-06
0.603368276253485,-0.45956047946939804,0.2144865269314522,-0.19832641824369232,0.06604960028713514,0.06250503725621397,-0.012798680605530608,-0.007317008868657409,-8.023701234071789e-06,-0.0002592717831370136,0.00041031900469256825,4.012795294449266e-06
0.6013767203586154,-0.4588805199282002,0.2150950841786081,-0.19870578860365357,0.06719117092822048,0.06317573866534058,-0.01280095284472949,-0.007312807785378768,-8.037279418914977e-06,-0.00022723385211765356,0.0004200912929342725,4.0194918377155355e-06
0.5993813362062183,-0.45818907567311196,0.21571016657592262,-0.1990841138543905,0.06833104075332055,0.06384495885005903,-0.01280289820480207,-0.0073085014419484555,-8.052144496396826e-06,-0.00019454687450567282,0.00043061808446733906,4.026451985349279e-06
0.5973821345603082,-0.4574861643712315,0.21633175977798688,-0.19946138609428968,0.06946918121303883,0.06451267007857484,-0.01280451367022458,-0.007304083058651487,-8.068376141115335e-06,-0.0001615584014594605,0.0004418228952325856,4.034025371792998e-06
0.5953791262811393,-0.45677180399042056,0.21695984918834246,-0.199837596101071,0.07060556308336746,0.06517884565676851,-0.012805801419306354,-0.0072995524215566186,-8.085969942181214e-06,-0.00012878775473346092,0.00045304909302354163,4.042204664361677e-06
0.5933723223250522,-0.4560460127947173,0.21759441999052032,-0.20021273429313574,0.07174015749617385,0.0658434631404522,-0.012806764448897471,-0.00729491465030303,-8.104855731407544e-06,-9.631674039098817e-05,0.00046376328032149313,4.050724964632169e-06
0.5913617337364793,-0.45530880933896795,0.21823545716878381,-0.20058679197675525,0.07287293629946442,0.06650650160256545,-0.01280740249734808,-0.007290173081146785,-8.124985368866387e-06,-6.381952455693448e-05,0.00047414380902424815,4.059656051690659e-06
0.5893473716421186,-0.45456021246903133,0.21888294548677126,-0.2009597615320026,0.07400387151358608,0.0671679363540676,-0.012807712799042905,-0.007285323819117235,-8.146405095205137e-06,-3.104577950233422e-05,0.0004849138633798727,4.068810424384591e-06
0.5873292472548377,-0.45380024132477426,0.2195368695438159,-0.20133163523732878,0.07513293471526156,0.06782774744869668,-0.012807693715972826,-0.007280358237091636,-8.169220422730084e-06,1.8916911129678512e-06,0.0004965466957155176,4.078311110596386e-06
0.585307371885339,-0.45302891534259776,0.2201972137245758,-0.2017024040486847,0.07626009710395702,0.0684859107187282,-0.012807346394418303,-0.007275270831333185,-8.193495872821997e-06,3.47144883858635e-05,0.0005087299405624495,4.088245368321553e-06
0.5832817569493102,-0.4522462542520309,0.22086396227105373,-0.20207205762364613,0.07738533009592172,0.06914241081636636,-0.012806672350475673,-0.007270063961877769,-8.219194518263181e-06,6.738570465772848e-05,0.0005206771552324729,4.098674464045508e-06
0.5812524139640197,-0.45145227807275007,0.2215370992602099,-0.20244058568273463,0.07850860560181587,0.06979723080982442,-0.012805670595379919,-0.007264744086935522,-8.246226504548602e-06,0.00010015586451177133,0.000531978488137204,4.109631268659236e-06
0.579219354538531,-0.4506470071156519,0.2222166085889475,-0.20280797922149224,0.07962989553004948,0.07045035130872923,-0.01280433891114072,-0.007259313349493305,-8.274556795774745e-06,0.00013314785056166037,0.0005430654964369945,4.121149670759222e-06
0.5771825903694178,-0.4498304619859855,0.22290247398170804,-0.20317423022741773,0.08074917130091439,0.07110175222334797,-0.012802677429591645,-0.0072537657921379825,-8.304256211321269e-06,0.00016612660359859334,0.0005547482892816254,4.1330055942987034e-06
0.5751421332479323,-0.4490026635830632,0.22359467901322844,-0.20353933018470965,0.08186640409631452,0.07175141538627673,-0.012800689559133509,-0.0072480924428997805,-8.335430610105543e-06,0.00019876444167641358,0.0005673283424936285,4.145541265585464e-06
0.5730979950413734,-0.448163633023562,0.22429321278503084,-0.2039032678927389,0.08298156593355281,0.07239989112056786,-0.01279837257506952,-0.007242290669360115,-8.368108562544634e-06,0.00023167473080171446,0.0005801716539762297,4.1583534948650095e-06
0.5710501877692027,-0.4473133918078843,0.224998056676207,-0.20426603359428053,0.08409462894675587,0.07304640647680533,-0.01279572665836858,-0.0072363653779337605,-8.4022170715316e-06,0.00026456697804183176,0.0005925242721800293,4.171935634219097e-06
0.5689987235433407,-0.4464519616906406,0.2257091944565365,-0.20462761564102167,0.08520556600184513,0.07369120052187556,-0.012792741294534025,-0.007230328820807976,-8.437870708575067e-06,0.0002985105941672703,0.0006036519199814549,4.158123089128187e-06
0.566943614572534,-0.4455793647567383,0.2264266076017167,-0.204988006289463,0.08631434759907294,0.07433404196095636,-0.012789417415816944,-0.00722417959014289,-8.474987516179952e-06,0.0003323610466814446,0.0006149202367581685,4.154035061392181e-06
0.5648848731509699,-0.4446956233860569,0.2271502779379554,-0.20534719760893863,0.08742094394390129,0.07497496289299879,-0.012785761702903095,-0.007217908483241101,-8.513612389195748e-06,0.0003655434004372121,0.0006271088068123457,4.156944750864683e-06
0.5628225116386747,-0.443800760173468,0.22788019340012458,-0.20570517946980274,0.08852532611821547,0.0756145710859447,-0.01278177734109491,-0.007211506717736965,-8.553809472507928e-06,0.0003984071800500584,0.0006401756250664028,4.164371300075171e-06
0.5607565425494132,-0.4428947980966321,0.22861633399149595,-0.2060619425343809,0.08962746624794905,0.07625207184111725,-0.0127774690018329,-0.007204973012530636,-8.59556086921463e-06,0.00043080383105377945,0.0006533705214016686,4.1749114884287924e-06
0.5586869785058713,-0.4419777604022561,0.22935868039581409,-0.20641747507488167,0.0907273375075397,0.07688753270083763,-0.012772832176862193,-0.0071983145966447795,-8.638747953264016e-06,0.0004636513955421042,0.0006658424243863514,4.187751177988473e-06
0.556613832230923,-0.44104967061690786,0.23010721363059058,-0.20677176651302553,0.09182491257932994,0.07752098624586348,-0.01276786058412112,-0.007191538114142159,-8.68325725792825e-06,0.0004971272502675026,0.0006776498318954176,4.203115326121354e-06
0.5545371165378236,-0.4401105525582446,0.23086191493817257,-0.20712480801406985,0.09292016254764089,0.07815245303022361,-0.012762555952326126,-0.007184641229439444,-8.729093372012849e-06,0.0005304302323750968,0.0006896907861383013,4.220658303718162e-06
0.552456844333069,-0.4391604303357054,0.2316227656421143,-0.20747659116025727,0.09401305787990841,0.078781938550953,-0.0127569291810956,-0.007177614061136755,-8.776359550110703e-06,0.0005626431808999474,0.0007027199332599578,4.240131366222917e-06
0.5503730286304093,-0.4381993283372192,0.2323897470155571,-0.20782710606117866,0.09510357056862147,0.07940943561611635,-0.012750990421334938,-0.007170449112840154,-8.825130182934558e-06,0.0005938409881622967,0.0007164987552634888,4.261357381645229e-06
0.5482856825614533,-0.4372272712135433,0.2331628403164046,-0.20817634094073612,0.09619167500631481,0.08003494163744032,-0.012744738469510032,-0.007163149100644424,-8.875352971598402e-06,0.0006251591891369296,0.0007300059247983588,4.283962722483959e-06
0.5461948193725437,-0.43624428387916797,0.23394202674040154,-0.20852428378043167,0.097277346360365,0.08065844986826251,-0.012738162127163529,-0.007155723930440222,-8.926883860351247e-06,0.0006575973417554277,0.0007425224038118541,4.307949193142091e-06
0.5441004523767551,-0.43525039144890426,0.23472729380856847,-0.20887092302115443,0.09836055825058206,0.0812805914117144,-0.012731247475384231,-0.00714818042057615,-8.979624427768327e-06,0.0006914274584522105,0.0007543569796940972,4.332683260402342e-06
0.5420025949888481,-0.4342456193604962,0.2355186268641237,-0.2092162505987286,0.09944128161044652,0.08190114615575146,-0.012723996396588796,-0.007140514184468605,-9.033618913609327e-06,0.0007250693043386794,0.000766630236548294,4.358158583971815e-06
0.5399012606552235,-0.4332299932018274,0.23631602358815337,-0.20956025528421793,0.10051948477125648,0.08252134693451461,-0.012716427909581914,-0.0071327186022781255,-9.088908969452566e-06,0.0007568092426350025,0.0007795654786043875,4.387461026896331e-06
0.5377964630170705,-0.4322035390266514,0.23711946472017598,-0.2099029304267296,0.10159514280444658,0.0831394972090759,-0.012708547543367867,-0.007124787376454081,-9.145576029123368e-06,0.000787996225203817,0.000793130530220164,4.416185420965183e-06
0.5356882158422653,-0.4311662831704382,0.23792892892644688,-0.21024426456295753,0.10266823153921026,0.08375538834341881,-0.012700345348689671,-0.007116726170102928,-9.203548097614276e-06,0.0008201781876727295,0.000806129227328813,4.444448893162765e-06
0.5335765329367155,-0.4301182520795699,0.23874440835136176,-0.21058424327379202,0.1037387245260051,0.0843703683368698,-0.01269180705061188,-0.007108549460868068,-9.262636800321676e-06,0.0008537877804850185,0.0008176800396062143,4.4726888616032345e-06
0.5314614282710276,-0.42905947266173927,0.23956588040175225,-0.21092286049976045,0.10480659573870678,0.08498296140023084,-0.012682923119488935,-0.007100260133720584,-9.322800146482464e-06,0.0008883503701837328,0.0008289423267844307,4.500991250674968e-06
0.5293429159050012,-0.42798997214181994,0.240393321283888,-0.21126010905245066,0.10587181469328241,0.08559304517388748,-0.012673703665696567,-0.0070918496467559265,-9.384138712262874e-06,0.0009219018534250193,0.00084105886537132,4.5295841026539585e-06
0.5272210099193342,-0.42690977786914097,0.2412267213548864,-0.211595977675427,0.10693434966979724,0.0862020339844465,-0.01266417077604288,-0.007083309904302504,-9.44674455786752e-06,0.0009532445933551765,0.0008539850248384609,4.558731778559008e-06
0.5250957245769323,-0.42581891762209256,0.24206605627983466,-0.21193045905159774,0.10799417657294659,0.08680845677165261,-0.0126543282458689,-0.007074637443985354,-9.510654292222468e-06,0.0009842077762512288,0.000867257442448562,4.588089444661401e-06
0.5229670741898275,-0.42471741928715545,0.24291131400864907,-0.21226353868366826,0.10905127058240394,0.0874135420570763,-0.012644164296416193,-0.007065844625438093,-9.575706885470166e-06,0.0010163489519109206,0.0008792937940006774,4.617379804822516e-06
0.5208350732386695,-0.4236053111817994,0.24376246829489592,-0.21259520903526444,0.11010560893223961,0.08801586847977702,-0.012633657931015506,-0.007056941413460007,-9.641770675022092e-06,0.001050589890229539,0.0008903335810261457,4.646704286315485e-06
0.5186997362202198,-0.42248262177277257,0.2446195055973826,-0.21292545937001167,0.11115716113020774,0.08861670595946625,-0.012622809876381497,-0.007047931162278901,-9.708794327484792e-06,0.0010847581957984375,0.000901037909496005,4.676389355730634e-06
0.5165610777784406,-0.42134937998582267,0.24548239840801744,-0.2132542860407495,0.11220589791042933,0.08921465557096309,-0.012611637564884808,-0.007038801674659396,-9.776924880458607e-06,0.0011171831632328284,0.0009129620522297961,4.706229129790867e-06
0.514419112582769,-0.4202056148686036,0.24635113237671372,-0.21358167809043827,0.11325178886282565,0.08981103281596685,-0.012600164724254691,-0.007029545109648604,-9.846251001597372e-06,0.0011472352982304767,0.000925670341965824,4.736535507248581e-06
0.5122738554778377,-0.4190513558682147,0.24722567924296673,-0.21390762795476823,0.11429481225060956,0.09040444497069663,-0.012588389076602523,-0.007020161411249463,-9.916766155722874e-06,0.0011775152297770815,0.0009383842249732626,4.766994976362073e-06
0.5101253213461955,-0.4178866325188267,0.2481060240649886,-0.21423212128431052,0.11533494476100692,0.0909962237569037,-0.012576291888821934,-0.007010665576743734,-9.988274429447472e-06,0.0012096686124746113,0.0009495982543551931,4.79758165214397e-06
0.5079735252260604,-0.41671147478087134,0.24899213794056843,-0.21455515164076555,0.11637216374558187,0.09158497110101244,-0.012563852216343149,-0.007001066323986243,-1.0060656201270827e-05,0.0012439165386096632,0.000959940419235358,4.8285843920273566e-06
0.5058184821596408,-0.4155259127574353,0.24988400542906644,-0.21487670934644312,0.1174064377443803,0.09217203275608117,-0.012551078704025713,-0.006991363256964624,-1.0133906632684202e-05,0.001277299984604491,0.0009703221787002455,4.859986318067683e-06
0.5036602073316502,-0.41432997699857876,0.25078159710218517,-0.21519679137340683,0.11843773787568411,0.09275600827167536,-0.012537995648136784,-0.006981542119188251,-1.0208194529443328e-05,0.0013082536884457935,0.0009821296893190196,4.891815789693032e-06
0.5014987160479606,-0.4131236983755052,0.25168487777228643,-0.21551539059035668,0.11946603754570259,0.09333632112475583,-0.012524625783288414,-0.006971593776810976,-1.02836224306933e-05,0.0013369338624957075,0.0009948506437782191,4.924236319014246e-06
0.49933402365917007,-0.41190710784137585,0.25259382399464936,-0.2158324939542575,0.12049131528556624,0.09391414432301727,-0.012510957820974812,-0.006961523650479457,-1.0360113719237746e-05,0.0013667429437076687,0.0010070294826143296,4.956901311665348e-06
0.4971661455565917,-0.410680236451156,0.25350842391795875,-0.21614808778965688,0.12151354921652681,0.09449063687287301,-0.012496966687928324,-0.006951349543645051,-1.0437437625369836e-05,0.001399059515220123,0.0010174278295636584,4.989734214868149e-06
0.4949950972831872,-0.40944311570415187,0.2544286502053821,-0.21646216716631148,0.12253271645398138,0.0950642480953214,-0.01248263441607333,-0.006941078339296472,-1.0515499845992893e-05,0.0014331729622714235,0.0010271378163177148,5.022770950944931e-06
0.4928208943994062,-0.40819577728713935,0.2553544846768876,-0.21677472472155673,0.12354878657337975,0.0956358918418528,-0.012467968639944652,-0.006930703214703936,-1.0594379503862174e-05,0.001466522903263759,0.0010375301245052534,5.05578277268662e-06
0.49064355249007197,-0.406938253059906,0.25628591903031395,-0.21708575226226834,0.12456172751964098,0.096206556282278,-0.012452999974130075,-0.0069202141743688736,-1.0674191137958088e-05,0.0014968113087099177,0.0010489220504574161,5.0891615949890945e-06
0.4884630872947411,-0.4056705752741329,0.25722293182034517,-0.217395243819739,0.12557151504656436,0.09677492767347932,-0.012437747922973629,-0.006909608551588329,-1.0754955254562513e-05,0.00152514926844827,0.0010605806542896678,5.123160293704204e-06
0.4862795147081436,-0.40439277653128736,0.2581654891937393,-0.2177031917454836,0.12657813185965264,0.09733976341517277,-0.012422193126165394,-0.006898894754655184,-1.0836558778269993e-05,0.0015554233401760206,0.0010713983560189614,5.157347589942149e-06
0.48409285063352947,-0.4031048894992966,0.2591135724311483,-0.21800958309089233,0.12758155560105255,0.0979025761933362,-0.012406307906849434,-0.0068880905923898225,-1.0918772802951172e-05,0.0015884652579006024,0.0010804350317276592,5.1916395560015114e-06
0.4819031110989902,-0.40180694727485755,0.26006714924402063,-0.21831441449072056,0.12858176173283611,0.09846200702195725,-0.012390081532741886,-0.006877199123759988,-1.1001551286729012e-05,0.0016225804377515436,0.0010891657801857862,5.226092818845848e-06
0.4797103121145556,-0.40049898308669774,0.26102620189317016,-0.21861767854384911,0.12957871667535717,0.0990195116516633,-0.01237354217607319,-0.006866212817711805,-1.1084973756549416e-05,0.001653878341889807,0.0010986496778720883,5.261279298269826e-06
0.4775144698227064,-0.39918103057720133,0.26199069860794916,-0.21891937315054072,0.13057239369323723,0.09957368664664092,-0.012356721412309897,-0.006855117314065593,-1.1169209741484093e-05,0.001682018585334423,0.0011095696963774597,5.296630572850005e-06
0.4753156003821133,-0.3978531234428095,0.262960621749716,-0.21921948686106427,0.13156276939130265,0.10012594590435422,-0.012339627812556871,-0.0068439149176419,-1.1254217590916028e-05,0.0017093017495351905,0.0011202592019300055,5.332625712442826e-06
0.47311372010490793,-0.39651529573619215,0.2639359393157208,-0.21951801298942694,0.13254982930073203,0.10067485062558111,-0.012322230662717279,-0.006832618228340439,-1.133983309497913e-05,0.0017396564382951727,0.0011296886139113844,5.368815278433708e-06
0.47090884530122795,-0.39516758159076026,0.26491663352967154,-0.21981494032208942,0.1335335510833845,0.10122182242985824,-0.012304501224019633,-0.006821244550819104,-1.1425832565019056e-05,0.0017728851590188986,0.0011373874191612028,5.405376785776444e-06
0.4687009923934105,-0.3938100155793846,0.2659026722280663,-0.220110267603112,0.13451390905549426,0.10176542090326879,-0.012286438176929974,-0.006809792855203452,-1.1512220907462212e-05,0.0018062458313345086,0.0011451892135449242,5.442062250662991e-06
0.46649017777837176,-0.39244263240201227,0.266894037581566,-0.22040398868896247,0.13549086947797723,0.10230708117032926,-0.01226807881654826,-0.006798252909861229,-1.1599110179426704e-05,0.0018358769190197231,0.00115401423501327,5.4794620306897e-06
0.46427641798123553,-0.391065467151943,0.26789069725158243,-0.22069610195750428,0.13646440816034722,0.10284535244107909,-0.012249452427668839,-0.0067866123266823045,-1.168664210773049e-05,0.0018625794329810495,0.001164078151437458,5.517227457231613e-06
0.4620597295356069,-0.3896785549549588,0.26889263327342067,-0.22098659611403731,0.13743450483977707,0.10338167249188027,-0.012230555948642785,-0.006774878399235317,-1.177471570539198e-05,0.0018895881826551985,0.0011734126453097357,5.555475923984278e-06
0.4598401291136401,-0.3882819312876789,0.2698998131295025,-0.22127546562708927,0.1384011466766539,0.10391458293758114,-0.012211349536374134,-0.006763066539538885,-1.186313273360549e-05,0.0019205813781381904,0.0011812058136184689,5.594018572470785e-06
0.4576176333669923,-0.3868756317157095,0.2709122187355244,-0.221562701217171,0.13936431014943,0.10444552597817722,-0.012191807643675917,-0.0067511919774374115,-1.1951701133283001e-05,0.0019541294235269416,0.0011874758802334808,5.632502261623318e-06
0.45539225898175595,-0.3854596921066574,0.27192983050607494,-0.22184830069412045,0.14032396577678222,0.1049743519766729,-0.012171944900892165,-0.006739252708123883,-1.204043692117648e-05,0.0019862144246325848,0.0011939464359782207,5.671191898232091e-06
0.45316402274507755,-0.38403414875870995,0.2729526138884718,-0.22213226578285886,0.14128008500586875,0.10549956485795504,-0.012151799931584164,-0.006727232302538751,-1.2129530525617546e-05,0.0020144369424367568,0.0012020600114669767,5.710203916439575e-06
0.4509329414278361,-0.3825990380225471,0.27398054913602377,-0.2224145887224373,0.14223264191462895,0.10602264720779543,-0.012131400506121458,-0.0067151255223952605,-1.2219036365621463e-05,0.002039882388318038,0.0012106974466693664,5.74948516676312e-06
0.44869903186876026,-0.381154396430719,0.27501361554909937,-0.22269526221564076,0.143181621588006,0.10654350301207205,-0.012110729343485133,-0.006702943731057214,-1.2308807284786598e-05,0.0020670560365372397,0.001218198454210847,5.789036364863513e-06
0.4464623109644992,-0.379700260727922,0.2760517907139644,-0.2229742795440415,0.14412700969188263,0.10706195834932974,-0.012089744280326477,-0.0066907066444897596,-1.2398598051642326e-05,0.0020984461850855904,0.0012237277166892496,5.828585179125017e-06
0.44422279564031353,-0.3782366679246415,0.27709505105117316,-0.2232516375387514,0.1450687835275127,0.10757789505661657,-0.01206842553657906,-0.0066784243536161005,-1.2488278896509318e-05,0.0021318144275205785,0.0012282478077925393,5.8682927597743015e-06
0.44198050283468293,-0.3767636553252472,0.2781433720777081,-0.22352733625334806,0.14600691231219196,0.1080912239400921,-0.012046799446592758,-0.006666089509517754,-1.2577931325707797e-05,0.0021625491807536097,0.0012335028397140468,5.908124975859673e-06
0.43973544950900506,-0.3752812604915545,0.27919672858200306,-0.22380137537591235,0.1469413665272849,0.1086018748240961,-0.012024911706413264,-0.006653688215239638,-1.266771326804396e-05,0.0021887142247030184,0.0012401476605269925,5.94831347602743e-06
0.4374876526669848,-0.37378952117409336,0.2802550949341837,-0.2240737512249999,0.14787212631930474,0.1091098069222189,-0.012002778054326384,-0.006641218015358709,-1.2757644097011732e-05,0.0022133054281217902,0.0012470380330482735,5.988909089692074e-06
0.43523712935979103,-0.37228847528541315,0.2813184451703323,-0.22434445768824485,0.14879917957108613,0.10961498470635286,-0.01198036671506869,-0.006628693437260729,-1.2847542468474292e-05,0.0022410742791296287,0.0012524755579547994,6.029585608242112e-06
0.4329838966674394,-0.37077816094250676,0.28238675296169163,-0.22461349006507422,0.14972251148247792,0.11011736833791139,-0.011957632601887964,-0.0066161329890366384,-1.2937181923020188e-05,0.002273351955653665,0.0012560621395496434,6.070134268502705e-06
0.4307279716729282,-0.36925861653053216,0.2834599916655417,-0.22488084767503608,0.15064209692461994,0.11061692522287712,-0.011934566591778328,-0.006603541554343449,-1.302649987293167e-05,0.0023065419737838674,0.0012591603199927593,6.110532952008322e-06
0.42846937145473446,-0.36772988071814117,0.28453813441228076,-0.22514653234459314,0.1515579038657464,0.11111363494010176,-0.011911207051386426,-0.006590907581327131,-1.3115626692915775e-05,0.002335895240758844,0.0012634137636001385,6.151131578958243e-06
0.426208113103558,-0.36619199240535144,0.2856211540746501,-0.22541054442290742,0.15246990472896657,0.11160747483703651,-0.011887598717802225,-0.006578218122485593,-1.320470721420775e-05,0.002360774703324182,0.0012689620423242242,6.192113606139113e-06
0.4239442137416902,-0.3646449906575679,0.2867090233342127,-0.22567288061768376,0.15337808315853563,0.11209842595884034,-0.01186374352384545,-0.0065654752598860045,-1.3293709611455765e-05,0.0023854609052005996,0.0012743020953833667,6.233228892722033e-06
0.4216776905222273,-0.3630889146989163,0.2878017146730836,-0.22593353598209387,0.15428242861323957,0.11258646497178759,-0.011839597674468716,-0.006552696466770588,-1.3382422100399502e-05,0.0024145267509251755,0.0012778947002964136,6.274215068028654e-06
0.4194085606056522,-0.3615238039716907,0.2888992003871191,-0.22619250801973506,0.15518292453813393,0.11307156954948169,-0.011815118549802061,-0.006539897858324961,-1.3470648291293486e-05,0.0024478547117103193,0.0012798756717603353,6.315206640576841e-06
0.41713684113708915,-0.35994969819775136,0.29000145263103133,-0.22644979832191003,0.15607954281948322,0.11355372543117849,-0.011790311448107388,-0.006527079034950258,-1.3558387830320774e-05,0.0024806528454774748,0.0012818966047666539,6.356185087844968e-06
0.4148625492034625,-0.3583666372728747,0.2911084528938382,-0.22670540813462167,0.15697225042900856,0.11403386886630262,-0.011765219489703504,-0.006514226066227346,-1.3645801022891889e-05,0.00250913884181813,0.0012853106766134794,6.3970479819706915e-06
0.41258570195447886,-0.35677466144080733,0.2922201699245276,-0.2269593406266255,0.1578610230639718,0.11451072925137518,-0.011739883989945486,-0.006501328545968505,-1.3732999422139469e-05,0.0025334932295618027,0.0012897654310024265,6.438475383642187e-06
0.4103063165564773,-0.35517381108607454,0.2933365734118877,-0.22721159266529892,0.15874584706444322,0.11498439969359733,-0.011714292662812785,-0.0064883934170472364,-1.3819896434214444e-05,0.002559076275404886,0.0012935258487565093,6.479871827947588e-06
0.4080244101863548,-0.35356412675202903,0.2944576336033983,-0.22746216056624582,0.15962671199848752,0.11545493159565348,-0.01168839373553825,-0.006475439719166621,-1.3906263650931349e-05,0.002589836745482844,0.001295382164070421,6.521271585234616e-06
0.40574000000660465,-0.35194564921526267,0.2955833211040444,-0.22771104399056322,0.1605035983189752,0.1159223573178696,-0.011662152745029873,-0.006462479998382397,-1.39919506652626e-05,0.0026240436207895434,0.001295983788843844,6.562546223017194e-06
0.40345310314824473,-0.3503184195390339,0.2967136067247043,-0.22795824647146823,0.16137647480099307,0.11638669893472714,-0.011635591710146347,-0.006449508851049581,-1.4077016301527635e-05,0.002656048570562989,0.0012971258151902472,6.603772853668445e-06
0.40116373671894173,-0.34868247904731603,0.29784846134458004,-0.22820377198404346,0.1622453089126631,0.11684796819474645,-0.011608767027333499,-0.0064365109916943684,-1.4161633411580592e-05,0.0026824137629345188,0.0012997964915853115,6.645041296493035e-06
0.39887191782593556,-0.3470378692463342,0.29898785579990333,-0.22844762127109922,0.16311007907854938,0.11730616371288739,-0.011581708753742653,-0.006423479995010006,-1.4245869421042074e-05,0.00270577319590687,0.0013031097384279288,6.686551516427343e-06
0.3965776635868464,-0.3453846317781063,0.30013176091424193,-0.22868979186558652,0.16397077524651735,0.11776128169709511,-0.01155438773299126,-0.0064104274477028,-1.4329585503300155e-05,0.0027320483554536977,0.001305264236425942,6.728037193975376e-06
0.3942809911154485,-0.34372280845875974,0.30128014743158593,-0.2289302818366335,0.1648273869091858,0.11821330877305117,-0.011526747307407334,-0.006397372614311526,-1.4412556569185322e-05,0.002763989425090756,0.0013054921542626759,6.7693002465792375e-06
0.39198191749476924,-0.34205244135785856,0.30243298609641595,-0.2291690931876733,0.16567989153461085,0.11866224248113971,-0.011498765344001991,-0.0063843235397547824,-1.4494685255990717e-05,0.0027981438538782926,0.0013049155269734662,6.810593000924569e-06
0.38968045976578936,-0.3403735728341484,0.30359024760221415,-0.22940623118471418,0.16652825590223982,0.11910808112662344,-0.011470480216982215,-0.006371270518375316,-1.4576078195838042e-05,0.002828460791753228,0.0013053095293758944,6.851981438861222e-06
0.3873766349412966,-0.33868624548482074,0.30475190257348306,-0.22964170033876058,0.16737244934988307,0.1195508236870929,-0.011441950882094801,-0.006358198812025119,-1.4656899095807708e-05,0.0028528820489238686,0.001307177442651002,6.893505041873946e-06
0.3850704600277701,-0.33699050206097986,0.305917921569648,-0.22987550144623758,0.16821245473799618,0.11999046550796144,-0.011413193091966253,-0.006345106592814433,-1.473716206861661e-05,0.002875728033143199,0.0013092281541427447,6.935290804661707e-06
0.3827619520299834,-0.3352863854411107,0.3070882750872386,-0.23010763278126475,0.16904826481224156,0.12042699597986024,-0.011384162248254488,-0.006332009168008885,-1.4816688708120061e-05,0.0029030339632969203,0.0013097480403778817,6.977021510967562e-06
0.38045112793098423,-0.3335739386913045,0.3082629335450801,-0.23033809429589958,0.1698798677952756,0.12086040143137493,-0.011354802084406285,-0.006318924377823025,-1.4895274150821457e-05,0.0029359666764017067,0.0013084837931714593,7.018529210413145e-06
0.37813800466722974,-0.3318532051460514,0.3094418672936105,-0.23056689018848261,0.1707072378130448,0.1212906740524868,-0.011325106606501227,-0.0063058552490068654,-1.4972884633758555e-05,0.0029694988002872654,0.0013069168580264585,7.059620107373169e-06
0.37582259912414884,-0.33012422842143707,0.31062504660367396,-0.23079402703852897,0.17153034049931912,0.12171781135490789,-0.011295128887285337,-0.0062927889003197394,-1.5049661960802677e-05,0.002997723557622508,0.0013066381306972507,7.100789827098816e-06
0.3735049281547653,-0.3283870523428388,0.31181244163984173,-0.23101950957906456,0.17234914830903705,0.12214180895142773,-0.011264924795433697,-0.00627971263812316,-1.5125745180887594e-05,0.0030203613578883926,0.0013076288487387233,7.142058404727553e-06
0.37118500859878123,-0.3266417208630807,0.31300402251132703,-0.231243338681373,0.17316364880019433,0.12256266147287105,-0.011234492461761973,-0.006266629616845165,-1.5201093402288058e-05,0.0030431861004871054,0.0013083041032337095,7.18351018769533e-06
0.36886285728017054,-0.32488827806073933,0.31419975925329646,-0.23146551368515456,0.17397383655411827,0.12298035536679837,-0.011203774432632119,-0.006253557455585781,-1.5275508880861412e-05,0.0030717563287456246,0.001307217342341251,7.224590772493091e-06
0.3665384909834054,-0.32312676821905495,0.3153996218514001,-0.23168603660229062,0.17477969744351343,0.12339487990691725,-0.011172720396280124,-0.006240511013617386,-1.5348823497764787e-05,0.003105357835854621,0.0013046445651173004,7.265517753998223e-06
0.36421192638992755,-0.32135723579947956,0.3166035903363897,-0.23190491155005463,0.17558120170131628,0.12380723990177603,-0.011141337505507127,-0.006227488484719583,-1.542105710432727e-05,0.0031382440474206994,0.0013022524270451903,7.306201032372609e-06
0.36188318018076693,-0.3195797256689105,0.31781163109131955,-0.23212214878387596,0.17637831594515951,0.12421607816050051,-0.01110969187820738,-0.0062144750150283645,-1.5492373688356324e-05,0.0031645183646080636,0.001301345771870085,7.346777100961227e-06
0.3595522689956936,-0.31779428286236044,0.3190237115679881,-0.23233775281999292,0.17717101617022052,0.12462150755223364,-0.011077831702628334,-0.006201460979105732,-1.556287810044192e-05,0.003185973789540344,0.0013014017231912773,7.387293799018347e-06
0.357219209450178,-0.31600095251628463,0.32023979986192486,-0.23255172459524975,0.17795929401565302,0.12502359048797113,-0.011045736563260805,-0.006188454091819945,-1.5632484261908634e-05,0.003209470816583002,0.001300686145229837,7.4275877842135425e-06
0.3548840181272439,-0.3141997798957764,0.32145986448099717,-0.23276406465676527,0.17874314434558033,0.12542236059326417,-0.011013340976512381,-0.006175472735392261,-1.5700987818191193e-05,0.0032395163267472356,0.0012981322374733288,7.467739040795124e-06
0.3525467115528433,-0.3123908104878461,0.32268387421004846,-0.23297477704901579,0.1795225495361255,0.12581784074913177,-0.010980606584498773,-0.006162527518857825,-1.576827400359279e-05,0.0032733976930662432,0.0012945173704942547,7.507450092017526e-06
0.35020730618148915,-0.3105740900615234,0.3239117979333871,-0.2331838695540629,0.18029747724050094,0.12621004466075464,-0.010947566066159256,-0.00614961156573217,-1.5834418497270886e-05,0.0033040111154994723,0.001291590200000187,7.546952305677092e-06
0.34786581840624115,-0.30874966462744285,0.3251436045324774,-0.23339135007502937,0.18106789436663062,0.1265989809476142,-0.010914290349250734,-0.006136709745652986,-1.5899585159210964e-05,0.003327531658483742,0.0012901761605080097,7.586452139817518e-06
0.3455222645807506,-0.3069175803375409,0.32637926288548375,-0.23359722312053308,0.1818337825623445,0.12698465381990207,-0.010880812363431459,-0.006123816492759341,-1.5963833057310366e-05,0.0033477591968345878,0.0012893187441359217,7.625922854681875e-06
0.34317666102901295,-0.3050778834348244,0.327618741813002,-0.23380149008429968,0.1825951378145509,0.12736705286828834,-0.010847091917947754,-0.006110943375555503,-1.6027039023584695e-05,0.0033720058834402116,0.0012873044175789924,7.664912442696745e-06
0.3408290240304257,-0.3032306203061338,0.3288620100958138,-0.23400415306235597,0.18335195455194822,0.12774616542019726,-0.010813060014115913,-0.006098107933299374,-1.608901379723224e-05,0.0034031525510882033,0.0012835360693390098,7.703611284128663e-06
0.3384793697953299,-0.30137583758016173,0.33010903648913775,-0.23420521807129815,0.18410421145672146,0.12812198585418852,-0.01077869470088168,-0.006085315923103864,-1.6149698388715044e-05,0.003436494356684962,0.0012791919862753167,7.741836142916904e-06
0.33612771445651735,-0.2995135821634883,0.3313597897330377,-0.23440469408065637,0.1848518741954493,0.1284945192045116,-0.010744047393822013,-0.006072556619747905,-1.6209211523399873e-05,0.00346469452888098,0.001275920497490252,7.779635839273156e-06
0.33377407408440335,-0.2976439011721184,0.33261423852254596,-0.23460258902523884,0.1855949127070321,0.12886377055735962,-0.010709189093845994,-0.006059815818562696,-1.626770394693719e-05,0.0034857945155788686,0.0012740695616216286,7.817510732579413e-06
0.3314184647081755,-0.29576684183017643,0.3338723514499945,-0.23479890710224752,0.18633331436513947,0.12922973198481516,-0.010674133894992508,-0.0060470923129817954,-1.6325190045090163e-05,0.003505485086974638,0.001272339296658314,7.85510636687198e-06
0.32906090231895374,-0.29388245144483516,0.33513409703618335,-0.2349936501736462,0.1870670782795732,0.12959238897048145,-0.010638824221376826,-0.006034400342596659,-1.6381518278833046e-05,0.00353093333568605,0.0012691849978876968,7.892514899108193e-06
0.32670140285058535,-0.29199077748415553,0.3363994437708412,-0.23518682185262044,0.18779619693950475,0.1299517294169487,-0.010603193816952237,-0.006021755103230526,-1.6436528932976916e-05,0.003563007282186844,0.0012645110393690547,7.92961243262251e-06
0.3243399821583934,-0.2900918676732096,0.3376683600717065,-0.23537842976168044,0.18852064496356452,0.13030774561649833,-0.010567240815719546,-0.006009157357604517,-1.6490217514741407e-05,0.0035952678277213616,0.001259760815052206,7.9662782283934e-06
0.32197665601771636,-0.2881857700025272,0.33894081425728867,-0.2355684835316642,0.1892403871589144,0.13066043682950085,-0.010531032165542315,-0.005996593733833849,-1.6542726085005456e-05,0.003620833498066883,0.0012563478612277986,8.002822121993328e-06
0.31961144014252896,-0.2862725326355795,0.3402167746144771,-0.23575699073816533,0.1899553977346434,0.13100980919746708,-0.010494632348918816,-0.0059840521732022756,-1.659418108939938e-05,0.00363995083972703,0.0012541408513965637,8.039365669661503e-06
0.3172443502036733,-0.28435220381520304,0.34149620933579183,-0.23594395521079967,0.1906656697236647,0.13135585262701407,-0.010458033555518286,-0.005971535675402584,-1.6644551715107992e-05,0.003659849230118817,0.0012516338623549342,8.075763812781019e-06
0.3148754018259034,-0.2824248318692282,0.3427790865478788,-0.23612937940654974,0.19137120391852558,0.13169855068096867,-0.01042116458800302,-0.005959059754940392,-1.6693683445414396e-05,0.0036868674435783684,0.001247575352224744,8.111306303872775e-06
0.31250461056669765,-0.2804904653092671,0.34406537428031314,-0.23631326840372988,0.192071989486516,0.13203788534874622,-0.010383968428101548,-0.005946636093451757,-1.674145858873183e-05,0.0037195875509276506,0.0012423486260081146,8.146392211237844e-06
0.3101319918994676,-0.2785491529148605,0.34535504046451065,-0.23649563103039856,0.1927679969998787,0.13237384949628478,-0.0103464655016877,-0.005934260618434279,-1.6787923917951955e-05,0.0037502650394977684,0.001237529183543323,8.181017333895683e-06
0.307757561218607,-0.2766009437098933,0.3466480529676518,-0.23667647700530392,0.19345919169378067,0.1327064480711119,-0.010308733702111602,-0.005921918628616797,-1.6833230415697247e-05,0.0037731531001171195,0.001234179952243315,8.215757775266198e-06
0.3053813338604233,-0.2746458868538427,0.3479443795774908,-0.23685581321532084,0.19414555307820505,0.13303568108421615,-0.010270824651582027,-0.0059096012004020175,-1.6877471366537383e-05,0.003790878881679639,0.0012317231354603939,8.25035451261729e-06
0.3030033251166805,-0.27268403156454263,0.3492439880076717,-0.23703364311320646,0.19482707926863607,0.13336153699185396,-0.010232707782186884,-0.005897315074687125,-1.6920580070906277e-05,0.003811661491080517,0.0012285922019865255,8.284659438306396e-06
0.3006235502260739,-0.2707154271562014,0.3505468459198511,-0.2372099698383011,0.1955037710892906,0.13368399888350244,-0.010194303908514744,-0.0058850755590686464,-1.6962408849293428e-05,0.0038403627256779903,0.001223930444324113,8.318032006356113e-06
0.29824202435302194,-0.268740123151062,0.3518529208710766,-0.23738479971491705,0.19617561330612862,0.1340030498078945,-0.010155571478796793,-0.005872890101540056,-1.7002888644869053e-05,0.003873219174414026,0.0012185238625348747,8.350713111169488e-06
0.29585876257643895,-0.26675816934278496,0.353162180333063,-0.23755814227372787,0.1968425730380026,0.13431868747831596,-0.010116553336996998,-0.0058607504774284185,-1.7042103969241376e-05,0.0039017911736803977,0.0012139397983723145,8.383324559259135e-06
0.2934737799006667,-0.26476961574084046,0.3544745917214074,-0.2377300068170321,0.19750461748881706,0.13463091906145128,-0.0100773323188597,-0.00584864199695484,-1.7080204970634984e-05,0.003922079507381003,0.0012108247952576758,8.415815148293634e-06
0.2910870912764282,-0.2627745124531039,0.35579012237681024,-0.2379003993261405,0.1981617322077144,0.1349397425520611,-0.01003794163715775,-0.005836559280105851,-1.7117249528208377e-05,0.0039390465271716005,0.0012082478304677583,8.447947928888017e-06
0.28869871160943056,-0.26077290963398153,0.3571087395509927,-0.23806932290530142,0.19881391942813073,0.13524514130270376,-0.00999832925555414,-0.005824511975237272,-1.715314780941952e-05,0.003961217230377079,0.0012047059945802284,8.479364349178526e-06
0.2863086557473093,-0.25876485755311784,0.35843041045184865,-0.2382367813350747,0.19946117839281496,0.1355470983465071,-0.00995841461352578,-0.005812514091342976,-1.7187766686878433e-05,0.003991444060440715,0.0011997632028150514,8.510079322482571e-06
0.28391693845988203,-0.25675040671083105,0.35975510217128187,-0.23840278190199216,0.20010348887552926,0.13584559847954297,-0.009918176701627354,-0.005800568543674541,-1.72210794890293e-05,0.004023771847278046,0.0011945288808095026,8.540583479169418e-06
0.28152357443409226,-0.2547296078733245,0.36108278172595526,-0.23856733431216,0.20074081560417348,0.136140644059241,-0.00987767898173569,-0.0057886640018679795,-1.7253206000238666e-05,0.0040497533737434725,0.001190427665137784,8.570397368083848e-06
0.27912857828935467,-0.25270251198703353,0.3624134160824374,-0.2387304470274776,0.20137312939982557,0.13643224318153616,-0.009837002260211898,-0.005776786997613093,-1.728428039499365e-05,0.0040676541835706235,0.001187673353555679,8.600141501377212e-06
0.276731964596886,-0.25066917006252715,0.36374697213558005,-0.23889212497837936,0.20200042219975015,0.13672039076892573,-0.009796157231680182,-0.0057649359697400275,-1.731432201712024e-05,0.004084485517231874,0.0011850751763033546,8.629501730452923e-06
0.27433374788263537,-0.2486296331536607,0.36508341672848726,-0.2390523710040229,0.2026226990996269,0.13700507048077085,-0.009755073501046065,-0.005753122410464851,-1.734322079840248e-05,0.004108356421188941,0.0011813277308935644,8.658605100965056e-06
0.27193394261173737,-0.24658395245433062,0.36642271656288483,-0.23921118953968784,0.20323995629004682,0.13728625586276585,-0.009713676240504076,-0.005741357794787509,-1.7370870744558804e-05,0.0041397101637895535,0.0011764327434601613,8.68711910952582e-06
0.26953256317133767,-0.24453217940616995,0.3677648383006999,-0.23936858846163284,0.20385216845223425,0.13756394311625844,-0.00967196853902677,-0.005729640547713026,-1.7397290577122737e-05,0.004170754995325127,0.0011716952733592224,8.715325947566013e-06
0.2671296238719001,-0.2424743657007051,0.36910974854429723,-0.2395245771635173,0.20445929946543798,0.1378381393587294,-0.009630030344553878,-0.0057179572426483615,-1.742261546759939e-05,0.004193804952525465,0.00116830053723221,8.743052405162465e-06
0.2647251389656368,-0.2404105631692569,0.370457413837958,-0.23967916292841188,0.20506132529705512,0.1381088508942449,-0.009587933110623332,-0.005706296490664286,-1.7446955157685254e-05,0.004209709490612214,0.0011660447529789756,8.77080591358314e-06
0.2623191226630572,-0.2383408236788648,0.3718078006129254,-0.23983234957471075,0.2056582441461387,0.13837606438956798,-0.009545662617762117,-0.0056946603068679736,-1.7470294092082623e-05,0.004227035982513907,0.0011635874582098264,8.79818330470404e-06
0.2599115891303867,-0.23626519914598845,0.37316087527397074,-0.23998413970730734,0.20625006241004495,0.1386397632446605,-0.009503135107416665,-0.005683060950504228,-1.7492520135655823e-05,0.004252738391167888,0.001159904194053939,8.825055044534905e-06
0.25750255247249104,-0.2341837416534712,0.37451660411995036,-0.2401345382322312,0.20683677192420316,0.13889992616483027,-0.009460288593032828,-0.00567150664258006,-1.7513562011892275e-05,0.0042846394930312675,0.0011553988054991483,8.851238555767233e-06
0.2550920267201057,-0.23209650354197348,0.3758749534166162,-0.24028355321003506,0.20741834276035429,0.13915655439413818,-0.00941715170550969,-0.005659991747180479,-1.7533473902984397e-05,0.0043136774714654024,0.0011514570415376395,8.877357690833546e-06
0.2526800258368787,-0.23000353737623375,0.3772358893566578,-0.24043119323029644,0.20799473971570379,0.13940965611324738,-0.009373815113300992,-0.005648501996837574,-1.7552393543380417e-05,0.0043336485239726516,0.0011489420973691386,8.90316675971428e-06
0.2502665637390223,-0.22790489581809245,0.37859937806457666,-0.240577464135518,0.20856594512556526,0.13965923429439578,-0.009330334085349237,-0.005637028813741011,-1.7570405502451793e-05,0.004348092632188466,0.0011472849817354064,8.928561551008898e-06
0.24785165430774703,-0.22580063154376706,0.37996538557967424,-0.24072236863164342,0.20913196281639299,0.13990527386988505,-0.00928666909538428,-0.005625577280417206,-1.7587464328165574e-05,0.004366489390898677,0.0011451195990151682,8.953726059267927e-06
0.24543531138229324,-0.22369079729403113,0.3813338778987282,-0.24086590912681682,0.20969279874886898,0.14014775486595882,-0.00924272953673246,-0.0056141593775017136,-1.7603467152897543e-05,0.004393946872559446,0.0011417561152903266,8.978003880490663e-06
0.24301754874279935,-0.22157544600243212,0.38270482090279584,-0.2410080908199373,0.21024843950933042,0.1403866579318072,-0.00919847255494682,-0.005602779611554202,-1.7618375744757994e-05,0.004425689817892366,0.0011379419665004586,9.001907136079778e-06
0.2405983801025518,-0.2194546308611292,0.3840781804336061,-0.2411489215396629,0.2107988515061716,0.14062198828056274,-0.00915395170311303,-0.005591428965792109,-1.7632275852950708e-05,0.004452077404119607,0.001135029543646744,9.025516637540734e-06
0.23817781911958708,-0.21732840525091426,0.38545392230777725,-0.24128840865980322,0.21134400235749592,0.1408537601033922,-0.00910926112758707,-0.005580093425873885,-1.7645297999912156e-05,0.004469050279517405,0.0011335186220069677,9.048884960315398e-06
0.23575587941617024,-0.21519682260780562,0.38683201228719927,-0.24142655641791114,0.2118838815361086,0.1410819741466039,-0.009064434156945205,-0.005568767618450176,-1.7657494986015033e-05,0.004482690265847402,0.001132545066830806,9.071817715563615e-06
0.23333257458677503,-0.21305993637059395,0.3882124160396388,-0.24156336645406726,0.2124184973515399,0.14130661002703043,-0.009019407942188943,-0.005557459095883645,-1.7668802866781332e-05,0.0045026151857164905,0.001130816254296844,9.094213143660038e-06
0.23090791818735973,-0.21091780006485042,0.3895950991674982,-0.24169884101330213,0.212947853588855,0.14152764500795217,-0.008974092427081084,-0.005546178549472098,-1.767912984633256e-05,0.004531545778240635,0.001128018279194436,9.116048647072755e-06
0.22848192371943116,-0.20877046743147745,0.390980027231121,-0.2418329853255028,0.21347193113300778,0.14174507119715743,-0.008928468797743104,-0.0055349266933589405,-1.7688472096260275e-05,0.004562357758492977,0.001125148896204074,9.137544422288798e-06
0.22605460462770963,-0.20661799246014928,0.39236716574815655,-0.24196580659659217,0.21399069416324584,0.141958897770897,-0.008882612433181294,-0.005523691967340233,-1.7696934483704073e-05,0.004585631777892681,0.00112343558792134,9.158806388447664e-06
0.22362597431534434,-0.20446042928730968,0.3937564802079564,-0.24209731070154927,0.21450411494788907,0.14216913832798467,-0.008836612978545998,-0.005512461482633206,-1.7704628132613233e-05,0.004599941218949136,0.0011230112118060817,9.180321355628924e-06
0.22119604616212526,-0.20229783206781843,0.39514793597158016,-0.24222750022376185,0.21501219032894844,0.14237578165577863,-0.008790477680321153,-0.005501233150315101,-1.7711572062404022e-05,0.004613525999406287,0.0011227957422491632,9.201657988192071e-06
0.21876483352728193,-0.20013025495797196,0.3965414983622485,-0.24235637581212333,0.21551493147849415,0.14257880911765536,-0.00874412455160732,-0.005490016148781582,-1.771768784945282e-05,0.004635309511223461,0.001121662405626037,9.222611057710613e-06
0.2163323497362241,-0.19795775222781758,0.39793713267650194,-0.24248393950415043,0.21601233834790767,0.14277820288162363,-0.008697471891204933,-0.005478819127059049,-1.7722907291771292e-05,0.004665263178538786,0.001119664146508736,9.24265640904608e-06
0.21389860806749522,-0.19578037838052667,0.3993348041075959,-0.24261019635290373,0.2165043861875044,0.14297395388628167,-0.008650528151806449,-0.005467639009928585,-1.772726306953999e-05,0.004694371556705984,0.0011179734330905003,9.26195715353737e-06
0.21146362171692365,-0.19359818806587312,0.400734489432424,-0.24273514989869993,0.21699103761975677,0.1431672366504446,-0.008603380089667644,-0.00545646380208469,-1.7730862646194862e-05,0.0047148042486562635,0.0011174823048508225,9.280742052489934e-06
0.20902740386547414,-0.1914112360679325,0.4021361615770981,-0.24285880513043012,0.21747227140067002,0.14335768052037562,-0.00855610365709706,-0.005445283118356917,-1.773379180818236e-05,0.004727641661297442,0.001118029734822957,9.299719281941671e-06
0.2065899676897413,-0.18921957718424792,0.40353979084679886,-0.24298116364371042,0.21794809079946229,0.14354502022317392,-0.008508679990701198,-0.005434098187556853,-1.7736038584179157e-05,0.004742365418304189,0.0011184542834606233,9.31863932056916e-06
0.2041513263574944,-0.18702326623957954,0.40494534580272856,-0.24310222570762113,0.2184185076903041,0.1437290639566622,-0.008461015362494892,-0.005422919172315568,-1.77375171660182e-05,0.004766462018887816,0.0011178625388786135,9.337259658695682e-06
0.20171149301120272,-0.18482235821243606,0.4063527937484162,-0.24322199351191298,0.21888351713894044,0.14390967309877356,-0.008413042293094648,-0.005411752405800876,-1.7738179202865985e-05,0.004797306582298327,0.001116637466133904,9.355120970862624e-06
0.19927048075623108,-0.1826169083318133,0.4077621012180126,-0.24334047193405597,0.2193430896649377,0.14408677670889106,-0.008364793826842368,-0.005400591852991096,-1.7738076270295125e-05,0.004824846681811187,0.0011160159245905844,9.372679237584793e-06
0.19438497170378494,-0.1781926046276058,0.41058618943397784,-0.24357357439058477,0.22024580126630555,0.14443227668196157,-0.008267815691628566,-0.005378243184032388,-1.77359595402277e-05,0.004854902007231915,0.0011181510015654762,9.407274653725391e-06
0.1919405010469901,-0.1759738618528013,0.41200089445146043,-0.24368820407610056,0.2206889344663708,0.14459916732107636,-0.008219103132262692,-0.005367049613628125,-1.773398796860915e-05,0.0048712569968006455,0.0011193173830271901,9.42441744397864e-06
0.18949490367782254,-0.17375079910314484,0.4134173359409295,-0.2438015491139057,0.22112659625676157,0.14476340289710024,-0.00817012873408323,-0.005355854865696469,-1.773130966152754e-05,0.004897441254879912,0.001119435011674835,9.441381175162956e-06
0.18704819260324188,-0.1715234720475353,0.4148354853457497,-0.24391361200402142,0.2215587759098089,0.14492461830785516,-0.008120847360662582,-0.005344662489789061,-1.7727899199672328e-05,0.004928139167738603,0.0011191976832464522,9.457665596957134e-06
0.18460038084725733,-0.16929193669321382,0.4162552994598352,-0.24402440017126303,0.22198544230581715,0.14508135998169647,-0.008071319833256905,-0.005333462738481338,-1.772384049446942e-05,0.004952754908538308,0.0011199351401852149,9.473164666353074e-06
0.18215148140864343,-0.16705624920026216,0.4176767372956803,-0.24413391686136982,0.2224065628019761,0.14523386980348504,-0.008021649720515434,-0.005322241524576008,-1.771924615135812e-05,0.004967013722954656,0.0011220813679585638,9.488448174269994e-06
0.17970150728229717,-0.16481646573998315,0.4190997593147648,-0.24424216244947966,0.2228221293961434,0.14538229977689385,-0.0079718725723956,-0.005310992751078509,-1.7714160605915862e-05,0.004977717516787061,0.0011248373166802775,9.503810711848914e-06
0.17725047194685634,-0.16257264348734765,0.420524102922023,-0.244349276350931,0.22323232056769926,0.14550407034213161,-0.007921285103235606,-0.005299235113480936,-1.7710902303709266e-05,0.005058748645636338,0.0011757240475377762,9.669016427750528e-06
0.1747983891961115,-0.16032483995208818,0.4219495672733309,-0.24445523585655368,0.22363712118913384,0.14560517625861888,-0.007869401653007773,-0.005286679263438486,-1.7711960722835284e-05,0.005188344463733212,0.0012555467061709075,9.807334628455998e-06
0.1723452734093469,-0.1580731135129019,0.42337600331934333,-0.2445599828848235,0.22403644074062495,0.145690686481066,-0.007815949638230008,-0.0052731316848850015,-1.7719188290364035e-05,0.005345197662980862,0.0013547218603489762,9.902093071444453e-06
0.169891139774869,-0.15581752378337155,0.4248032988206392,-0.24466343765141743,0.22443013706169812,0.14576422597344812,-0.0077608469567211165,-0.005258449987371428,-1.7733857605904045e-05,0.005510260427764174,0.0014681366479761867,9.967708467534196e-06
0.16743600447055598,-0.1535581317374938,0.42623136636967973,-0.2447655031788189,0.22481805434764202,0.14582824806526004,-0.007704087295434496,-0.005242529998747507,-1.7756823542521715e-05,0.0056759540719978525,0.0015919690275787283,1.0013462851290442e-05
0.16497988480212872,-0.1512949997226016,0.4276601352355876,-0.2448660671895129,0.2252000505131664,0.14588438756267927,-0.007645607472214256,-0.005225307544738095,-1.7788550648468645e-05,0.0058479657180569135,0.0017222190285124035,1.0045267152434299e-05
0.16252279929189112,-0.14902819154705124,0.42908954582597614,-0.24496500606902355,0.22557599155910224,0.1459337153864567,-0.007585259874614464,-0.005206755484862449,-1.7829159656797245e-05,0.006034738580120025,0.001855183117345666,1.0067333756523007e-05
0.160064767714628,-0.14675777268541826,0.43051954844291696,-0.24506218909069186,0.22594571946802897,0.14597719204568474,-0.007522928814386857,-0.005186875453742064,-1.7878536476109088e-05,0.006233080364672292,0.001987983690151585,1.007994586775568e-05
0.15760581109755809,-0.14448381046050293,0.43195010187345084,-0.24515748530690493,0.22630903750851075,0.1460156723294685,-0.007458647666587144,-0.0051656758288536565,-1.7936503890049565e-05,0.0064280847767867935,0.0021199464338963556,1.0083540470681308e-05
0.15514595171763657,-0.14220637403475622,0.43338117191837955,-0.24525076485596936,0.2266657297666937,0.14604989710668995,-0.007392595562168268,-0.005143164764726642,-1.8002858791556696e-05,0.006605176242335475,0.002251093622999142,1.0080491754056878e-05
0.15268521310351144,-0.13992553419179274,0.4348127323889737,-0.24534189372237894,0.22701559839600738,0.14608071824254937,-0.007324973882854785,-0.0051193736856287655,-1.8076878256350584e-05,0.006762129952711193,0.0023790979632882466,1.0105536314723875e-05
0.1502236200230851,-0.13764136310092862,0.43624476294685327,-0.24543073411064736,0.22735848613545961,0.1461087587468016,-0.0072558795429171746,-0.005094375928774379,-1.815733277906827e-05,0.006909392909571163,0.002499767908909832,1.0179136447944003e-05
0.14776119841977692,-0.1353539342355319,0.43767724686427323,-0.24551715057414325,0.22769425853425782,0.14613440665375577,-0.007185321162006685,-0.005068280301975148,-1.8242724529115942e-05,0.007055794703812993,0.0026095563111537194,1.0303603315767917e-05
0.1452979752977767,-0.13306332242548846,0.4391101699898789,-0.2456010191175038,0.22802276897623866,0.14615795977803833,-0.007113360262180251,-0.005041199433439906,-1.8331567453303304e-05,0.007196045078152821,0.0027080811618984246,1.0476918795175084e-05
0.14283397860077127,-0.13076960385068623,0.4405435199713724,-0.24568223185902657,0.22834384874667144,0.14617966895318907,-0.007040218029202419,-0.005013221438312037,-1.8422612283465412e-05,0.007314177531085505,0.002797793886066944,1.0695131977822395e-05
0.14036923712521956,-0.12847285581313536,0.4419772858390326,-0.24576069268049522,0.22865733672154745,0.14619976341386712,-0.006966221552281555,-0.004984414883237746,-1.851486512212861e-05,0.00739960158014038,0.0028806494742468084,1.0948756382117902e-05
0.13790378046621382,-0.12617315635239074,0.44341145712051994,-0.2458363093465856,0.2289631200306307,0.14621837364355972,-0.006891634959651946,-0.004954861985744702,-1.860735666833439e-05,0.007458613301654267,0.002955282895482823,1.1228008423318978e-05
0.13543763894675542,-0.12387058393775985,0.4448460232290071,-0.24590899164859986,0.22926114080084117,0.14623554125937832,-0.006816559402215754,-0.0049246816193494365,-1.8698975569806524e-05,0.007507510489683218,0.0030180285457464817,1.1524191302820141e-05
0.13297084349292643,-0.12156521738624529,0.44628097363049973,-0.2459786588828153,0.22955136147137725,0.1462513105822363,-0.006741012240919941,-0.004894012484709766,-1.8788591864435158e-05,0.007554672137601573,0.0030669037491270726,1.1828474722784494e-05
0.13050342547748528,-0.1192571359075427,0.44771629792896567,-0.2460452491751882,0.2298337274313077,0.1462657487710359,-0.006665096104441349,-0.004862971225536087,-1.8875336222842727e-05,0.00759157133350846,0.003104114328560324,1.2132830634392326e-05
0.1280354165917967,-0.11694641903738297,0.4491519857389712,-0.2461087197723088,0.23010816761281064,0.1462789365106255,-0.006589072109610166,-0.004831631803117365,-1.8958725890976126e-05,0.00760235906545093,0.0031339286880063114,1.2430061078783054e-05
0.12556684877852878,-0.11463314634382801,0.4505880260782247,-0.24616903778514812,0.23037463353153334,0.1462909007945235,-0.006513250258037229,-0.004800048810799313,-1.9038488724959536e-05,0.007582146748567585,0.003158283714028471,1.2714359601183517e-05
0.12309775419158389,-0.11231739704679354,0.4520244072382811,-0.24622617122993581,0.2306331333166274,0.14630163241609057,-0.006437813847782915,-0.004768298525908968,-1.9114316453458927e-05,0.007543604751844918,0.003175011024910403,1.2977327979552628e-05
0.12062816512550101,-0.10999924980360673,0.4534611168477601,-0.24628009002973422,0.23088372203042795,0.14631109711885176,-0.006362771350324616,-0.004736492292104698,-1.918579050369148e-05,0.007504215782183827,0.0031806039826885266,1.3209603389592809e-05
0.11815811389211789,-0.1076787827386092,0.4548981421593042,-0.2463307756176685,0.23112645822242422,0.1463192800217961,-0.006288085768952265,-0.0047047461194750645,-1.9252526871617757e-05,0.007468526637125529,0.003174595968636581,1.3407251875837538e-05
0.11568763268611496,-0.105356073542941,0.4563354701518652,-0.24637822830388273,0.2313613730601368,0.14632619459316404,-0.006213838559722406,-0.004673138517009616,-1.931440852759462e-05,0.007424691910551591,0.003160737177891792,1.3569687378448962e-05
0.11321675350071198,-0.10303119941052459,0.4577730873417723,-0.24642246338796084,0.2315884836988204,0.14633185711737626,-0.006140251415418003,-0.004641703750211867,-1.9371618374151555e-05,0.0073586877888225065,0.003143452049456739,1.3696459933273493e-05
0.11074550810496114,-0.100704236765932,0.45921097961058205,-0.2464634997551813,0.23180783544848263,0.14633626356319282,-0.006067540153268308,-0.004610467667020951,-1.9424434860689937e-05,0.007271101784900473,0.003123582370691467,1.3784567518645865e-05
0.108273928033437,-0.09837526098499198,0.46064913209289815,-0.24650135289297628,0.2320195247719369,0.14633936979521575,-0.005995762251706264,-0.004579486750468948,-1.947299726657294e-05,0.007177767845050617,0.0030980645927243984,1.3830393976141607e-05
0.10580204453154692,-0.09604434632874786,0.4620875292997245,-0.24653603922477993,0.23222367658772003,0.14634111677036715,-0.005924825247110106,-0.004548848049862006,-1.951729508782819e-05,0.0070936802443933794,0.00306384204324578,1.3831800154908906e-05
0.10332988845410768,-0.0937115660887689,0.46352615531494035,-0.24656758646711993,0.2324204003283851,0.14634146413129714,-0.00585464241715329,-0.004518630046877401,-1.9557353400884463e-05,0.00701826483723101,0.0030217714820421813,1.3791775906610465e-05
0.10085749017196724,-0.09137699272951799,0.4649649938842696,-0.24659603797425433,0.23260977073035777,0.14634040199007115,-0.005785266551078317,-0.004488867807160317,-1.9593417298703968e-05,0.0069375703680604655,0.002976194557417874,1.3715098144314277e-05
0.09838487953807042,-0.0890406978343821,0.46640402831816496,-0.2466214456817381,0.23279185190934285,0.1463379276633731,-0.005716860327637544,-0.004459561184907008,-1.962590326135273e-05,0.006840607811876932,0.002930632444549751,1.3605821450694292e-05
0.09591208590295257,-0.0867027518860694,0.46784324162241236,-0.2466438589091158,0.232966736932136,0.14633404213630996,-0.00564953823737824,-0.004430716834129985,-1.9655129559801978e-05,0.00673219603701978,0.002884405107466365,1.347017735562508e-05
0.09343913812163686,-0.08436322410385741,0.46928261653530445,-0.24666332094945742,0.23313455851090797,0.14632872190140847,-0.005583255052110098,-0.004402377677501149,-1.9681149445081496e-05,0.006628307037473326,0.0028338855819352187,1.3314388638194566e-05
0.09096606450905614,-0.0820221825021343,0.47072213537819974,-0.24667987633411156,0.2332954589744671,0.1463219093868011,-0.005517860489302596,-0.004374609015082248,-1.9703846019052124e-05,0.006539446322736017,0.0027768360655333517,1.3143476782442782e-05
0.08849289276076394,-0.07967969409990022,0.4721617799631457,-0.24669358032777153,0.23344955215228896,0.146313544985152,-0.005453256248675811,-0.004347457195528379,-1.9723174936428225e-05,0.00646041563554666,0.0027151517081610912,1.2961370132226248e-05
0.08601964989724355,-0.07733582506222665,0.4736015316068496,-0.2467044998465269,0.2335969167290214,0.14630359354043543,-0.005389487535033498,-0.004320926891015769,-1.973927957696734e-05,0.006376864386353631,0.0026530001956889815,1.2772569006941061e-05
0.08354636226606608,-0.07499064063881762,0.4750413710501211,-0.24671270484272342,0.23373762674812593,0.14629202370157787,-0.005326673615372329,-0.004295000735505502,-1.975238534738047e-05,0.006281386322281053,0.0025925853588825393,1.2580830493939064e-05
0.08107305557532651,-0.0726442049889604,0.47648127843219684,-0.24671825944876602,0.23387178531478792,0.14627878736025227,-0.005264854892609741,-0.0042696783299605015,-1.9762598652810712e-05,0.006181867904556756,0.0025322104560852564,1.2388779479399327e-05
0.07859975490364335,-0.07029658110984997,0.4779212332692767,-0.24672122189150758,0.23399952412695374,0.14626380826505442,-0.005203925384812899,-0.004244992851307475,-1.976983058390075e-05,0.006092947702702672,0.0024685178343998426,1.219810695655727e-05
0.07612648466157028,-0.06794783097040921,0.47936121444324314,-0.24672165266137583,0.2341209701024631,0.1462469977762638,-0.0051437202959083925,-0.0042209884014280975,-1.9773921256682846e-05,0.006020507160696248,0.002400414977538142,1.2010363565006265e-05
0.07365326853507179,-0.0655980157331974,0.48080120018334405,-0.2467196215662491,0.23423621552644397,0.14622827893757256,-0.00508415990221869,-0.004197684064626032,-1.977482453786427e-05,0.005956038990510697,0.002330403670141106,1.1827320168459977e-05
0.07118012946237955,-0.06324719586234481,0.48224116807481754,-0.24671520577881265,0.2343453222877632,0.14620759838268546,-0.005025298475874969,-0.004175064345741995,-1.9772648171257576e-05,0.005886143547177443,0.0022619418924455,1.165123861910516e-05
0.06870708965915409,-0.060895431040929815,0.48368109509662505,-0.24670848126117112,0.23444835503728373,0.14618491307675072,-0.004967227788538942,-0.004153104710380276,-1.976753152350985e-05,0.005807070865843822,0.002195933572334315,1.1483219966637175e-05
0.06623417065703309,-0.058542780028124845,0.48512095755274315,-0.24669951687470912,0.23454540708592375,0.1461601556687126,-0.004909941531434469,-0.004131803029314377,-1.9759492902128264e-05,0.005728629041966079,0.0021301381607122262,1.1323818214564e-05
0.06376139331053506,-0.05618930064974416,0.48656073111173836,-0.2466883768791101,0.23463659078396595,0.14613324018858379,-0.004853309413398704,-0.004111183842853917,-1.9748416909126933e-05,0.005663216370040448,0.002061888672140836,1.1173051308073185e-05
0.06128877776531291,-0.05383504996559816,0.48800039078451074,-0.24667512860713858,0.23472200426054313,0.14610407441066584,-0.0047971838951573545,-0.004091272478832197,-1.9734180379183898e-05,0.00561255766431793,0.00199110635385471,1.1031311432843337e-05
0.05881634342338059,-0.051480084467964905,0.489439910967902,-0.2466598466441909,0.23480171033804054,0.1460725886735688,-0.004741522978005933,-0.004072068338619653,-1.9716781829528044e-05,0.005566098818073793,0.0019203838826440452,1.0898919177936679e-05
0.056344108944016445,-0.049124460136817705,0.49087926549303423,-0.2466426090466782,0.23487574941587405,0.14603873915389912,-0.0046864001657116764,-0.004053546327811966,-1.969632555189092e-05,0.005512289541790309,0.0018521708593862607,1.0776760538516938e-05
0.0538720922793324,-0.046768232329870936,0.4923184275834347,-0.24662349016039475,0.23494417249362354,0.14600247882792172,-0.004631891839580358,-0.004035682540686765,-1.967290368965925e-05,0.005450842087695789,0.0017863484117729034,1.0665110773820577e-05
0.051400310708433504,-0.044411455661721354,0.4937573698920825,-0.24660255760407887,0.2350070585533378,0.14596374435831458,-0.0045779653960969545,-0.004018475681029568,-1.964650435785244e-05,0.005392654980838106,0.0017206555659680365,1.0563491830309512e-05
0.04892878082250889,-0.042054184014844564,0.4951960740910898,-0.2465798738163978,0.23506449409484692,0.14592341521809113,-0.004524499339567178,-0.004001943958015,-1.9617055533953398e-05,0.00534661746381609,0.001653141777754083,1.0468773528159315e-05
0.04645751853980432,-0.039696470750645,0.49663450848440355,-0.24655550996852607,0.23511655405573048,0.14588013097336403,-0.004471376665581969,-0.003986097059235526,-1.958449453483669e-05,0.00531228040466522,0.0015846592027129423,1.0383853797084165e-05
0.04398653906499208,-0.03733836883896068,0.49807264193142897,-0.24652953894612778,0.2351632770465454,0.14583394522057497,-0.0044185964327031115,-0.003970922367531258,-1.9548859448868576e-05,0.005278037466527069,0.0015174383404326429,1.030855303440673e-05
0.04151585690564426,-0.03497993085910641,0.49951044349159623,-0.24650203421875921,0.23520468839826544,0.14578489400164016,-0.004366249253679485,-0.003956393025877368,-1.9510252381472713e-05,0.005234733206037948,0.0014529031922616408,1.0242519870008642e-05
0.0390454859308005,-0.0326212088960994,0.5009478691547014,-0.24647306805911665,0.2352408343675425,0.14573167966623712,-0.004314392840275639,-0.003942486161075673,-1.9468756210502848e-05,0.005185657730165983,0.001390655371061535,1.018555250010035e-05
0.03657543935063602,-0.030262254383129454,0.5023848909857014,-0.24644269984516165,0.23527177990709625,0.14567589960085017,-0.0042629776895751845,-0.003929202354693469,-1.9424361320200084e-05,0.005141532544270621,0.0013283493829985525,1.0136402826453964e-05
0.03410572974237332,-0.0279031181973032,0.5038214807269189,-0.24641099159841742,0.23529759817462864,0.14561749648531647,-0.004211881881719154,-0.003916551021031554,-1.9377025460282917e-05,0.005109599355941227,0.0012651019503661892,1.009440484091e-05
0.03163636905819369,-0.02554385085427486,0.5052575958762741,-0.2463780119481675,0.23531834257487919,0.14555502719890764,-0.004161025080005854,-0.003904528167152774,-1.932676818681114e-05,0.005085699825681823,0.0012022538126824315,1.00589420265329e-05
0.029167368578327014,-0.02318450256134155,0.5066932089634112,-0.2463438245362992,0.23533403129719616,0.14549000156479996,-0.0041104477003455825,-0.003893117602536003,-1.9273658586346235e-05,0.005057758673544989,0.0011410247390730118,1.0029969543618547e-05
0.026698738979291373,-0.020825123221743208,0.5081282786536631,-0.24630849890494583,0.23534468584482662,0.14542105082886653,-0.004060247289403132,-0.003882293307210089,-1.921780309562421e-05,0.005020062810213932,0.0010823976813731883,1.000754873216366e-05
0.02423049032046947,-0.018465762238339956,0.5095627781539496,-0.24627209291632277,0.23535034318862783,0.14534963808915066,-0.00401046996683353,-0.0038720428333451325,-1.9159262099693963e-05,0.004977754955259129,0.0010250154176868343,9.990430520575838e-06
0.021762632106107592,-0.016106468496020265,0.510996666576855,-0.2462346680910441,0.23535107051075863,0.1452743377901981,-0.003961046207888897,-0.0038623624767796906,-1.909806468298063e-05,0.004942399561691686,0.0009680035760579265,9.977993035006678e-06
0.01929517324096789,-0.013747290399281503,0.5124299172971168,-0.2461962784512648,0.2353469255080112,0.14519655242073118,-0.0039118675166624085,-0.0038532551757936555,-1.9034218396510045e-05,0.004917893754255626,0.000910697910134057,9.969572160843163e-06
0.01682812206959638,-0.011388276075817324,0.513862489327306,-0.24615698712743334,0.23533794757729248,0.145114833631867,-0.00386288913953045,-0.003844710319893089,-1.896778623974211e-05,0.0048978632837343205,0.0008544533095205541,9.964816675011639e-06
0.014361486341857108,-0.009029473393451455,0.5152943557689821,-0.24611685057241867,0.23532414687371084,0.14503060334776607,-0.003814179435926763,-0.003836711564751483,-1.88988536476864e-05,0.004870996836282934,0.0007998431618365853,9.963499630916461e-06
0.011895273278529506,-0.006670929916389441,0.5167254754222838,-0.24607593023268165,0.23530554512039534,0.1449424495638639,-0.0037658329823573133,-0.0038292382074448564,-1.8827520079699712e-05,0.004834672699797157,0.0007473033282673874,9.965653447974054e-06
0.009429489551672256,-0.0043126927217006054,0.5181558210336845,-0.2460342769450377,0.23528218228931258,0.14485177073934571,-0.0037178709134651844,-0.003822281561610811,-1.875384761059074e-05,0.004796235075381265,0.0006956321465735146,9.970209225141835e-06
0.006964141338205048,-0.0019548084085986074,0.5195853510876006,-0.24599194668330154,0.23525412342917496,0.14475712004322774,-0.003670208181549038,-0.0038158351210584797,-1.8677894787751645e-05,0.004766302199272628,0.0006446116000353906,9.976510293741486e-06
0.004499234280483119,0.000402676831581602,0.5210140379357759,-0.2459489882549229,0.23522141761826706,0.14465986167653425,-0.0036227492569632404,-0.00380989490226254,-1.859971500498799e-05,0.004745922268294188,0.00059398942264914,9.983952816371356e-06
0.0020347735324590796,0.0027597170373300293,0.5224418397811214,-0.24590545811399667,0.23518409481061656,0.1445585743366014,-0.0035754786229968607,-0.0038044461075357836,-1.85194001419954e-05,0.004727093974682055,0.0005448470377895019,9.992455149657588e-06
-0.0004292362670462219,0.00511626649183693,0.5238687285459953,-0.24586140471885945,0.23514216210056701,0.14445464679796047,-0.0035284793727598665,-0.003799474315039214,-1.8437038015931223e-05,0.00469995633824189,0.0004971468588725623,1.000206766612988e-05
-0.002892790934128015,0.007472279798396023,0.5252946620619798,-0.24581688137507748,0.23509564472802744,0.1443466853269043,-0.003481830261104066,-0.003794963141853982,-1.8352725018769047e-05,0.00466494318183825,0.0004510849946737697,1.0012419944769072e-05
-0.005355886764493314,0.009827712034850751,0.5267196118408685,-0.24577193210802772,0.23504458623192173,0.14423605476935608,-0.003435522557244946,-0.0037909045357363167,-1.826653184261182e-05,0.004630803079162672,0.0004058283731794728,1.0022941789269592e-05
-0.007818520483446043,0.012182518711871017,0.5281435353437781,-0.24572660694365947,0.23498904860535963,0.14412132491589,-0.0033894575199352817,-0.0037872871805509313,-1.8178545834018776e-05,0.004606537070443209,0.00036170338755199717,1.0032902928187161e-05
-0.010280689277680558,0.014536655675028242,0.5295664036353717,-0.24568094841852642,0.23492907204304322,0.1440038352664427,-0.003343553495379017,-0.0037841010735498275,-1.808885105904812e-05,0.004590436412049751,0.00031857869920955367,1.0041965050798633e-05
-0.01274239074275421,0.01689007895481495,0.5309881738619892,-0.24563500519673387,0.2348646781904788,0.14388219244687997,-0.00329781809202607,-0.003781329588776341,-1.799754893426012e-05,0.004573574873004265,0.0002771166310766087,1.0050418140978914e-05
-0.015203622906388155,0.019242744807604583,0.5324088167069521,-0.24558881717838532,0.23479587222907736,0.1437577683898763,-0.0032523381037333453,-0.0037789610055557385,-1.7904723035559423e-05,0.004548033919511331,0.00023682665090012204,1.0058201884333809e-05
-0.017664384174214554,0.021594609807825856,0.5338282890286539,-0.24554242951287286,0.23472268220193837,0.14362919081656866,-0.003207168471832087,-0.003776981343360651,-1.7810462440339335e-05,0.004516998802190281,0.00019793474346050793,1.0065324029342482e-05
-0.020124673357451158,0.02394563096362279,0.5352465611192398,-0.24549587927458608,0.23464515232356986,0.14349779225185721,-0.00316227046113724,-0.0037753804139831373,-1.7714849637515986e-05,0.004489837175276821,0.00016006167619918142,1.0071013861705728e-05
-0.02258448962228701,0.026295765642593647,0.5366635895856335,-0.24544920968829279,0.23456333790429906,0.1433621755583073,-0.003117536691141768,-0.003774141296678587,-1.761798895487018e-05,0.004473413562797789,0.00012388070661030183,1.0075021758871774e-05
-0.025043832513114626,0.02864497145430019,0.538079344424872,-0.24540245568718688,0.2344772678967914,0.14322366157457497,-0.003072901603948712,-0.003773249800580984,-1.7519973788162797e-05,0.004463545707898566,8.911884516134791e-05,1.007733707048397e-05
-0.027502701895794405,0.030993206131685023,0.5394937819972175,-0.24535565704181084,0.2343869546302546,0.1430808894607819,-0.0030283915831763983,-0.003772689565712083,-1.7420902384729158e-05,0.004451039457217807,5.599300329255443e-05,1.0077931324971665e-05
-0.02996109798089686,0.03334042759320818,0.5409068719284437,-0.24530884468387087,0.23429240031673693,0.14293520356382666,-0.0029840895302965555,-0.003772451295459896,-1.732084806971918e-05,0.004430243034814433,2.3796839081898646e-05,1.0076944753532174e-05
-0.032419021275002145,0.03568659404094815,0.5423185703838896,-0.24526205541008086,0.2341936329747559,0.1427852616457816,-0.0029400233545785063,-0.0037725211442354947,-1.7219897358744416e-05,0.00440665565594415,-7.014748833633242e-06,1.0074265408304013e-05
-0.03487647260848708,0.03803166403315386,0.5437288467298926,-0.24521531878067535,0.23409069312891262,0.14263236587317546,-0.0028961285035832727,-0.0037728849566392633,-1.7118136087928728e-05,0.0043895234916428326,-3.641077994747535e-05,1.0069848267686334e-05
-0.037333453081150124,0.040375596382454644,0.5451376569519296,-0.24516867006865273,0.23398362525864738,0.1424751478546653,-0.0028522958067681296,-0.003773520699671328,-1.701567721665513e-05,0.004383308341934699,-6.360348922838658e-05,1.0063046089966843e-05
-0.039789964077931256,0.042718350028584304,0.5465449701886459,-0.2451221352746881,0.23387244440292332,0.14231490873183478,-0.0028084790594461798,-0.0037744121320287174,-1.691260972917349e-05,0.004381713630127342,-8.917205053866783e-05,1.0054324510927743e-05
-0.04224600721093082,0.04505988395528345,0.5479507423479346,-0.24507574435132315,0.23375715217174836,0.14215033235235827,-0.0027647208055778926,-0.003775544428170597,-1.68090141565257e-05,0.004375864494537645,-0.00011325804229218393,1.0043918004745141e-05
-0.04470158432598717,0.04740015727169731,0.549354933172005,-0.2450295196532131,0.23363775120045635,0.1419818159188597,-0.0027210786230895483,-0.0037769164277295757,-1.6705477016685534e-05,0.004364257347444031,-0.00013722783878003473,9.977275969202664e-06
-0.04715669752301495,0.0497391292962964,0.5507575121950129,-0.24498348503842912,0.2335142578224576,0.14181033823611885,-0.0026775634350888057,-0.0037785136684896255,-1.660189966013058e-05,0.004351557929241629,-0.00015975145276189224,9.926477981334211e-06
-0.04961134910261067,0.05207675957712368,0.5521584358495962,-0.244937669132082,0.23338671021658486,0.14163456380650238,-0.002634089973155318,-0.003780311452497732,-1.649826649047079e-05,0.004347385361190441,-0.0001798052897728536,9.885746689289485e-06
-0.0520655415598311,0.05441300778911978,0.5535576604641359,-0.24489209521880284,0.2332551348298386,0.14145445290100292,-0.0025905574268821462,-0.0037822837267442928,-1.6394600373023587e-05,0.004353293827155333,-0.00019725383246112414,9.851280973595952e-06
-0.05451927755812641,0.056747833598158756,0.5549551439327689,-0.24484678246903116,0.23311953341808245,0.14127015177797794,-0.0025469399334171533,-0.0037844105803324676,-1.6290930936630956e-05,0.004361788568843995,-0.00021271128702254885,9.820500610310114e-06
-0.05697255990785364,0.059081196625321644,0.5563508454480056,-0.24480174686331718,0.23297989225399726,0.1410818017125626,-0.0025032965512004554,-0.0037866801364996767,-1.6187276758381436e-05,0.0043643774610289615,-0.00022698106690381172,9.792221352525792e-06
-0.05942539155616547,0.06141305653345344,0.5577447252488558,-0.24475700325763633,0.23283620600385202,0.14088951977836958,-0.0024596890820725577,-0.003789081980503591,-1.6083665547912282e-05,0.004360786160081115,-0.0002402093717810936,9.76499956523317e-06
-0.061877775579492277,0.06374337312359796,0.5591367442730517,-0.244712566864132,0.23268849069117908,0.14069336742567146,-0.0024160971435574366,-0.0037915987147588257,-1.5980136912285687e-05,0.004359233092987213,-0.0002516979166618008,9.73920612895866e-06
-0.06432971516656653,0.06607210631880772,0.5605268638352655,-0.24466845240984578,0.2325367717475444,0.14049335387994363,-0.002372422374951259,-0.0037942051089940305,-1.5876752280710384e-05,0.004367516073994686,-0.0002606634292926346,9.714321275351241e-06
-0.06678121357259773,0.06839921603299123,0.5619150332935308,-0.24462467544000133,0.23238106345286963,0.14028825513634233,-0.002328572371513131,-0.0037968706825053824,-1.5773579632670464e-05,0.004385039503991,-0.0002665808653634628,9.690620213477166e-06
-0.06923227410994433,0.07072466205056198,0.563301206448362,-0.2445812428817016,0.23222135153412957,0.1400785103346961,-0.0022845438316807403,-0.003799575265492055,-1.5670660248909715e-05,0.004402893074933014,-0.0002704813180473443,9.668009535988018e-06
-0.07168290012604056,0.07304840402402672,0.5646853401328101,-0.24453815877068225,0.23205761201468839,0.1398644360637128,-0.0022404038605656393,-0.003802307275745476,-1.5568018425956294e-05,0.004414036125687058,-0.0002732235484364904,9.645972236551148e-06
-0.07413309499389054,0.07537040157425634,0.5660673932122475,-0.24449542672823385,0.23188983447673284,0.1396462432586835,-0.0021961966054896854,-0.003805053938783531,-1.5465684620357836e-05,0.004420764432732625,-0.0002746883286039756,9.623989529757278e-06
-0.0765828621192462,0.07769061436234397,0.5674473380843937,-0.24445304709441593,0.23171802474433534,0.1394252731080449,-0.002151884029399482,-0.003807799664385416,-1.5363693802844733e-05,0.004431296431709182,-0.00027459408441689174,9.602052418874121e-06
-0.07903220490002646,0.08000900204674147,0.5688251441290672,-0.24441102352510524,0.23154219692874364,0.13920119510072673,-0.002107364292367184,-0.003810520991674547,-1.5262096369319345e-05,0.004452012403962888,-0.0002721537481409589,9.580106612625878e-06
-0.0814811267006611,0.08232552414667667,0.5702007786503691,-0.24436935638974505,0.23136234654212606,0.1389737812440772,-0.0020625686392929093,-0.003813196933712105,-1.5160935630013264e-05,0.004479603869130315,-0.00026761471370224975,9.558053913859985e-06
-0.08392963082979207,0.08464013994619464,0.5715742077744903,-0.24432804218578835,0.2311784461045579,0.13874291746132586,-0.00201752281009579,-0.003815815742451024,-1.5060232657360135e-05,0.004504621333593257,-0.00026190087271578687,9.535954462459534e-06
-0.086377720530689,0.08695280853010785,0.5729453969630803,-0.2442870755260605,0.23099046414254393,0.13850855476023002,-0.0019723065771648715,-0.0038183708696474033,-1.4959999170800672e-05,0.004521661553825718,-0.00025553220684063673,9.513529951920375e-06
-0.08882539899677491,0.08926348889855035,0.5743143230338111,-0.2442464479363446,0.23079838398639604,0.13827183688472156,-0.0019269591701974913,-0.0038208560565260964,-1.486024448356574e-05,0.004534778799857022,-0.00024853766396289005,9.490857102522188e-06
-0.09127266934454377,0.09157214003249925,0.5756809586976678,-0.24420615567372803,0.23060221199194195,0.13803233630658285,-0.0018814232932024798,-0.0038232538471761456,-1.4760999551564764e-05,0.0045536256321539875,-0.0002397975283379397,9.467817803737233e-06
-0.09371953456205576,0.09387872083090623,0.5770452505507555,-0.24416620036576833,0.23040195978580275,0.13778740817766502,-0.0018355861182701755,-0.0038255314415132535,-1.4662326868175587e-05,0.004583755230249434,-0.0002277773786458204,9.443887405775562e-06
-0.096165997521575,0.09618318995168576,0.578407150991847,-0.24412657148508285,0.23019760829093588,0.13753761578486592,-0.0017893965789083516,-0.003827664693096342,-1.4564267665454669e-05,0.004618991460227639,-0.00021334258097180595,9.419182582487218e-06
-0.09861206096956301,0.0984855057385007,0.5797666280777579,-0.24408725153651697,0.22998911565503102,0.13728453491467166,-0.001742904004956063,-0.0038296451840156465,-1.4466829657970695e-05,0.004649294701625291,-0.00019806599198036806,9.393929859373427e-06
-0.10105772749507934,0.10078562629373909,0.5811236486313247,-0.2440482260491915,0.229776446089452,0.13702806004385862,-0.001696190083284855,-0.003831466415548095,-1.4370012418786687e-05,0.004671429254264194,-0.00018213953208858342,9.368469401266304e-06
-0.1035029995278434,0.1030835096001375,0.5824781786108073,-0.24400948117181065,0.22955958537926618,0.1367681050258494,-0.0016492676421769777,-0.003833114850930999,-1.427383071050813e-05,0.004692280971184451,-0.00016485939618415807,9.342348330546952e-06
-0.10594787932667663,0.10537911355031618,0.5838301833202518,-0.2439710029640018,0.22933853527686265,0.13650458073482427,-0.0016020538746940988,-0.0038345684237142343,-1.4178310105613753e-05,0.004721413370162461,-0.00014537261457970912,9.31567615128797e-06
-0.1083923689557316,0.10767239584025631,0.5851796275349401,-0.24393277516433393,0.22911328938312922,0.13623740599897738,-0.0015544467002626683,-0.003835804108309295,-1.40834751881753e-05,0.0047607538149102725,-0.000123583272851745,9.288388315092551e-06
-0.11083647025961635,0.10996331382883612,0.5865264759230392,-0.24389477786648905,0.22888381634984037,0.13596656165519588,-0.0015064228269105662,-0.0038368059865217306,-1.3989334642941907e-05,0.004802423451229544,-0.00010020211142571163,9.260643362139406e-06
-0.11328018484781448,0.1122518245031451,0.5878706931541936,-0.24385698855842525,0.22865006858577222,0.13569206263538466,-0.0014580527245824486,-0.0038375653898227633,-1.3895882496704756e-05,0.004837046092990633,-7.595409842703806e-05,9.232573976517808e-06
-0.1157235140895099,0.11453788457847626,0.5892122439698767,-0.24381938422504976,0.2284120076300236,0.13541393233567162,-0.0014094137178766702,-0.003838073237699833,-1.3803112405330495e-05,0.004863936274934203,-5.079803617936124e-05,9.204119473242076e-06
-0.1181664591079213,0.1168214506152046,0.5905510931738683,-0.24378194220910135,0.2281696187742438,0.13513217123346086,-0.001360494459930501,-0.003838313523445371,-1.371102578965575e-05,0.004891961140129605,-2.4041304991882365e-05,9.175306447120634e-06
-0.12060902074710751,0.11910247902370251,0.5918871940532763,-0.24374464228338055,0.2279229017753972,0.1348455984448958,-0.0013111910969668024,-0.003838260394727608,-1.3619638973188396e-05,0.00493037137416503,5.300659289202254e-06,9.145703337493152e-06
-0.12305119958597455,0.12138092590750192,0.5932205152461292,-0.24370745418982764,0.2276718350968613,0.13455572504393806,-0.001261413640035065,-0.0038378960426212133,-1.3528951706944489e-05,0.004977780500598247,3.642351547300402e-05,9.115519014732008e-06
-0.12549299587572862,0.12365674695801562,0.5945510127165081,-0.24367035187307234,0.22741637751824195,0.1342612817887634,-0.0012111670125390319,-0.0038372046667651373,-1.343895151495877e-05,0.005024697288602598,6.912640624208377e-05,9.085420159483284e-06
-0.12793440955040622,0.1259298974484881,0.5958786455236492,-0.2436333035877766,0.22715647424028562,0.1339625960183764,-0.0011605373713967115,-0.0038361754309506565,-1.3349622311333877e-05,0.005062998388076148,0.00010291291607046664,9.054900463496707e-06
-0.13037544021775643,0.12820033235831219,0.5972033748361345,-0.24359627726764527,0.22689208624260665,0.13365989077626395,-0.0011095878075616738,-0.0038347957588777386,-1.3260948398424137e-05,0.005094990395274121,0.0001379570534924612,9.02392173987112e-06
-0.13281608714750703,0.13046800647162787,0.5985251632148538,-0.24355924051435687,0.22662319822562413,0.1333532930461979,-0.0010582788762067159,-0.003833048656264765,-1.3172914352447227e-05,0.005130926888107111,0.00017470061648859272,8.99270896902124e-06
-0.13525634925354446,0.13273287433283762,0.5998439743252001,-0.2435221593516323,0.22634979976374825,0.13304288499723257,-0.001006501066729142,-0.0038309162151133882,-1.3085504030271048e-05,0.005177814444314114,0.00021323497748209223,8.961114432301833e-06
-0.13769622507454427,0.13499489009835744,0.6011597726422039,-0.2434849974629874,0.22607186036269727,0.13272872909244215,-0.0009541836638187794,-0.003828384189717913,-1.2998693462150252e-05,0.005231773537559327,0.0002531939076175228,8.929214121301878e-06
-0.1401357127598199,0.13725400743506702,0.6024725232562538,-0.24344771660477038,0.22578932492715753,0.1324108940083006,-0.000901364563936002,-0.0038254425600296074,-1.2912447080764257e-05,0.005281942995167491,0.0002941548406752164,8.897488023454339e-06
-0.14257481006131748,0.13951017956963155,0.6037821917953001,-0.24341027767028695,0.22550213504533742,0.1320894549376601,-0.0008481445366050382,-0.0038220818511856217,-1.2826728216893959e-05,0.005322035511126388,0.00033606325769697845,8.86579994310106e-06
-0.1450135143260517,0.14176335943283097,0.6050887443689527,-0.2433726411009872,0.2252102537857944,0.1317644690273178,-0.0007945718898861392,-0.003818290296420111,-1.274150526760486e-05,0.005357297229843723,0.0003791483489872094,8.833652300821444e-06
-0.14745182248462435,0.1440134997368135,0.606392147439758,-0.24333476635979215,0.224913666660297,0.13143595519332135,-0.0007405835186970781,-0.003814055040061542,-1.2656747898161756e-05,0.0053988694650145466,0.00042351900550767875,8.800761537323443e-06
-0.149889731038031,0.14626055289539733,0.6076923677727918,-0.2432966113388597,0.22461235759326742,0.13110391677794012,-0.0006860670350927755,-0.0038093650878227013,-1.2572416232083767e-05,0.005451680506488684,0.0004689890891923786,8.767649321899301e-06
-0.15232723604729745,0.1485044708682818,0.6089893724411577,-0.24325813255317777,0.22430628602656094,0.1307683734152587,-0.0006309769674627423,-0.0038042118569110435,-1.2488466283997943e-05,0.005509038722288908,0.0005153174513788232,8.734283731915172e-06
-0.15476433312669952,0.1507452050918886,0.6102831287625607,-0.24321928585055913,0.22399538952875978,0.1304293640428988,-0.0005753820537178656,-0.0037985867044323103,-1.2404848205022512e-05,0.0055595231624135785,0.0005625101021289154,8.701043614516751e-06
-0.15720101745342072,0.15298270655545881,0.6115736147700509,-0.24318002398338873,0.22367960735430478,0.13008798415002426,-0.0005193930603649607,-0.0037924815274532776,-1.232151189997353e-05,0.005598930967256083,0.000610513044986265,8.667759006925843e-06
-0.15963728372091596,0.15521692599555179,0.612860794752417,-0.24314030473324566,0.22335891085356063,0.1297428632057242,-0.00046303496911312067,-0.003785884955830285,-1.2238410737844148e-05,0.005635840615153471,0.0006596530009626787,8.634088385976608e-06
-0.1620731261511951,0.15744781391861115,0.6141446343293909,-0.24310008090928373,0.2230332872697724,0.12939411396809924,-0.0004062204616583307,-0.0037787890397038113,-1.2155492102952993e-05,0.005681482109554563,0.0007095879420674875,8.600211569292676e-06
-0.16450853848693414,0.15967532048623456,0.6154251000265476,-0.2430593042252297,0.22270271514617432,0.12904180272598878,-0.0003488400677169691,-0.0037711893051705155,-1.2072698664478716e-05,0.005738070650069703,0.0007599702738061862,8.566197240664698e-06
-0.16694351398936702,0.1618993953607021,0.6167021590654097,-0.24301792637438746,0.2223671453641028,0.12868599557670934,-0.0002908781593138996,-0.0037630803037987234,-1.198997247453704e-05,0.005796222005926939,0.0008108974499889249,8.531933669684232e-06
-0.16937804543509857,0.1641199876760229,0.6179757791198505,-0.24297589937809244,0.2220265115559549,0.12832675804216948,-0.00023243087448906422,-0.003754452128620232,-1.1907249983670448e-05,0.005844759577524589,0.0008628153242313552,8.497950468990632e-06
-0.17181212510641145,0.16633704616946646,0.6192459281325818,-0.242933174626067,0.2216807596179366,0.12796413842646306,-0.00017360238855018863,-0.0037452926099068827,-1.1824475054180339e-05,0.005882879635053612,0.0009159501724047966,8.463388047360309e-06
-0.17424574477757426,0.16855051933283327,0.6205125743098989,-0.2428897015736365,0.22132986426121987,0.12759816193369847,-0.00011439077321516764,-0.0037355938124474706,-1.1741587824320132e-05,0.005921192538657448,0.0009698785427792756,8.428324287339987e-06
-0.17667889570609344,0.17076035541877,0.6217756860458651,-0.24284542786071328,0.220973814204125,0.1272288247811818,-5.4688941077330445e-05,-0.0037253552505726976,-1.1658525781800125e-05,0.005970214201568594,0.0010238554820832335,8.392703085561422e-06
-0.17911156863486621,0.17296650229508367,0.6230352319450797,-0.24280030102928604,0.22061258224606026,0.12685612826987672,5.600821820215678e-06,-0.003714578748278139,-1.157522051249837e-05,0.006029007280794626,0.0010776500251677272,8.356919203579363e-06
-0.18154375379849957,0.17516890730305695,0.6242911808256105,-0.24275427003736624,0.22024611215578094,0.12648009826606701,6.645992223592621e-05,-0.003703259868216044,-1.1491604097673208e-05,0.006085941056032624,0.0011318883072811738,8.32080162347927e-06
-0.1839754409211909,0.1773675172748367,0.6255435016871764,-0.24270728464826058,0.21987433686695532,0.126100777459289,0.0001277698796356057,-0.0036913860701631184,-1.1407604796798213e-05,0.006131026799072155,0.0011873806160180452,8.284560365660994e-06
-0.1864066192024221,0.1795622786970545,0.6267921636858783,-0.24265929316116083,0.21949720913267304,0.12571820015961263,0.00018943833211674927,-0.0036789449325486867,-1.1323149778399711e-05,0.0061668763730703385,0.0012441150858835113,8.248122841033896e-06
-0.18883727730146227,0.18175313784649114,0.6280371361469863,-0.24261024104277465,0.21911471110494124,0.1253323768175493,0.0002514981418087931,-0.0036659340045249304,-1.1238166656014148e-05,0.006206012180663393,0.0013010946449949425,8.211405094711244e-06
-0.19126740333490946,0.18394004075211262,0.6292783885200288,-0.24256007223211773,0.21872683215351016,0.12494329658373034,0.00031407076537860734,-0.0036523611174972,-1.1152585497347863e-05,0.006257293674361953,0.001357291069274899,8.1742380957849e-06
-0.19369698488960269,0.1861229330263222,0.6305158903710107,-0.2425087321366816,0.21833353907991818,0.12455095735974081,0.00037723350858410776,-0.003638232713817775,-1.1066334397299536e-05,0.006316305763667261,0.0014128432655385044,8.136700905199875e-06
-0.19612600903482108,0.18830175974886176,0.6317496113998111,-0.2424561689083532,0.2179347705612341,0.12415538472741536,0.00044093168724875913,-0.003623542901714725,-1.0979333451167006e-05,0.006369849457616985,0.0014689846471944291,8.099101908458218e-06
-0.1985544623173199,0.190476465534019,0.6329795214694167,-0.24240233136114672,0.21753046231609457,0.12375662196891633,0.0005050317536952696,-0.003608276193172544,-1.0891497311267202e-05,0.0064100384075303565,0.001526674838726201,8.061468209627229e-06
-0.20098233074151325,0.19264699471685173,0.6342055905676568,-0.24234716569630196,0.21712057651409544,0.12335469612861447,0.0005694619598492235,-0.0035924220622933186,-1.0802745257960083e-05,0.006443052571393042,0.0015854176281214147,8.023388374680053e-06
-0.20340959975488176,0.19481329146070084,0.6354277887939647,-0.2422906146533688,0.21670510294736048,0.12294960718957301,0.000634286879100853,-0.0035759860964648324,-1.0713006620132316e-05,0.0064825240915233695,0.001643601687154273,7.984565841037196e-06
-0.20583625425560415,0.19697529967302138,0.6366460863864017,-0.2422326204307151,0.2162840306051015,0.12254134690804384,0.0006996340848427718,-0.003558984436600539,-1.0622216964729597e-05,0.0065347529655244395,0.0017001716645023367,7.944962310114963e-06
-0.20826227861641092,0.19913296282490947,0.6378604536754133,-0.24217312858795823,0.21585732057667154,0.12212991784173487,0.0007655522462555957,-0.0035414254964222336,-1.0530305443257563e-05,0.006591848774074815,0.0017559002809737574,7.904735921218203e-06
-0.21068765669892792,0.20128622387228612,0.639070861145103,-0.24211208828653089,0.21542490908589743,0.12171535437531468,0.0008319511674473371,-0.0035232997339135516,-1.0437184763038533e-05,0.006639925015146201,0.0018125831116841894,7.864208739796945e-06
-0.21311237184235993,0.20343502537337946,0.6402772793323619,-0.24204944857057337,0.21498673827250886,0.12129768925257549,0.0008986914636738986,-0.0035045893407276525,-1.0342762043084297e-05,0.006674062804685371,0.0018710467897346472,7.823160166882645e-06
-0.21553640683894978,0.20557930968452398,0.6414796788758477,-0.24198515451997435,0.21454278169651084,0.12087694218810613,0.0009657297948138793,-0.003485288543190771,-1.0246956265877803e-05,0.006703866599974748,0.0019300878472573268,7.781274450120649e-06
-0.21795974392437853,0.2077190190277886,0.6426780305445154,-0.24191914766138503,0.21409303627512388,0.1204531114747965,0.0010331599823160812,-0.0034654128553327068,-1.0149707405741829e-05,0.006743052550096536,0.001987577513747391,7.738357299627103e-06
-0.22038236479816894,0.2098540953638394,0.6438723052066226,-0.24185137067804494,0.21363748965574184,0.12002618793058131,0.0011011059046661894,-0.0034449853717601303,-1.005096094667752e-05,0.006794626356424951,0.002042757732889635,7.69469769162341e-06
-0.22280425065670612,0.21198448021290667,0.6450624738681547,-0.24178177141831625,0.21317609813915436,0.11959618635263611,0.0011695808010219392,-0.003424013740053952,-9.950643990498953e-06,0.006847524092035464,0.002097173209647054,7.650630237503481e-06
-0.2252253822056689,0.21411011462377344,0.6462485076143714,-0.2417103016330609,0.21270879877599747,0.11916313918242795,0.0012384626912775238,-0.003402483499152654,-9.848659298191394e-06,0.0068882238381254846,0.002153034810008846,7.6061152380456e-06
-0.2276457396407259,0.21623093933625082,0.6474303776726236,-0.24163691155136116,0.21223554356922403,0.11872708668467576,0.00130761689179023,-0.003380376287919865,-9.744903552840089e-06,0.006915455241992827,0.0022107325417496395,7.561171266163885e-06
-0.23006530262025524,0.21834689497203782,0.6486080553774991,-0.2415615462368474,0.2117563186538602,0.11828804377752282,0.0013770339973119992,-0.003357694117904987,-9.639301969933205e-06,0.006941746132442244,0.0022682291345554103,7.515404370514012e-06
-0.23248405026496505,0.22045792205455594,0.6497815121268845,-0.24148414787112255,0.21127112715253776,0.1178459999515322,0.0014468318392245373,-0.003334463203130639,-9.531810015147476e-06,0.006979820161672591,0.002323104340403835,7.46907635465479e-06
-0.23490196118009268,0.22256396087300442,0.6509507102350106,-0.2414046635008804,0.21077995549200568,0.11740003384294286,0.0015171154504116386,-0.0033107133280098717,-9.422390393499827e-06,0.007028397477171619,0.0023750011212312454,7.422222145728706e-06
-0.23731901352509574,0.22466495125945757,0.6521156243136877,-0.24132304319372339,0.21028275553529813,0.11695138340241093,0.0015878597527119883,-0.00328644757125407,-9.310970694780529e-06,0.007074466985602878,0.002426590050598961,7.374668696886446e-06
-0.23973518500140906,0.2267608326504284,0.6532762281357392,-0.24123924288577134,0.20977946946218276,0.11649999262381319,0.001658919115736025,-0.0032616459055777184,-9.197443017722483e-06,0.007105973474819437,0.002480181731077795,7.326417471857786e-06
-0.24215045282435677,0.22885154428407503,0.6544324948937492,-0.2411532151425929,0.20927006264298176,0.11604582621060892,0.001730175420597508,-0.0032362919769287407,-9.081703722230211e-06,0.007125668092434888,0.00253540883892315,7.277510854651573e-06
-0.24456479369725748,0.23093702536871968,0.6555843974018014,-0.24106490651805615,0.20875453442815076,0.11558884518583051,0.0018016567343003974,-0.0032103980949423944,-8.963695677760809e-06,0.007148169411329757,0.0025894050020943064,7.228084873252861e-06
-0.24697818382444794,0.2330172150485409,0.6567319082995577,-0.2409742620553061,0.20823289290692243,0.11512901477803773,0.001873497068495752,-0.0031840005265710842,-8.843411830681545e-06,0.007184071879703771,0.00263977448512702,7.177549468542139e-06
-0.24939059895960786,0.23509205221404372,0.6578750001947351,-0.24088123250409113,0.20770512148156792,0.11466632296731497,0.001945782412402171,-0.0031571280031295838,-8.720834935982234e-06,0.007228573257517345,0.0026872708538746284,7.125924765249776e-06
-0.25180201444561795,0.23716147536960358,0.659013645659905,-0.24078577623827452,0.2071711726530556,0.1142007818089364,0.00201844560745211,-0.0031297777874171088,-8.59588664704732e-06,0.007266358785031052,0.002735040966618077,7.073621597842993e-06
-0.25421240521066624,0.2392254227134223,0.660147817300778,-0.2406878536069314,0.20663099635357504,0.11373242442015405,0.0020913254569191447,-0.003101926056998948,-8.468447803325555e-06,0.007288024657921655,0.0027851933506529633,7.0205878493139295e-06
-0.2566217457214302,0.24128383239388426,0.6612774788848824,-0.24058742096372931,0.20608457448926185,0.11326038615462465,0.002164331061699972,-0.0030735665602051546,-8.338439435152366e-06,0.007300600624547508,0.0028359709247583013,6.966336099134889e-06
-0.2590300099822734,0.24333664259372983,0.6624025971939991,-0.24048442710991358,0.20553191710368446,0.11278496411686392,0.002237523639352753,-0.00304472620870507,-8.205850115124109e-06,0.007319298329495627,0.0028840573486776824,6.911291137031233e-06
-0.2614371715748431,0.24538379141880476,0.6635231498092836,-0.24037882082497672,0.2049730337956573,0.11230722149128661,0.002311043757378527,-0.0030154471308598413,-8.070707218303406e-06,0.007352052755295408,0.0029279309497688677,6.855305492964346e-06
-0.2638432037004548,0.24742521674312395,0.6646391127451058,-0.24027056095944768,0.20440790598546757,0.11182699893420323,0.002384944510071254,-0.0029857540917546453,-7.933003536420483e-06,0.00739011659194986,0.002969328060336486,6.798366487119128e-06
-0.26624807921538823,0.2494608561180178,0.6657504610579812,-0.24015961377929632,0.20383648834401535,0.11134422177964999,0.0024591203713714826,-0.0029556355410421337,-7.792646057884807e-06,0.007417627829286019,0.0030118802342738427,6.740841200880588e-06
-0.26865177061411805,0.2514906469056614,0.6668571691305326,-0.24004594538589802,0.20325874256579823,0.11085885202442304,0.002533406549188823,-0.002925065193317574,-7.649509545335591e-06,0.007428659872238784,0.003057060980563383,6.682388514934632e-06
-0.27105424998904765,0.2535145265059428,0.6679592110126108,-0.23992951502533078,0.20267466512958449,0.11037086964791254,0.002607744360009889,-0.002894040904735484,-7.50352521549457e-06,0.007433823560385169,0.0031024561365749588,6.623304276786207e-06
-0.27345548902110894,0.2555324324422821,0.6690565606272667,-0.23981027665499666,0.20208427837601947,0.10988025292031131,0.0026822309397374175,-0.002862599436553321,-7.35473002217041e-06,0.007448700804158302,0.003144175178436199,6.563185846865944e-06
-0.27585545902514996,0.25754430222738656,0.6701491917886256,-0.2396881875316127,0.20148759515736483,0.10938697741672626,0.002757001137335191,-0.0028307894038062074,-7.203196888182044e-06,0.0074770629000552955,0.003181032724340759,6.502099106683746e-06
-0.27825413101490315,0.2595500731658761,0.6712370782388589,-0.23956321464837504,0.2008845951217661,0.10889104020657374,0.0028320685327740446,-0.0027986303823310374,-7.048927970517839e-06,0.0075067829695779405,0.0032159327036539146,6.439831544223409e-06
-0.28065147572899296,0.2615496823190338,0.6723201936770992,-0.2394353317948973,0.2002752379259324,0.10839246248327958,0.0029072950146179295,-0.0027661034600232936,-6.89181656614221e-06,0.007522691902037171,0.0032527239260284643,6.3768361392433445e-06
-0.2830474636018454,0.263543066686291,0.6733985117931588,-0.2393045104281383,0.19965949973631192,0.10789127060532544,0.0029825246920093663,-0.0027331839050168502,-6.7317397939167735e-06,0.007523011758044948,0.0032919883694685764,6.31304912414211e-06
-0.2854420647231061,0.26553016342311175,0.6744720062125705,-0.2391707142025697,0.19903739347736804,0.10738746605129437,0.003057738335799577,-0.0026998814813332848,-6.5686766130181156e-06,0.0075214086791586966,0.003330276430105395,6.248428926979389e-06
-0.2878352488433711,0.2675109098717427,0.6755406505789485,-0.2390339031910114,0.19840895041014026,0.10688103953861686,0.003133058911842962,-0.0026662447344067697,-6.402727529903866e-06,0.007532102133032241,0.0033637099484442757,6.182871695944409e-06
-0.2902269854356584,0.26948524338799285,0.6766044186310906,-0.2388940435885651,0.19777418376524122,0.10637199097611728,0.0032086048234135182,-0.0026323231166820392,-6.234004606622483e-06,0.007554635860089147,0.003392198221463879,6.116191680413473e-06
-0.29261724376125103,0.2714531011644491,0.6776632841041829,-0.23875111240464536,0.19713307326110252,0.10586033047128983,0.003284347470344124,-0.002598127273573703,-6.062502155783512e-06,0.007574309548383818,0.0034196219706702146,6.048516666648724e-06
-0.2950059928823706,0.27341442025348,0.6787172207888578,-0.23860509173634598,0.1964855870078339,0.10534609140912102,0.003360125507576802,-0.002563631608189336,-5.88809549300446e-06,0.0075778487391010224,0.0034496054461175905,5.980257206517044e-06
-0.2973932016221511,0.27536913778374333,0.6797662025134135,-0.23845595901297612,0.1958317178526916,0.10482930116438492,0.003435803944638312,-0.0025288163962733905,-5.710683086112808e-06,0.007567888882888277,0.0034815613791487517,5.9110173263106165e-06
-0.299778838529475,0.2773171911498694,0.680810203194903,-0.2383036836222914,0.19517149428696534,0.10430997137358317,0.0035114047950164286,-0.002493704746200547,-5.530309733975514e-06,0.007560130337813797,0.003511206481686889,5.84079594003513e-06
-0.3021628719024232,0.2792585179855689,0.6818491967664154,-0.2381482337973853,0.19450495422910752,0.10378809179928328,0.0035870674643702118,-0.0024583540864781548,-5.3471499461953586e-06,0.0075663122898437535,0.0035351087168090916,5.7690497478167425e-06
-0.304545269862235,0.2811930559647693,0.6828831572218186,-0.2379895865058049,0.19383211053573488,0.1032636634653089,0.0036628838600324316,-0.002422809877395111,-5.161338018929546e-06,0.007581684918732277,0.003554464913939489,5.696354243878375e-06
-0.30692600041349277,0.28312074265864123,0.683912058687517,-0.2378277294976352,0.19315294496316265,0.10273671529425782,0.0037387839456153797,-0.0023870719449072906,-4.972850471610214e-06,0.00759005389203622,0.003573838533870776,5.6225861262509005e-06
-0.3093050314408341,0.2850415156178089,0.6849358753485209,-0.23766265326474412,0.19246743709618502,0.10220728130373409,0.0038145948109427315,-0.0023511102319791373,-4.781550699931744e-06,0.007581131856982147,0.003596217896640456,5.548197423124548e-06
-0.3116823306557094,0.28695531265343854,0.6859545732391436,-0.23749434226613098,0.1917755989946366,0.10167456639559663,0.0038902143078015598,-0.0023149197217656645,-4.587404925507513e-06,0.007561994983945276,0.0036190989615746167,5.47236637658372e-06
-0.3140578655852773,0.28886207192102215,0.6869681211827048,-0.2373227726863585,0.19107747161966687,0.10113884913325555,0.0039657005547155556,-0.0022785402608800982,-4.390549885740286e-06,0.007548669907230838,0.0036379953503419223,5.395639572827955e-06
-0.3164316036206526,0.29076173180221493,0.6879764980873725,-0.2371479220786481,0.19037309576756306,0.10060112588003817,0.004041198532685364,-0.0022420309911364324,-4.19120529053921e-06,0.007549842858100691,0.0036509775257847032,5.3179859683095665e-06
-0.31880351208872143,0.29265423075787567,0.6889796814150558,-0.2369697803726068,0.18966248407405892,0.10006125121729571,0.004116766147241811,-0.002205427261864649,-3.989503949353061e-06,0.007556806312118734,0.0036604247526116278,5.239361333143303e-06
-0.3211735582995705,0.2945395072289031,0.6899776476983633,-0.2367883469695377,0.18894562292374079,0.0995191513291507,0.004192296682118994,-0.0021687163165091754,-3.785385670080558e-06,0.0075530981334071936,0.0036711476579706385,5.159969260253065e-06
-0.3235417095256095,0.29641749976909987,0.6909703729037001,-0.23660362098108773,0.188222505908759,0.09897479601102542,0.004267618388434778,-0.0021318660259713657,-3.5787068988438985e-06,0.007532215077059158,0.003685083513375545,5.080174517328548e-06
-0.32590793295033677,0.2982881472796883,0.6919578327382663,-0.2364155932265079,0.18749316097717691,0.09842817259781785,0.0043426653198744515,-0.0020948750059854577,-3.3694559014704304e-06,0.007504737369945441,0.0036991578066791855,4.999749455154222e-06
-0.32827219565424676,0.30015138915003414,0.6929399948034578,-0.23622424943798093,0.18675764226791608,0.09787846678458953,0.004417529331408687,-0.0020577958598760452,-3.157862003414999e-06,0.007486445090879359,0.003707971725072105,4.918166286799574e-06
-0.3306344646814333,0.3020071650666079,0.6939168292217854,-0.23602957866359542,0.1860159932252382,0.0973259223537445,0.004492344135856298,-0.0020206934065572116,-2.9442158739216536e-06,0.007481524015893091,0.00371030369483188,4.8355029802916825e-06
-0.33299470712493107,0.30385541477491895,0.6948883157657496,-0.2358315812999544,0.18526822562240777,0.09677150743334564,0.0045671307662215905,-0.0019835906146372984,-2.728629430922128e-06,0.007478706203453544,0.003710338784823487,4.751846785010164e-06
-0.33535289015367636,0.30569607809863486,0.695854432687883,-0.2356302672701342,0.18451433324166042,0.09621509096949803,0.004641754760104477,-0.001946464075637583,-2.5110054203998054e-06,0.00746244215543738,0.0037127147504451246,4.667486372940323e-06
-0.33770898097626395,0.30752909511314697,0.6968151572950863,-0.2354256433307087,0.18375432556606594,0.09565660146933525,0.004716058848364859,-0.0019092836699629062,-2.2912094805676724e-06,0.007430451203315003,0.00371810271245643,4.5830107172352446e-06
-0.3400629467916609,0.3093544063628119,0.697770466256819,-0.23521770728262778,0.18298824701935906,0.09509598277142357,0.00479001978837929,-0.0018720601818906747,-2.069306896599827e-06,0.007396135959288216,0.003722412234359172,4.49756446590909e-06
-0.34241475479479555,0.31117195289533445,0.6987203359132695,-0.23500645314857457,0.18221615928348536,0.09453319380981759,0.004863758527032006,-0.0018348498123553292,-1.8455801580235142e-06,0.007373915335331804,0.0037211015984317834,4.4114116248811485e-06
-0.34476437224716744,0.31298167609090555,0.6996647424329479,-0.2347918820160042,0.18143810680050576,0.09396820981016336,0.004937396496334399,-0.001797709705163574,-1.620328792224745e-06,0.007363837845494039,0.0037140765105538693,4.324104395877925e-06
-0.34711176655211146,0.3147835174812237,0.700603661872393,-0.2345740067920887,0.18065410233307708,0.09340102768646306,0.005010912339974328,-0.0017606522703078106,-1.3936356057990307e-06,0.0073516247001034745,0.0037058104045007735,4.236138004539798e-06
-0.34945690526854745,0.3165774187634321,0.7015370702012972,-0.23435284562743255,0.17986414774515835,0.09283166099596223,0.00508415164635024,-0.0017236485005336238,-1.165378254948784e-06,0.007323970406708286,0.0037004450550624035,4.147717809705919e-06
-0.35179975606503694,0.3183633220063863,0.7024649433682032,-0.23412841143756374,0.179068267832619,0.09226012697718639,0.005156980824432092,-0.0016866755075265962,-9.354646789235729e-07,0.007282957015374611,0.003697368559804194,4.058839537727754e-06
-0.3541402866792288,0.32014116983815194,0.7033872573031108,-0.23390070872350346,0.17826652035064453,0.09168642655701714,0.00522941788421366,-0.0016497573820152193,-7.040465249663149e-07,0.007243744586863383,0.0036918829506089545,3.969238760943596e-06
-0.35647846494175295,0.32191090542433565,0.7043039878647692,-0.23366974100820156,0.17745897152718654,0.09111054336306315,0.005301598304897217,-0.001612955866622626,-4.7147629413488734e-07,0.007218080011972784,0.0036802229843441703,3.878891558673837e-06
-0.3588142588551551,0.3236724722749363,0.7052151109503143,-0.23343552098677983,0.17664566433138276,0.09053247668600438,0.005373616751274206,-0.0015763199477678343,-2.3804820593326476e-07,0.00720188186412498,0.0036636642944246397,3.7877238528366224e-06
-0.36114763665806754,0.3254258140993708,0.7061206025045494,-0.23319807231910245,0.17582661312633804,0.08995224274827263,0.005445413354085354,-0.0015398493138628689,-3.7947539038594845e-09,0.0071796967828544585,0.0036471367506265436,3.6962259393245327e-06
-0.36347856682078283,0.3271708748756406,0.7070204384922,-0.23295742110440723,0.17500183017641463,0.08936986515214063,0.00551682594669127,-0.0015035114851219738,2.3142537176615995e-07,0.007141295056598302,0.003633857218838314,3.6045330185559404e-06
-0.3658070179936105,0.3289075990704664,0.7079145949272991,-0.23271358652533608,0.1741713555620628,0.08878536356764184,0.005587753244544978,-0.0014672928564889724,4.676498425038506e-07,0.007092764877164969,0.0036219381967174447,3.512528733227343e-06
-0.36813295897882303,0.33063593178293155,0.708803047887262,-0.2324665805826595,0.17333525781946482,0.08819874288344592,0.005658250883666795,-0.0014312290923819125,7.046383129091009e-07,0.007049798260902644,0.003606452657831534,3.4198923615840315e-06
-0.37045635877124616,0.33235581866879144,0.7096857735396909,-0.232216417085231,0.17249360509952502,0.08761000266107637,0.005728457702334742,-0.0013953824790213394,9.419953102117733e-07,0.007020715415469756,0.0035847383765752077,3.3266545913238236e-06
-0.3727771866362728,0.33406720568851467,0.7105627557025093,-0.23196311930501595,0.1716464380277641,0.08701990483387675,0.005798439043102384,-0.0013597861091701347,1.1794848171605504e-06,0.0069981667957922725,0.003559714741972565,3.2328633172093296e-06
-0.375095412160503,0.33577003912785736,0.7114339681481586,-0.2317067218834352,0.1707937752203578,0.08642745899258479,0.005868101205639963,-0.0013244294254383551,1.4171200120023748e-06,0.006966248149768705,0.003535746839813037,3.1387020600075047e-06
-0.37741100522811827,0.337464265638797,0.7122993855975325,-0.23144725732145324,0.16993564029221167,0.08583277989932267,0.0059372856305119305,-0.0012892808663617736,1.6550376513597247e-06,0.006918473582335924,0.003514935112918169,3.044332796178713e-06
-0.37972393596961723,0.3391498324592663,0.7131589834246993,-0.23118475049173487,0.16907208713027683,0.08523594283260885,0.006005928411950136,-0.00125433797671631,1.8932046350395403e-06,0.006864308436809289,0.003494368886817872,2.9498579601682443e-06
-0.38203417474917545,0.3408266875065867,0.7140127374545207,-0.2309192210535699,0.16820319172317308,0.08463698812869004,0.006074115746131425,-0.00121964532882926,2.1313014721925802e-06,0.006818762873143628,0.0034693453186647586,2.854922680511464e-06
-0.3843416922185996,0.3424947792591022,0.7148606238282048,-0.2306506930377914,0.16732902174646716,0.08403593858837324,0.0061419789501590185,-0.001185261234763542,2.3689203856432394e-06,0.0067863489779209085,0.00343849040633374,2.759594047200371e-06
-0.3866464593934498,0.34415405656650544,0.7157026188836895,-0.2303792011177195,0.1664496167094621,0.08343281522005569,0.0062095435762012175,-0.0011512096185847798,2.6058577282711986e-06,0.006756490286645042,0.003405243009692779,2.6639347219270315e-06
-0.38894844768291853,0.3458044686007572,0.7165386991316561,-0.23010478676238366,0.16556499934263338,0.08282764990419611,0.006276692665684661,-0.00111746924363625,2.8421879602461516e-06,0.00671493575873178,0.0033741192858639415,2.5681696427453513e-06
-0.3912476288557007,0.3474459650093325,0.717368841255441,-0.22982748862138982,0.16467520590102458,0.08222047639533288,0.006343283820698772,-0.0010840111132415246,3.078037772454954e-06,0.006659141464803245,0.003345895253371705,2.4725965641325167e-06
-0.3935439749885679,0.34907849605336805,0.7181930294328975,-0.22954733681713255,0.1637803006760488,0.08161204877932034,0.006409287028896806,-0.001050837482427338,3.313343091725882e-06,0.006600345939256236,0.0033174456830019103,2.3777296531880185e-06
-0.39583745846874724,0.35070201273090823,0.7190112454989505,-0.22926435927881597,0.16288036532152494,0.08100212482236552,0.006474809709663975,-0.0010179943199712276,3.547751172338658e-06,0.006552292326601296,0.0032843991040576496,2.282731354393998e-06
-0.39812805205734064,0.35231646667696087,0.7198234625479513,-0.22897859045874874,0.16197546778139732,0.08038982283659642,0.0065399690678460635,-0.000985534228259987,3.7808562939131674e-06,0.006515959172148859,0.0032460921348656108,2.1871103541014477e-06
-0.4004157289506086,0.3539218099109105,0.7206296551806172,-0.2286900732460119,0.16106564700015474,0.0797752971326507,0.0066047569353034795,-0.0009534688623545864,4.012518722285872e-06,0.006478809207712517,0.0032066195938303785,2.091360881395279e-06
-0.40270046279250715,0.35551799484001484,0.7214297990133556,-0.22839885489865164,0.16015093238928418,0.0791586636362934,0.006669043612883492,-0.0009217717680549198,4.242851929754536e-06,0.0064286893567216015,0.003169792490402959,1.9959123921076307e-06
-0.40498222763291974,0.3571049744359913,0.7222238704170226,-0.22810497815860903,0.1592313722019644,0.07854001042171802,0.006732712237115149,-0.0008904205130199445,4.471945470156543e-06,0.006366883183390831,0.003135208630845085,1.9008942426742534e-06
-0.40726099788957587,0.3586827024026077,0.72301184619669,-0.22780847882440544,0.15830704182455121,0.07791938122531657,0.006795777838103909,-0.0008594327282837119,4.699619453165718e-06,0.00630658002076664,0.0030988615863883316,1.8061316607166752e-06
-0.40953674836522086,0.3602511331599626,0.7237937034277346,-0.22750939199624517,0.15737802320696204,0.07729679386939298,0.0068583623921935795,-0.0008288581602871121,4.925470075393464e-06,0.006258474476084992,0.003057539737894451,1.711218050235027e-06
-0.41180945431151345,0.36181022167321913,0.7245694194543844,-0.2272077601207088,0.15644437855941074,0.07667226879990728,0.006920557567609786,-0.0007987357885883152,5.14916398492087e-06,0.0062195357477661025,0.0030123197961955807,1.6163294093966676e-06
-0.4140790914802047,0.3633599233158967,0.7253389718932959,-0.2269036340220947,0.1555061461020858,0.07604583843061971,0.006982322144388662,-0.0007690631124380392,5.370651182280832e-06,0.006176475042218646,0.002967349888236351,1.521561553928946e-06
-0.4163456361169394,0.36490019391746153,0.7261023385495335,-0.22659706598566265,0.1545633618923939,0.0754175346277017,0.007043522375914569,-0.0007398101511968281,5.590078547143815e-06,0.006120039708903642,0.002925378072784833,1.4274845123357044e-06
-0.41860906491506866,0.3664309899458067,0.7268594974623249,-0.2262881025147035,0.1536160841601412,0.07478738921620685,0.007104071945955133,-0.0007109615395307967,5.807489497439969e-06,0.0060549727765873045,0.002884942781983561,1.3337928250829418e-06
-0.4208693549882543,0.36795226863124497,0.7276104268788128,-0.22597678442337582,0.1526643937065875,0.07415541934642803,0.007164018867079377,-0.0006825412922138707,6.022648126495637e-06,0.005994707105426582,0.0028421059054095366,1.2403486658417714e-06
-0.42312648389801444,0.3694639879031347,0.7283551052359213,-0.2256631537778341,0.151708370443548,0.07352163384094912,0.007223486908488137,-0.0006545947979641173,6.235160686208389e-06,0.005946818350537814,0.002794729989969293,1.146857374171902e-06
-0.42538042971332946,0.3709661062151287,0.729093511134292,-0.22534726016835196,0.15074807205423132,0.07288604413790019,0.007282539005367059,-0.0006271476783248662,6.444777081937424e-06,0.005905223123319277,0.0027447918048604963,1.0538270204280212e-06
-0.4276311710443501,0.3724585824486241,0.7298256233070708,-0.22502915943311416,0.14978353695182045,0.07224866964498443,0.007341107406404549,-0.0006001867595735666,6.651529435937845e-06,0.005856852793136754,0.002696170978806413,9.615073498716339e-07
-0.4298786870218034,0.37394137599846794,0.7305514206517214,-0.22470890650323894,0.14881480803292912,0.0716095378208894,0.007399064440630262,-0.0005736823850974373,6.855572796941948e-06,0.005795715400202308,0.002650515846077859,8.700035435119471e-07
-0.4321229572518832,0.3754144469495826,0.7312708822829377,-0.22438655017966258,0.14784195155622862,0.07096867458845843,0.007456357472050617,-0.0005476267127098582,7.0569023333961345e-06,0.005729314431233404,0.002605644904934307,7.791727383719191e-07
-0.4343639618004174,0.3768777561551072,0.7319839874770423,-0.22406213517940196,0.1468650506021508,0.07032608935741146,0.007513060466849114,-0.0005220473220300529,7.25524606298624e-06,0.005670310089525836,0.002558015873600488,6.885638276873848e-07
-0.4366016812270334,0.3783312651360118,0.7326907156877118,-0.22373570898196654,0.1458841810190629,0.06968178951881558,0.0075692900490064155,-0.0004969822687293021,7.4502544966058155e-06,0.005622968153179383,0.0025065811177670473,5.984695120360885e-07
-0.4388360966361072,0.379774935915549,0.7333910464901433,-0.22340732602774363,0.1448993959782246,0.06903578384128706,0.0076250789596461685,-0.0004724441304173797,7.641772071174688e-06,0.005578900348531546,0.0024538885169818766,5.093054302263966e-07
-0.44106718969304765,0.3812087309646879,0.7340849596166367,-0.22307704468370612,0.1439107349831476,0.0683880945751792,0.0076803406052356055,-0.0004484124399605898,7.829892657281108e-06,0.005526173221953581,0.0024032426393036624,4.209300062862918e-07
-0.443294942594175,0.3826326133171273,0.7347724349271528,-0.22274492066577237,0.14291824746883536,0.06773874300889285,0.007734962128302868,-0.0004248607456259204,8.014758197758929e-06,0.00546216037999006,0.0023552419634668346,3.333579987603903e-07
-0.44551933802676663,0.384046546727095,0.7354534525087306,-0.2224110039115703,0.14192200533435212,0.06708775215103102,0.007788924649247001,-0.00040178817923959976,8.196318914101542e-06,0.005396259600071205,0.0023073280613682134,2.4690756983623767e-07
-0.44774035916137006,0.3854504956939577,0.7361279935980523,-0.22207534150225253,0.14092209128900854,0.06643522796168255,0.007842323646812295,-0.00037922515252225954,8.374134921757756e-06,0.0053399067016312645,0.0022563727338931203,1.4682221059036667e-07
-0.4499579896969502,0.386844425349865,0.7367960382751205,-0.22173798537653047,0.1399185751772813,0.065781044736811,0.007895260171144466,-0.00035719913831465746,8.547979123762726e-06,0.005293658835607923,0.002202670024724792,5.224744117643307e-08
-0.4521722138948282,0.38822830130388547,0.7374575668643473,-0.22139899265370153,0.1389115057078001,0.06512522493938416,0.007947737347965823,-0.0003357105103083903,8.717824828987175e-06,0.005247723567726425,0.002148929922917263,-3.799937164874898e-08
-0.45438301657917884,0.3896020896297489,0.7381125599121312,-0.2210584221285495,0.13790092385488878,0.06446779712820142,0.007999657637572086,-0.00031473460065860976,8.883834326825468e-06,0.005192034360795823,0.002097656653395859,-1.249574181473105e-07
-0.4565903831019408,0.3909657569983033,0.7387609981703788,-0.2207163288544829,0.13688688443584937,0.06380878758242495,0.008050928933654104,-0.0002942495080406002,9.046144174967735e-06,0.0051271345515300285,0.0020485735524497853,-2.0924977156610241e-07
-0.4587942993103866,0.39231927080858053,0.7394028626346854,-0.22037276295487312,0.1358694622328584,0.06314821747444212,0.008101563268800965,-0.0002742592371869622,9.20467952046049e-06,0.005063438022203851,0.001999089928053405,-2.9144231491300813e-07
-0.46099475155074127,0.39366259917668117,0.7400381344631517,-0.22002777365712067,0.13484873640609077,0.0624860923394824,0.008151661919859164,-0.000254788238993718,9.359197370779145e-06,0.0050098691942318235,0.0019471610946151545,-3.718774857009507e-07
-0.4631917267012599,0.39499571079544665,0.7406667950289637,-0.21968141399324678,0.1338247706971673,0.06182242444848414,0.008201307230998349,-0.0002358540571692005,9.509509655516349e-06,0.004964534802416326,0.0018934777925372736,-4.506064931750948e-07
-0.4653852121970713,0.3963185748156462,0.7412888258711413,-0.21933374112152554,0.13279761034163343,0.06115722967993123,0.008250477293654742,-0.00021744827432588695,9.655643928142199e-06,0.004917009578780055,0.001840636220764693,-5.272954421724325e-07
-0.4675751960188281,0.39763116087037353,0.7419042086977385,-0.21898481206202705,0.1317672984104878,0.06049053061992183,0.008299072961110196,-0.0001995457382525538,9.797766069246522e-06,0.004859569709705857,0.0017903099187544928,-6.020497301037821e-07
-0.469761666657545,0.3989334392122597,0.7425129253861064,-0.21863467973993359,0.13073389391549567,0.059822347002212416,0.008347027658907056,-0.0001821299671943696,9.935967986972052e-06,0.004795472418019905,0.0017416318092514911,-6.75353676531342e-07
-0.4719446130906627,0.40022538081056014,0.7431149580151548,-0.21828339326724314,0.12969747202570167,0.05915269284719939,0.008394380224631716,-0.0001652078274755575,1.0070147338733303e-05,0.004735258903628708,0.0016922670033881562,-7.473918566505878e-07
-0.4741240247909174,0.4015069573015971,0.7437102889036865,-0.2179310019564527,0.1286581066397896,0.058481580573527356,0.008441233567602614,-0.00014879832873108124,1.020010043834917e-05,0.004685336338250845,0.0016410011275730248,-8.181866535788844e-07
-0.476299891753388,0.4027781408469297,0.7442989005156484,-0.21757755855142014,0.12761585463595912,0.05780901660342298,0.008487647488904805,-0.00013290891540899098,1.032572497842504e-05,0.00464139390051942,0.0015889907446401976,-8.873349517650192e-07
-0.47847220450710015,0.4040389040456342,0.7448807754692284,-0.21722311824729026,0.12657075814579166,0.057135016660903266,0.008533579789631287,-0.00011752490098036808,1.0447102654697695e-05,0.004593231593309354,0.0015384490286104457,-9.552542884247809e-07
-0.48064095409558627,0.4052892199881059,0.7454558966134985,-0.21686773477299306,0.12552286196850612,0.056459608386070996,0.0085789369198662,-0.00010262251832411943,1.0564397979110864e-05,0.004535714315381738,0.0014902840762107828,-1.0216050147869428e-06
-0.4828061320543154,0.40652906244299636,0.7460242417675196,-0.21651145897664373,0.12447222883022739,0.05578228734988634,0.008623688258983188,-8.81889805754265e-05,1.067767920785777e-05,0.0044751349932134815,0.0014433978195920604,-1.0868801326196515e-06
-0.48496773037082236,0.40775840578199063,0.7465857959466079,-0.21615433646352988,0.12341892934322261,0.05510376519669216,0.008667890502232439,-7.423158357211145e-05,1.0786843685944239e-05,0.004420225212172697,0.0013957819156086005,-1.1510813678224753e-06
-0.48712574150961163,0.40897722498264666,0.7471405437849905,-0.21579641517486475,0.12236302989389021,0.05442399236576123,0.008711639144085218,-6.076247900500425e-05,1.0891750787067566e-05,0.004374864894067437,0.00134695076406975,-1.213873800859557e-06
-0.48928015843032413,0.41018549549285743,0.747688469698892,-0.2154377456305128,0.12130457995764543,0.05374294047745151,0.008754969431428228,-4.778027953899849e-05,1.0992376768071134e-05,0.004333029281089669,0.0012982583178424434,-1.2753913562862335e-06
-0.49143097458745444,0.4113831931751943,0.7482295580854768,-0.21507837921306425,0.12024361859761369,0.05306060877034813,0.008797823780432618,-3.526677561435266e-05,1.108884771459579e-05,0.004285435301677786,0.0012513868660013298,-1.3354832397847096e-06
-0.4935781839069523,0.4125702943847616,0.7487637932983207,-0.214718365067089,0.11918019149320382,0.05237699609495169,0.008840119649948474,-2.3200943545262946e-05,1.1181316087839864e-05,0.0042295872225368925,0.0012066178334779892,-1.3942075043802437e-06
-0.4957217807580824,0.41374677608462884,0.7492911598916994,-0.21435774881879682,0.11811435986044018,0.05169211987514254,0.008881843131719237,-1.1574334711556926e-05,1.1269826732453294e-05,0.004172348331582148,0.0011626936677093156,-1.4514646515900414e-06
-0.49786175994325366,0.41491261587141726,0.7498116425896586,-0.21399657437961767,0.11704619192442658,0.05100598702876388,0.008923067227752572,-3.918240357185264e-07,1.1354303986921493e-05,0.004122409654460988,0.0011182819598575561,-1.5076578200983434e-06
-0.49999811670696503,0.416067791877876,0.7503252262657173,-0.21363488659465246,0.11597574660715841,0.050318601225352894,0.008963877869066298,1.0342135841940381e-05,1.143467576733523e-05,0.0040810640919531705,0.0010734249394426343,-1.5629029615956701e-06
-0.5021308467446676,0.417212282652797,0.7508318959314056,-0.2132727318475536,0.11490306699986895,0.04962997100111166,0.009004288788405056,2.0635913135579494e-05,1.1510990817145125e-05,0.004041091816221256,0.0010294047485468654,-1.6166938927267744e-06
-0.504259946193787,0.4183460671375843,0.7513316368351235,-0.21291015615370573,0.11382819003081983,0.048940121487910056,0.009044234512966211,3.0509066149344532e-05,1.1583398014610337e-05,0.003994572271483824,0.0009873404409715429,-1.669245766798394e-06
-0.5063854116093474,0.4194691247577385,0.7518244343876651,-0.21254720296522214,0.11275116183981759,0.04824907048468544,0.009083648394192007,3.9979587462049314e-05,1.1652036199136504e-05,0.003941387881178761,0.0009470754415741625,-1.720371033651795e-06
-0.5085072399414803,0.42058143551991634,0.7523102741978193,-0.2121839129135023,0.11167204214606127,0.04755683275760517,0.009122540561639884,4.905440641086702e-05,1.1716943928842261e-05,0.003889216456329429,0.000907503380776743,-1.7702753025139322e-06
-0.5106254285284514,0.42168298000364807,0.7527891421124098,-0.21182032554469565,0.11059089317493218,0.046863420973055916,0.009160991966142992,5.7732497814101575e-05,1.177808818457669e-05,0.003845140124313912,0.0008678287743873326,-1.8190277535686207e-06
-0.512739975101415,0.4227737392526759,0.7532610241738877,-0.21145648105314432,0.1095077655957426,0.046168844256860894,0.009199074152716726,6.601643915088246e-05,1.1835471204128086e-05,0.003808218302778562,0.0008284119055082211,-1.8665185686749854e-06
-0.5148508777844304,0.4238536946748893,0.7537259065937911,-0.211092420110612,0.10842269633692496,0.04547311563466612,0.009236781310021272,7.391935222890135e-05,1.1889194731564777e-05,0.0037707153550085226,0.0007903072538407859,-1.9126205097685713e-06
-0.5169581350795593,0.4249228280473501,0.7541837758410002,-0.21072818213477837,0.10733572015883369,0.0447762623204498,0.009274045685459305,8.146035224038697e-05,1.1939417290916952e-05,0.0037264371540562196,0.0007541141847919526,-1.957366871156074e-06
-0.5190617458439244,0.42598112161255547,0.7546346185948725,-0.21036380403421776,0.10624688246566079,0.04407830517212283,0.009310819185580903,8.865481364986783e-05,1.1986263172310479e-05,0.0036773496141147863,0.0007194586100537148,-2.0009225747561007e-06
-0.5211617092719139,0.4270285581507629,0.7550784217820115,-0.20999932054565887,0.10515623947675544,0.04337926190319576,0.009347132289444945,9.550997177186068e-05,1.202978146448477e-05,0.003631309986076638,0.000685526579903435,-2.0434277878872385e-06
-0.5232580248889568,0.4280651209442106,0.7555151725300786,-0.20963476560956765,0.10406384594021272,0.04267914110553597,0.009383067686327578,0.00010202940284336679,1.2069988711790658e-05,0.0035935392915246575,0.0006519521720386303,-2.084874744951032e-06
-0.525350692550695,0.42909079366484676,0.755944858190378,-0.20927017327267397,0.10296974399448866,0.041977956003415556,0.009418679974941207,0.00010822135717872734,1.2106950530531027e-05,0.0035612284731773337,0.000619202819523878,-2.1248738811947945e-06
-0.5274397124265472,0.43010556025445196,0.7563674702097636,-0.20890557611656976,0.10187396387028542,0.04127611504123307,0.009453940588476376,0.0001140978195514828,1.2140766982983896e-05,0.0035260609779806332,0.0005876519841718403,-2.1636352689136664e-06
-0.5295250850155742,0.43110940510336165,0.7567829914280602,-0.20854100855433821,0.1007765407773535,0.04057275645201007,0.009488796830232045,0.00011968111457487974,1.2171638557519411e-05,0.003485623815063677,0.0005583336987986679,-2.201046550933553e-06
-0.5316068110886647,0.43210231297104984,0.7571914102740718,-0.20817649895903512,0.0996775163980342,0.03986843757504489,0.009523217681718798,0.0001249846194739278,1.2199681600521027e-05,0.0034420848059565647,0.0005303531851583571,-2.237262101356564e-06
-0.5336848916870294,0.4330842690976407,0.7575927153078738,-0.20781207526589013,0.09857694148631176,0.03916316331611705,0.009557247939028053,0.00013001680481454695,1.2224970145522092e-05,0.0034030254088227856,0.0005032197593243883,-2.272009747538783e-06
-0.5357593281235095,0.43405525918564597,0.7579868917540119,-0.20744776559857434,0.0974748630451735,0.0384565875942058,0.009590971999660974,0.00013478941337011365,1.224760828586556e-05,0.003372405763875824,0.00047726065574599214,-2.3055678480360136e-06
-0.5378301219614979,0.43501526923543793,0.7583739262067959,-0.20708359611650062,0.0963713142565459,0.037748838867821544,0.009624431440508037,0.00013931724589190115,1.2267731273437412e-05,0.003345943809225645,0.0004527816879285966,-2.3379336415754658e-06
-0.5398972749927566,0.4359642854533523,0.7587538096161296,-0.20671959074374985,0.09526631892581436,0.03704035222563222,0.009657587572303988,0.00014361448834847895,1.2285468651905835e-05,0.0033156129289754906,0.00042972137499727335,-2.3692559610893617e-06
-0.5419607892330409,0.4369022943565857,0.7591265326226642,-0.20635577290161178,0.09415990617088793,0.036331097975152236,0.009690378890714599,0.0001476963379819031,1.2300979349908996e-05,0.003279131615433796,0.0004081808681473526,-2.3977156944474484e-06
-0.5440206669047711,0.4378292828592318,0.7594920857928698,-0.20599216414413973,0.09305211588591374,0.03562106551110812,0.009722793595988873,0.00015157533738414998,1.2314408043233265e-05,0.00324147032676985,0.00038789470134906407,-2.4223190428281796e-06
-0.5460769104244224,0.4387452382946538,0.759850459592796,-0.20562878465257312,0.09194299258227091,0.034910235747247866,0.009754887877726126,0.000155261802357744,1.2325869595353028e-05,0.0032094279981591902,0.0003686401774499429,-2.444031929275447e-06
-0.5481295223930707,0.43965014834153393,0.7602016444331119,-0.20526565365906607,0.09083257375388457,0.034198592977880575,0.009786732410829063,0.00015876671216566551,1.233547345329042e-05,0.003184453159769393,0.0003504836341026878,-2.464186402247969e-06
-0.5501785055859756,0.44054400092486384,0.7605456308455902,-0.20490278942280546,0.08972088520340744,0.033486143702908144,0.009818345244646458,0.0001621038974873311,1.2343352544625432e-05,0.003161283255594198,0.00033371022225494364,-2.4833652114343614e-06
-0.5522238629383361,0.4414267841887239,0.7608824095702744,-0.20454020879968435,0.08860794798862374,0.03277290846866769,0.009849681556744134,0.00016528896507912792,1.2349661521469013e-05,0.003133631106748713,0.00031849756245226943,-2.5012820840529424e-06
-0.5542655975287228,0.4422984865581551,0.7612119716873604,-0.20417792693046383,0.08749378944440707,0.0320589213442384,0.009880691051795577,0.00016833703764442364,1.235457007916788e-05,0.003100949423511065,0.00030479726677948326,-2.5160997211686003e-06
-0.5563037125637817,0.44315909681548776,0.7615343084678474,-0.20381595732402524,0.08637844631624585,0.03134419665944251,0.009911380118706743,0.0001712614001753679,1.2358232765055735e-05,0.003068906629164624,0.0002924255584296067,-2.527661683574593e-06
-0.5583382113654723,0.4440086040980914,0.7618494113495551,-0.20345431215322357,0.08526195683404061,0.03062874167288087,0.009941812260280125,0.0001740745856281704,1.2360790719799733e-05,0.003043214113405316,0.00028130722437684356,-2.536706870650129e-06
-0.5603690973594815,0.4448469978158621,0.7621572718036265,-0.20309300241880207,0.08414435057710185,0.029912550758563555,0.009972048170186092,0.00017678986564273095,1.2362374127243017e-05,0.0030235909630487406,0.0002715161184547208,-2.545207797074636e-06
-0.5623963740688055,0.44567426759385126,0.7624578792909021,-0.2027320385864361,0.0830256477326467,0.029195417117092795,0.010002099044602777,0.0001794267950373685,1.2363209438107116e-05,0.003005087427015719,0.0002636806232372255,-2.5499500987044665e-06
-0.5644200450791389,0.4464904031953142,0.7627512264155514,-0.20237142752723858,0.081905864086894,0.02847765588243046,0.010031912496580387,0.00018199882324105475,1.2363413764531455e-05,0.0029813451942895496,0.0002571901212581821,-2.5559274331390297e-06
-0.5664401140402022,0.4472953946588192,0.7630373040123305,-0.2020111762504807,0.0807850250333389,0.027759087732204455,0.010061459083032385,0.00018452433391212485,1.2363225681894256e-05,0.0029546586488611694,0.0002525381325510545,-2.5560658476845024e-06
-0.56845658463991,0.44808923231572356,0.7633161035060894,-0.20165128910742972,0.07966316163401979,0.02703976529188764,0.010090764234947938,0.00018701919225721727,1.2362818904805e-05,0.0029305151993216116,0.0002494727598749316,-2.554480231965709e-06
-0.5704694605835019,0.44887190673980537,0.7635876187688414,-0.20129176820526884,0.07854030261751156,0.02631992554411428,0.010119887547741596,0.00018949350329722212,1.2362259928094981e-05,0.0029123312900944907,0.0002474179057431382,-2.5562242027025114e-06
-0.5724787455917293,0.44964340869816577,0.7638518435408502,-0.20093261544104493,0.0774164686591519,0.025599548711128916,0.010148873461477277,0.0001919592797511381,1.2361654721810403e-05,0.0028985913853139473,0.0002465643697365146,-2.559386426895987e-06
-0.5744844433885434,0.4504037290861194,0.7641087715182193,-0.20057383147792388,0.07629167240937736,0.02487862833092711,0.010177707085693667,0.00019442977876365594,1.2361132091292483e-05,0.002883362431935184,0.00024703661103541303,-2.5630569854682036e-06
-0.5764865576874675,0.4511528589436479,0.7643583965852466,-0.20021541559666228,0.07516592753577617,0.024157183817567093,0.010206335811485473,0.000196918889135244,1.2360843886860904e-05,0.0028628725850151234,0.00024889781545946383,-2.5656816545624633e-06
-0.5784850921776314,0.4518907895299595,0.7646007128538637,-0.19985736563493714,0.07403925594138759,0.023435236447763998,0.010234731919734643,0.00019944021157208535,1.2360949037230047e-05,0.0028396108230237293,0.0002521191825113243,-2.5663667841639876e-06
-0.5804800505105965,0.4526175123680276,0.7648357145862279,-0.19949967806037863,0.07291168535892396,0.02271279530206764,0.010262928144067348,0.00020200681267811105,1.2361598236602731e-05,0.0028196224204252445,0.0002566472964892471,-2.565503273531041e-06
-0.582471436287951,0.4533330192053176,0.7650633960885737,-0.19914234805426595,0.0717832400738941,0.02198985688029639,0.010290988343123326,0.0002046314324357569,1.2362925593492796e-05,0.0028060198787927836,0.00026244947993415713,-2.5645346093590584e-06
-0.5844592530491961,0.4540373019264013,0.765283751778635,-0.19878536956127252,0.07065393486915901,0.021266426882710222,0.010318945860683245,0.0002073272684329647,1.2365063883439255e-05,0.00279575171212951,0.00026957148947805436,-2.5641833222039658e-06
-0.5864435042634277,0.45473035252180855,0.7654967751558788,-0.1984287357400732,0.06952377924985859,0.020542410610194347,0.010346784731256343,0.00021011283932996112,1.2368254106102251e-05,0.002783886990904043,0.00027854551570745715,-2.5592364385243323e-06
-0.5884241933014162,0.4554121630758918,0.7657024613396263,-0.1980724368366592,0.06839278340620641,0.019817970987295035,0.010374450908482356,0.0002130003287232309,1.2372591936474793e-05,0.00276661763100853,0.00028873793617088496,-2.557804139463401e-06
-0.5904013234293506,0.45608272586362475,0.7659008058286183,-0.1977164624227883,0.06726096683213778,0.01909314384125537,0.010401928699395357,0.00021600268385258998,1.2378219364167638e-05,0.0027477789707635886,0.0003002251590028826,-2.556135006441118e-06
-0.5923748977918775,0.45674203336377067,0.7660918052241403,-0.19736080025391364,0.0661283520194033,0.018368035141263016,0.010429250659080803,0.0002191273145374436,1.2385174587160144e-05,0.002732195817393018,0.00031245336411046945,-2.558943711813164e-06
-0.5943449194142549,0.4573900782471368,0.7662754551298431,-0.19700543833744394,0.06499495857972057,0.0176425377498416,0.010456480788452325,0.00022238783926713357,1.2393651167970036e-05,0.002723012750193801,0.00032604354640686163,-2.557248467539001e-06
-0.5963113911845553,0.45802685327275333,0.7664517511619787,-0.1966503628800434,0.06386079588228827,0.01691664873047834,0.010483640783795543,0.00022579754588850407,1.240380018275468e-05,0.002715999307055702,0.0003409625992536258,-2.5550725089245383e-06
-0.5982743158413003,0.4586523512552667,0.7666206891809618,-0.19629555883629954,0.06272586930445616,0.016190391767361634,0.010510696127003137,0.0002293707955733185,1.241577573330796e-05,0.002705534048380203,0.0003573178524846478,-2.5533424571585264e-06
-0.6002336959594299,0.45926656511290054,0.7667822653989952,-0.19594100972471803,0.06159018907529102,0.015463801679324393,0.01053760180662838,0.00023312238819554244,1.2429746360247427e-05,0.0026905676396202544,0.00037515318918196776,-2.551173790112606e-06
-0.6021895339355279,0.45986948793477733,0.7669364763401432,-0.19558669752174218,0.060453772916919696,0.014736906568791428,0.010564358102164694,0.00023706574281738872,1.2445873401094942e-05,0.0026756291746524987,0.00039433052837794066,-2.547934086460082e-06
-0.6041418319777034,0.46046111299682563,0.7670833182438042,-0.1952326031610721,0.05931664035241492,0.014009671024741238,0.010591024647476643,0.00024121604249367667,1.2464378134837715e-05,0.002666654088829481,0.00041502632290926924,-2.5396072442084237e-06
-0.6060905920851555,0.4610414336686316,0.7672227878999475,-0.19487870541535862,0.05817880216691411,0.013282145501460457,0.010617652547421955,0.0002455809782091425,1.2485297323139064e-05,0.0026627894855188556,0.00043649121252817237,-2.5368377283870835e-06
-0.6080358160457701,0.4616104433493899,0.7673548824249264,-0.19452498282359004,0.05704026177119088,0.012554360489867763,0.010644245688689982,0.00025017106686342483,1.2508720756801411e-05,0.0026593135463487453,0.0004590078286565862,-2.5373970458124793e-06
-0.6099775054266376,0.4621681354601522,0.767479599262783,-0.19417141298666182,0.05590102123888695,0.011826348610888526,0.010670760574188316,0.0002550003785516156,1.2534801310087412e-05,0.0026514878912288053,0.000482931537719393,-2.5388358807618603e-06
-0.6119156615593777,0.4627145035039187,0.7675969362767469,-0.19381797200413808,0.054761088934017176,0.011098151048512245,0.010697158588497216,0.0002600833777608894,1.2563693868206584e-05,0.0026398006869391795,0.0005083017788991556,-2.541461677957071e-06
-0.6138502855124792,0.4632495409405998,0.7677069074557463,-0.19346463393790805,0.053620478053705824,0.010371370994876495,0.010723437677112287,0.0002654684883097926,1.2595906704021353e-05,0.002627908015183411,0.0005385146690484685,-2.5464049643656325e-06
-0.6157813780653717,0.463773241453682,0.7678095203046269,-0.19311136932460354,0.05247920489709117,0.009645351776445472,0.010749653034269295,0.0002711823103986156,1.2631791236754195e-05,0.0026215347529778064,0.0005713878035137908,-2.5463068217609026e-06
-0.6177089396821197,0.4642855988462684,0.7679047776283464,-0.19275814590412618,0.05133727686527023,0.008919619379070192,0.010775839970548096,0.0002772367717603863,1.2671444877887246e-05,0.0026186925406891104,0.0006054537475075687,-2.5510031826527762e-06
-0.6196329705082935,0.4647866070825696,0.7679926700801983,-0.1924049306511272,0.050194696970217514,0.008192961443427219,0.010801995947652951,0.00028361908452746146,1.271456007560686e-05,0.002615596501563826,0.0006382406475535296,-2.574422625649412e-06
-0.6215534703599993,0.46527625997024163,0.768073203686598,-0.1920516905599644,0.04905146578420975,0.007466912558426168,0.010828064075928578,0.00029035993287207176,1.2761539565342316e-05,0.0026068114794486007,0.0006740962202477701,-2.5924315638287855e-06
-0.6234704387169244,0.4657545515873703,0.7681463699227076,-0.19169839075129147,0.04790759460560594,0.006740019897042795,0.010854021048341024,0.0002974527934215733,1.2812165237120116e-05,0.0025956957534695574,0.0007092992572918052,-2.6269802264769834e-06
-0.6253838746996742,0.46622147596722197,0.7682121761025561,-0.1913449951545994,0.046763096485063785,0.00601386192813257,0.01087988415059221,0.0003049217905285892,1.2866816789193593e-05,0.0025863085792275447,0.0007469149986730626,-2.6515317355276697e-06
-0.6272937770749542,0.4666770274461494,0.768270613649867,-0.1909914669813142,0.0456179849734221,0.005286850402613553,0.010905718008515579,0.0003127468802813475,1.292513327646923e-05,0.002583383991467731,0.0007825260739706101,-2.692243569745482e-06
-0.6292001442493731,0.46712120020646736,0.7683216899097829,-0.1906377700176468,0.044472262199468184,0.004560573202664074,0.010931547835315029,0.00032094667966387673,1.2987409247466025e-05,0.0025829807068943104,0.0008199990567161779,-2.7256564837768785e-06
-0.6311029742848523,0.46755398861136116,0.7683653962309362,-0.1902838684363881,0.04332592871211117,0.003833433516627232,0.010957359877861965,0.00032951120291053294,1.3053430364151676e-05,0.0025812021076392824,0.0008564732869263881,-2.7714999036311304e-06
-0.6330022648761514,0.46797538684119927,0.7684017407497884,-0.18992972536715985,0.042178984478737816,0.00310710699597884,0.010983097439156157,0.00033847209986388,1.3123631577055e-05,0.002573753784899262,0.0008961127863744888,-2.810413203268836e-06
-0.6348980133544256,0.46838538938945345,0.7684307130926108,-0.1895753029479041,0.04103144062359118,0.00237974443768288,0.011008758330230359,0.00034782025212696003,1.3197783780952181e-05,0.0025660865630573277,0.000934840248087163,-2.864182003581545e-06
-0.6367902166511749,0.4687839906280209,0.7684523223256075,-0.18922056105757062,0.0398833066078229,0.0016532854420800117,0.011034375745592247,0.0003575730928195232,1.3276225829685746e-05,0.0025617387697042357,0.0009753112873311065,-2.905213173119033e-06
-0.6386788713223537,0.46917118518928397,0.7684665607402104,-0.1888654606510599,0.03873459012569401,0.0009260549305714164,0.011060015281551922,0.00036770533179894256,1.3358558101570209e-05,0.0025639506104169177,0.0010132530236870206,-2.9603305703344272e-06
-0.6405639735629944,0.46954696767951126,0.7684734208985787,-0.1885099647933298,0.037585288760939826,0.00019808181441333635,0.01108570340026491,0.0003782049933848104,1.3444644421197056e-05,0.0025688086608062965,0.0010499971123192984,-3.01778638707469e-06
-0.6424455192166675,0.46991133261767215,0.7684728976001655,-0.18815403759674523,0.036435396129314686,-0.000530408825178158,0.011111404308759579,0.00038907560804101707,1.3534553933157745e-05,0.0025700874003171726,0.0010870942999355315,-3.074165737879486e-06
-0.644323503770268,0.4702642744908805,0.7684649875544048,-0.1877976426309737,0.03528491116232152,-0.0012592255613326844,0.011137069491280257,0.000400326862531417,1.362838754834537e-05,0.0025665145485837685,0.0011251602140626316,-3.1331236914504875e-06
-0.6461979223405935,0.47060578782271495,0.768449689464746,-0.18744074211597894,0.034133839803782776,-0.001988169195165246,0.011162692327611488,0.0004119626723905688,1.3726231142990316e-05,0.002562279659397812,0.0011636177508422996,-3.1897701379264308e-06
-0.6480687696697162,0.4709358671977967,0.7684270030453584,-0.18708329780024566,0.03298218925440912,-0.0027171381661483442,0.011188317812892909,0.00042397392531685527,1.3828024541591885e-05,0.0025625442736410195,0.0012011640449905404,-3.2441990728990605e-06
-0.6499360401392882,0.471254507206797,0.7683969286100449,-0.1867252728845121,0.031829960613783764,-0.003446071508207543,0.011213997263187062,0.0004363490708433486,1.3933686495842516e-05,0.002567940484386879,0.0012375552717560087,-3.2957739965532865e-06
-0.6517997277890131,0.47156170237544975,0.7683594669890895,-0.18636663239910134,0.03067714783867424,-0.004174917119675398,0.011239736312674078,0.00044908864670350774,1.4043279591705346e-05,0.0025739000969508953,0.0012740003366703849,-3.3436338088270725e-06
-0.6536598263189713,0.4718574471518999,0.7683146196894739,-0.18600734154158857,0.029523744034791216,-0.004903608174719935,0.011265490553992749,0.0004622083434261127,1.415703305170568e-05,0.002575418948850382,0.0013120146112624849,-3.38815136059064e-06
-0.6555163290705952,0.4721417359669622,0.7682623889193063,-0.18564736355597813,0.028369748500216535,-0.00563207597916874,0.011291214523489627,0.0004757257849313676,1.4275183170442155e-05,0.0025723914089782643,0.001351791430835408,-3.4308647270889216e-06
-0.6573692290042512,0.47241456330186343,0.7682027773766129,-0.1852866594731619,0.027215166899905753,-0.00636027202448472,0.011316911102824742,0.0004896450706063644,1.4397814631641405e-05,0.0025696520144112517,0.0013919782573956255,-3.4717516685819755e-06
-0.659218518691421,0.4726759236711516,0.7681357899021863,-0.18492518971506705,0.02606000470352033,-0.007087981240850088,0.011342633962283986,0.0005039564111700612,1.4524867879952393e-05,0.00257227963405176,0.0014311861499753695,-3.5095686135756374e-06
-0.6610641903398383,0.47292581160311475,0.7680614284016981,-0.1845629170076816,0.024904259640849788,-0.007815495379571857,0.011368420110444876,0.0005186486007062875,1.4656237260257903e-05,0.002578608099283727,0.0014692734019991968,-3.5473076649463088e-06
-0.6629062358051386,0.4731642215440909,0.7679796956982853,-0.18419980531630073,0.02374792455529114,-0.008542722676070645,0.011394256209495022,0.0005337277011033976,1.4792013427746955e-05,0.002583602760777457,0.0015079669055529997,-3.5849280742505296e-06
-0.6647446465865084,0.4733911478738915,0.7678905953084121,-0.18383581800544355,0.022590994007628165,-0.009269595725218531,0.011420087498034382,0.0005492150997540873,1.4932455606282026e-05,0.002583121249537855,0.001548799303850598,-3.623056594245827e-06
-0.6665794137999075,0.4736065849823235,0.7677941312177252,-0.18347091572878388,0.021433469981307032,-0.009996069460443178,0.011445872973481952,0.0005651285178185425,1.5077775912199342e-05,0.002578539448062977,0.0015914039439572428,-3.6623044799320296e-06
-0.6684105281547538,0.4738105273298736,0.7676903076727298,-0.18310505695827461,0.020275359830878737,-0.010722117396926464,0.011471625831210402,0.0005814661478856175,1.5227959861516408e-05,0.0025752771629814976,0.001633827837341255,-3.7030647002316017e-06
-0.6702379799568909,0.4740029694321144,0.7675791290655519,-0.1827382006384764,0.01911666877524861,-0.011447722383982624,0.011497394853581854,0.000598210922752931,1.538281311040532e-05,0.0025768931034473343,0.00167454489880855,-3.7458302891033264e-06
-0.6720617591334683,0.4741839057884835,0.7674606001022232,-0.1823703081910472,0.017957395223422126,-0.01217285086999311,0.011523207675491117,0.000615351764321848,1.5542210508672334e-05,0.002581272519132874,0.0017141540784884966,-3.790508388689779e-06
-0.6738818552516334,0.4743533308395117,0.7673347257497121,-0.1820013426606348,0.016797533892632714,-0.012897477420242146,0.011549036000104896,0.0006328991599597349,1.570628416050825e-05,0.0025828222212680597,0.0017548120761844176,-3.8361701733406e-06
-0.675698257507276,0.4745112390020798,0.7672015111506933,-0.18163126574859875,0.01563708343110647,-0.013621587254741139,0.011574820664611877,0.0006508771663945789,1.587531819101752e-05,0.0025784556007478064,0.0017978759131959266,-3.88330931905379e-06
-0.6775109546927103,0.47465762474966533,0.7670609616439636,-0.18126003601111915,0.014476050311841916,-0.014345162348746722,0.011600530067533067,0.0006692992118504447,1.6049471599247e-05,0.0025709287966001653,0.0018422826656409534,-3.932222686645727e-06
-0.6793199351772289,0.4747924826569235,0.766913082802346,-0.1808876103982289,0.01331444475851097,-0.015068177340467039,0.011626188685466205,0.0006881540385821356,1.6228620432319386e-05,0.0025658496341472914,0.0018855635744292013,-3.982624577978337e-06
-0.6811251869220787,0.4749158073676918,0.7667578803029276,-0.18051394759042927,0.012152273196475749,-0.015790617639263167,0.011651845050365395,0.0007074173250846543,1.641249057694289e-05,0.002565623659865497,0.0019264121771246827,-4.034300864033968e-06
-0.6829266975149425,0.47502759352339957,0.7665953600442683,-0.1801390095754973,0.010989535444320275,-0.01651245871172653,0.011677514170347137,0.0007270781911266212,1.660096520931515e-05,0.0025668984800158545,0.001966172692975826,-4.087074081818523e-06
-0.6847244541875025,0.47512783573679795,0.7664255281410036,-0.17976275968694086,0.009826229597121736,-0.017233680573679876,0.01170315589641933,0.0007471515688230483,1.6794228682595716e-05,0.0025641583616228454,0.0020074265323675646,-4.140895067415587e-06
-0.6865184437966868,0.47521652864406766,0.7662483908342478,-0.17938515916245729,0.008662359295130083,-0.017954273997001804,0.01172871217625346,0.0007676620577923086,1.6992582400492666e-05,0.00255561296010793,0.002051140516624524,-4.195399064092181e-06
-0.6883086527898399,0.4752936669840595,0.7660639545392065,-0.17900616603539457,0.007497935590709123,-0.018674222315788903,0.011754164277116152,0.0007886158844811889,1.7196105873360998e-05,0.002545194249453794,0.0020954771948946977,-4.251302635492368e-06
-0.6900950671938435,0.47535924562551934,0.7658722258368169,-0.17862573777512666,0.0063329712661177005,-0.019393505173303925,0.011779546998484469,0.0008099914587308204,1.7404553037618848e-05,0.0025382554757102964,0.0021376547160396704,-4.308482497870055e-06
-0.6918776726433963,0.47541325951963304,0.7656732113818144,-0.17824383489806828,0.005167473940976206,-0.020112109840168552,0.011804905618931038,0.0008317591632002766,1.7617583616452943e-05,0.0025358445576405637,0.002176870306383228,-4.366805271848171e-06
-0.6936564544222776,0.4754557036315923,0.7654669180661856,-0.17786042169888883,0.004001445359399567,-0.02083001065925626,0.011830242021650552,0.000853910965125063,1.783510759354216e-05,0.0025336219384056737,0.002215282568486905,-4.42657505303208e-06
-0.695431397476412,0.4754865729332817,0.7652533529175222,-0.1774754631934793,0.00283488751786641,-0.021547196948176434,0.011855506724103003,0.0008764668153129137,1.8057367854112016e-05,0.0025264510156722837,0.002255690057651463,-4.487526479457621e-06
-0.6972024863983083,0.4755058625124345,0.7650325190164111,-0.17708892225864473,0.0016678088944195827,-0.022264067841226674,0.011880638000471323,0.0008994539094831783,1.8284702914614603e-05,0.002513107450514815,0.002298817327741405,-4.5487131860245465e-06
-0.6989697053587173,0.4755135675387893,0.7648044260671689,-0.1767007565424812,0.0005002258883939105,-0.02297995998509878,0.011905635614324043,0.0009228671107138173,1.851704979396e-05,0.0024997402148742524,0.002341430865991826,-4.611949017808476e-06
-0.7007330381309083,0.4755096833532002,0.7645690825958362,-0.17631092612064175,-0.0006678464878320666,-0.023694985341675325,0.011930543929567525,0.0009466734277904623,1.8754018836885302e-05,0.002490809373318103,0.002380745051493575,-4.6766997372913995e-06
-0.70249246811871,0.4754942053455893,0.7643265012506463,-0.17591939454166158,-0.0018363992146064052,-0.024408725065421813,0.011955406687385258,0.0009708370564116725,1.8995173657605335e-05,0.0024862526610615037,0.0024164785395548705,-4.74412480718319e-06
-0.7042479784226235,0.4754671289698231,0.7640766921427978,-0.1755261306787645,-0.0030054285598275303,-0.025121431576775707,0.011980216444772356,0.0009953527703150705,1.9240446170052475e-05,0.0024809516262253787,0.00245168935565571,-4.81376114611761e-06
-0.7059995518422877,0.47542844973134757,0.7638196644774708,-0.1751311031025345,-0.00417492895718691,-0.025833199208725996,0.012004922528228984,0.001020242746651657,1.9490097418968456e-05,0.0024705831859953807,0.0024891180388246195,-4.885444605568584e-06
-0.7077471708575768,0.4753781633015602,0.76355542231318,-0.1747342779373398,-0.005344888341297095,-0.02654454694348568,0.012029473259379213,0.0010455307570723764,1.9744422671425474e-05,0.0024550468462325717,0.002528924068834832,-4.957695823253861e-06
-0.7094908175557822,0.4753162654472712,0.76328397702274,-0.17433561635036554,-0.006515288313236336,-0.027254740362682457,0.012053880300101655,0.0010711999203061279,2.000321446729701e-05,0.002440676682744013,0.002567041842992091,-5.0319408401517925e-06
-0.711230473689985,0.47524275217136197,0.7630053336393565,-0.1739350845414788,-0.007686113678036873,-0.027964406719142153,0.012078184560106666,0.0010972130202824256,2.0266032597930535e-05,0.0024303975057145817,0.0026014377483526445,-5.106844717424192e-06
-0.712966120690186,0.47515761950039764,0.7627195040323569,-0.17353265123854641,-0.008857354402983585,-0.028672856139486346,0.012102416157308402,0.0011235365711458282,2.0532468853587555e-05,0.0024231301358875997,0.002632484817688539,-5.1835264433226364e-06
-0.7146977397330339,0.4750608635374176,0.7624264984316337,-0.17312829026497706,-0.010029003913649607,-0.02938025306619751,0.012126552112489091,0.0011501735401294047,2.0802554864356933e-05,0.002413564813328046,0.0026638286251091663,-5.261922761668168e-06
-0.7164253117338534,0.4749524804770468,0.7621263264475794,-0.17272197403627979,-0.011201051861613456,-0.03008666449150495,0.012150537078130266,0.001177150388343101,2.1076614929870407e-05,0.0023984646729120606,0.002697818740612153,-5.341194395797097e-06
-0.7181488173062576,0.4748324666755424,0.7618189974129178,-0.17231367131359138,-0.012373480972995348,-0.03079212089320847,0.012174336609190194,0.001204479844018313,2.1354803639053086e-05,0.002379919978981138,0.0027330817717455156,-5.421664712551455e-06
-0.7198682367382188,0.47470081869455166,0.7615045207120322,-0.1719033496447334,-0.013546270712890744,-0.03149661289310666,0.012197967362257405,0.0012321372970305249,2.1636820296874844e-05,0.0023630409485090017,0.002765883605386226,-5.503407544737915e-06
-0.721583550037487,0.4745575333394387,0.7611829004860943,-0.17149098105160002,-0.014719403933273046,-0.03220065743887039,0.01222146781995709,0.001260081755330094,2.1922172541987718e-05,0.0023500102120703483,0.0027945859369399007,-5.5854712671960375e-06
-0.7232947369628886,0.47440260750346774,0.7608541438458423,-0.17107654123494462,-0.015892868304314186,-0.03290395332502319,0.012244850175188933,0.0012882894649051664,2.221057079770418e-05,0.0023381987760105892,0.0028209126891656686,-5.668434717205978e-06
-0.7250017770631711,0.4742360381626249,0.7605182592069795,-0.17066000835690856,-0.01706665232515078,-0.03360637328077392,0.012268074916251119,0.001316775509221267,2.250220120505758e-05,0.002322436120526651,0.002848747901213604,-5.752113822345826e-06
-0.7267046496574078,0.474057822431993,0.7601752556305836,-0.1702413579684167,-0.018240738892025744,-0.034307859222275895,0.012291083420167333,0.0013455706068326986,2.2797433930696234e-05,0.00230081109114753,0.0028796551903387474,-5.837258903322469e-06
-0.728403333770593,0.47386795758308986,0.7598251481457106,-0.16982056096259404,-0.01941510390247892,-0.03500781479631344,0.01231385867958037,0.0013746732472025046,2.3096236778383898e-05,0.0022774853005843756,0.0029104113964918067,-5.924539963816395e-06
-0.7300978081555347,0.4736664411681863,0.7594679491679526,-0.16939759060278153,-0.020589722916896053,-0.035706494819377405,0.012336428743556118,0.001404045235381597,2.339813054027094e-05,0.0022569644537955235,0.0029373478060383857,-6.0134269319639695e-06
-0.7317880513339515,0.47345327096281703,0.759103670085821,-0.16897242497590065,-0.02176457580874407,-0.03640399319898427,0.012358833273698536,0.0014336371706644465,2.3702501828669678e-05,0.0022404098288972417,0.002959343762831848,-6.103323344177506e-06
-0.7334740416597781,0.4732284448997281,0.7587323218852322,-0.16854504762658107,-0.02293964705922666,-0.03710034701195097,0.01238107565786403,0.001463429075344548,2.4009092148854373e-05,0.0022241940060339217,0.002979341780515357,-6.194856378745479e-06
-0.7351557573659595,0.4729919611243577,0.7583539094310117,-0.16811544419725152,-0.024114920673357045,-0.03779617444497251,0.012403105491957875,0.0014934480598356335,2.4318237111501213e-05,0.0022029377043065886,0.003002051045850142,-6.286756557928279e-06
-0.7368331764956809,0.47274381794761533,0.7579684408372488,-0.16768359459169369,-0.02529037352081822,-0.03849115754240625,0.012424868999428228,0.00152372490891862,2.463031734004732e-05,0.0021763036671377093,0.0030278390234723482,-6.379093786311231e-06
-0.738506276861131,0.472484013939089,0.7575759256797295,-0.1672494756925868,-0.026465976890194337,-0.03918515016919946,0.012446355543951218,0.0015542540209792428,2.494526136154871e-05,0.00214860598284721,0.0030530667932422177,-6.471911887512789e-06
-0.7401750360465615,0.4722125479489564,0.7571763743099703,-0.16681306624893916,-0.027641702465750047,-0.03987806680068158,0.012467598890537945,0.0015849888089234836,2.5262478505482314e-05,0.0021242848676913955,0.003073635478384953,-6.56605101787779e-06
-0.7418394314691665,0.471929419063892,0.7567697974292641,-0.16637435122704497,-0.028817526939586825,-0.040569864155255556,0.012488632299512218,0.0016158812573818877,2.5581362776936107e-05,0.0021032898621705276,0.0030894022431073587,-6.661050180471366e-06
-0.7434994404438467,0.4716346265569223,0.7563562059843806,-0.16593332056108417,-0.029993430422808453,-0.041260517128306015,0.012509445014932742,0.0016469228465034813,2.5901797606014335e-05,0.0020812192663469957,0.0031043169423893404,-6.757054723224252e-06
-0.7451550401936347,0.4713281698965262,0.7559356111499804,-0.16548996369110594,-0.03116939045001661,-0.04195000984173415,0.012529986746302844,0.0016781422681966332,2.6224130313247648e-05,0.0020541195482450558,0.003122101041483994,-6.854107850783378e-06
-0.7468062078063099,0.4710100488114703,0.7555080244093189,-0.16504426586866205,-0.032345378143208335,-0.042638317551155575,0.012550214491843454,0.001709563254245317,2.6548650062814732e-05,0.0020227195852889463,0.0031422584943257823,-6.951823138088916e-06
-0.7484529201952079,0.4706802633513682,0.7550734573866055,-0.16459621020344486,-0.033521360647123626,-0.0433254238730516,0.012570131065708742,0.0017411664464065967,2.6875098618733516e-05,0.00199160106233642,0.003160479950735493,-7.050879673417016e-06
-0.7500951541180166,0.4703388138802271,0.7546319219765175,-0.16414578331701,-0.03469730710560177,-0.04401129250704223,0.012589773584611491,0.0017728972109641902,2.72027824867553e-05,0.00196419431526887,0.003173237594799266,-7.150354320062568e-06
-0.751732886247679,0.4699857010236627,0.7541834302260716,-0.16369297857455503,-0.03587319162536765,-0.04469590104442138,0.012609166482205763,0.001804711642473489,2.753113300637074e-05,0.0019392310240329863,0.003181604325620654,-7.251043864657461e-06
-0.7533660932312647,0.46962092563076685,0.7537279942514865,-0.16323779327351,-0.03704899023898182,-0.04537924441729618,0.0126282888239406,0.001836611288056018,2.7860157736083568e-05,0.0019121742693100918,0.0031901257650012497,-7.352426811248473e-06
-0.7549947516850984,0.4692444887953771,0.753265626435032,-0.16278022282629073,-0.03822467521160782,-0.04606130416459617,0.012647090679022031,0.001868628776933248,2.8190258591462448e-05,0.001880124353087808,0.0032019103733582307,-7.454239166700512e-06
-0.7566188381449293,0.4688563919235035,0.752796339339008,-0.16232025836072447,-0.03940021289929996,-0.04674206717490691,0.012665540482128878,0.001900779619833945,2.852161414132538e-05,0.0018449178600540045,0.003215246156183362,-7.557192757674506e-06
-0.7582383290369114,0.468456636776502,0.7523201456679443,-0.16185789029176403,-0.040575567415683335,-0.047421514847983626,0.012683651204994737,0.001933032193696422,2.885381080701773e-05,0.0018110086076999572,0.0032254193625806137,-7.660802087573928e-06
-0.7598532007305244,0.46804522549996264,0.7518370537450576,-0.161393114663559,-0.04175070609232669,-0.04810007684543777,0.012701443229188349,0.0019653313946171955,2.9186334085481672e-05,0.001779137604617392,0.0032300819693036388,-7.745226307138222e-06
-0.7614634295969619,0.4676221605501193,0.7513470716526862,-0.1609259331333657,-0.042925598355211016,-0.048777772605897114,0.012718934178350237,0.001997645378975971,2.9518664805221525e-05,0.0017490290653297746,0.0032315598117836795,-7.840255667086463e-06
-0.763068992041867,0.4671874446191779,0.7508502102341922,-0.1604563490229631,-0.04410021505686761,-0.04945433078181954,0.012736095969465414,0.0020299888770024593,2.9850920207106156e-05,0.0017161122014431535,0.003234510707295295,-7.941342724551573e-06
-0.7646698644887427,0.46674108068823533,0.7503464816333285,-0.15998436259532772,-0.04527452252361486,-0.05012963064528225,0.01275288059974666,0.0020623984735153845,3.018353338219738e-05,0.0016783949691142686,0.003241120339817233,-8.044707456624883e-06
-0.7662660233249156,0.4662830720984473,0.7498358987563899,-0.15950996997685685,-0.046448481826802265,-0.050803599698421,0.012769265877296666,0.0020948819904187776,3.0516579368016457e-05,0.0016384585268081437,0.003248512195392323,-8.149513848774572e-06
-0.7678574448842926,0.46581342258704717,0.7493184747681033,-0.1590331680250535,-0.04762205317321505,-0.05147620603845011,0.012785271481020849,0.0021273972668585813,3.084950167482235e-05,0.001600490087957408,0.003251687599318596,-8.255072974407995e-06
-0.7694441054984347,0.465332136258586,0.748794223069558,-0.15855395975575656,-0.04879520041318216,-0.05214741643663168,0.012800930240588732,0.0021598841455075925,3.1181514914547725e-05,0.001565804785165037,0.0032488467585378164,-8.361127054846494e-06
-0.7710259815756619,0.46483921753510143,0.7482631573747404,-0.15807235449201992,-0.0499678909249635,-0.05281719663742146,0.012816247574516899,0.0021923162483038837,3.1512253198242516e-05,0.0015316614209398187,0.003243367859673372,-8.46877429513495e-06
-0.7726030496353709,0.4643346711434142,0.7477252917149347,-0.1575883624653131,-0.051140091296991215,-0.05348552159980506,0.01283119021493287,0.002224715779556854,3.1841976806191416e-05,0.0014941912216971962,0.003240109543460635,-8.577540055941042e-06
-0.7741752862741873,0.46381850215932613,0.7471806402951012,-0.15710198983596685,-0.05231176338549463,-0.054152382939828526,0.01284571734663795,0.0022571159938896616,3.217109460470316e-05,0.0014526394180656252,0.0032401769412971934,-8.686737820272583e-06
-0.7757426681463363,0.4632907161578985,0.7466292094699913,-0.15661324050420056,-0.05348286545123337,-0.054818569072471464,0.01285981041721027,0.0022895204725688367,3.249964352357124e-05,0.0014092323676947306,0.0032406024848901775,-8.795471317403669e-06
-0.7773051719036549,0.4627513190861833,0.7460710101488958,-0.15612211797171238,-0.054653354658386326,-0.05548361786530176,0.01287348958589609,0.0023218817739288533,3.2826996772068795e-05,0.001367841390794793,0.0032362834495058843,-8.904476755696067e-06
-0.778862774230325,0.4622003171625559,0.745506063661857,-0.15562863173730218,-0.055823191494552823,-0.05614647705783499,0.012886788994381615,0.0023541353970516292,3.3152300574253425e-05,0.0013298647923328316,0.0032255137588661164,-9.014374208456387e-06
-0.7804154520166724,0.4616377170943268,0.7449343795746802,-0.1551328006717188,-0.05699234099528995,-0.056808323587433596,0.012899701463720891,0.0023862699674656275,3.347539444196311e-05,0.0012911703542222868,0.003213606509821856,-9.124131193537926e-06
-0.7819631823134439,0.46106352590294963,0.7443559705975817,-0.15463464015855638,-0.05816076486921789,-0.05746885155227245,0.012912191962937008,0.0024183158414778547,3.379665108268247e-05,0.0012489727464471802,0.0032047351210828423,-9.234190181951998e-06
-0.7835059422935287,0.4604777509899901,0.7437708507974164,-0.154134161322905,-0.05932842052416317,-0.05812793377444403,0.012924227030732642,0.002450302548402779,3.411643989586108e-05,0.0012034289331708994,0.003198816896408985,-9.343830556126978e-06
-0.785043709206388,0.45988040018894155,0.7431790350009159,-0.15363137313834713,-0.060495262670092434,-0.058785494213826804,0.012935803857114587,0.0024822151362736897,3.443455417040342e-05,0.0011576041830722423,0.0031914033348903552,-9.453204097516988e-06
-0.786576460391434,0.45927148177085664,0.7425805385272063,-0.15312628835397343,-0.061661247357848864,-0.05944147568043919,0.012946945937822453,0.0025139973231241993,3.475024630199528e-05,0.0011141292076317347,0.0031783610826893994,-9.562900327371681e-06
-0.7881041733504403,0.45865100441191425,0.7419753770081673,-0.15261892671543167,-0.06282633393032937,-0.060095840081642565,0.012957672658218344,0.002545598680528426,3.5062844348791586e-05,0.0010725929586923697,0.003160275542633861,-9.672828508157416e-06
-0.7896268258142878,0.4580189771635897,0.7413635663646476,-0.1521093119440525,-0.06399048307681285,-0.060748560588692636,0.0129679750960421,0.0025770153204581854,3.5372283653176224e-05,0.0010301645255659832,0.0031418011506989625,-9.782467345437474e-06
-0.7911443957459687,0.45737540946286603,0.7407451227075195,-0.1515974657874613,-0.06515365325607143,-0.06139962731316182,0.012977822858639403,0.002608280156447103,3.5678971795638785e-05,0.0009846967463957277,0.0031266183662956326,-9.89228772777942e-06
-0.7926568612894636,0.4567203111713852,0.7401200624116093,-0.1510834055836416,-0.06631579934377754,-0.06204902068108018,0.012987193676130333,0.0026394137264520315,3.598316260308547e-05,0.0009370019341797226,0.0031134895367894047,-1.0001635016977827e-05
-0.7941642007338842,0.4560536926065948,0.7394884020041417,-0.1505671479824609,-0.06747687491127645,-0.06269672336374961,0.012996092693344195,0.002670389055412349,3.628449119701645e-05,0.000889821721715604,0.003097662957826019,-1.0110699832051667e-05
-0.7956663925421652,0.45537556453162104,0.7388501582905846,-0.1500487146244029,-0.06863683543800854,-0.06334269957077676,0.013004541504962283,0.002701147328197199,3.6582181179784395e-05,0.0008448012092814034,0.00307595435645147,-1.0219228272756073e-05
-0.7971634154278673,0.45468593812520336,0.7382053482050733,-0.14952813375960666,-0.06979563901722213,-0.06398693194520799,0.01301255160434766,0.0027316482203917835,3.6875696865202426e-05,0.0008009302081049383,0.003050212960895917,-1.0327131744815166e-05
-0.798655248408231,0.45398482496273224,0.7375539888295157,-0.14900543591044707,-0.0709532440667505,-0.064629410222602,0.013020110026176514,0.002761900006841948,3.716513145427063e-05,0.0007557626818446059,0.0030252991042176904,-1.0434716234486488e-05
-0.8001418707892787,0.4532722370310888,0.7368960974607008,-0.14848064840199654,-0.0721096066377635,-0.06527012221405619,0.013027192071581983,0.0027919370691917135,3.745092150552424e-05,0.0007081251790828489,0.0030038236923076852,-1.0541644738051743e-05
-0.8016232621133128,0.4525481867630856,0.7362316914662519,-0.14795379470334774,-0.07326468026423641,-0.0659090659048076,0.013033785137932486,0.0028217706810859246,3.7733200472749315e-05,0.0006592274035749973,0.002983475726803296,-1.0648164768688013e-05
-0.8030994021348867,0.4518126870520495,0.7355607884262272,-0.14742489904029157,-0.0744184182427789,-0.06654621659125667,0.013039898165235273,0.0028513647989619065,3.801149202129434e-05,0.0006112237911039879,0.0029595230942491084,-1.0753611960502479e-05
-0.8045702708639515,0.45106575123859666,0.7348834060795949,-0.14689399137988285,-0.07557077581259779,-0.0671815514144465,0.013045547865272799,0.0028806632791781497,3.828505193434232e-05,0.000564891601205759,0.002929955608347656,-1.0858560611252245e-05
-0.8060358486401611,0.4503073930869216,0.7341995622109679,-0.14636110726280205,-0.07672170993184776,-0.06781506407755052,0.01305073846653314,0.0029096389607951288,3.855351538275243e-05,0.0005189824019183188,0.002897671787610132,-1.0962864369554034e-05
-0.8074961161675666,0.4495376267745066,0.7335092748326713,-0.1458262826513414,-0.0778711771340794,-0.06844673826734476,0.013055456217307393,0.002938310957627927,3.881712668807716e-05,0.00047169799824862415,0.0028672995085692416,-1.1066001647397607e-05
-0.8089510544856132,0.4487564669110351,0.7328125620619914,-0.14528954953556933,-0.07901913191445697,-0.06907657237959591,0.01305968333643013,0.002966712654085921,3.9076311181268914e-05,0.0004226353878580622,0.002840265945660586,-1.116853264288742e-05
-0.8104006449170353,0.4479639285605692,0.7321094422138574,-0.1447509368526112,-0.08016552726555105,-0.06970454996068941,0.013063414606826704,0.0029948456470922026,3.933108104070812e-05,0.00037305109850165947,0.0028133920820462366,-1.1270302194518318e-05
-0.8118448690593237,0.4471600272493109,0.7313999336386766,-0.1442104756653173,-0.0813103165997478,-0.07033066343707413,0.013066658913996792,0.003022668415881964,3.95808860177951e-05,0.00032435555687483153,0.0027823657822618184,-1.1371262912312755e-05
-0.8132837088359584,0.44634477894930075,0.7306840549124892,-0.14366820285787366,-0.08245345482823732,-0.07095488507149582,0.01306942641554245,0.0030501318480844037,3.982508094293642e-05,0.0002766760073293556,0.0027464278265223034,-1.1471014011442718e-05
-0.8147171465618419,0.4455182000629143,0.7299618248039825,-0.14312415940883602,-0.08359489767479794,-0.07157719655485016,0.01307171593230575,0.0030772225934219736,4.006348611434462e-05,0.000228878636795811,0.0027091547271435317,-1.1569774462433492e-05
-0.8161451649609519,0.4446803074250315,0.7292332621124035,-0.14257838512535823,-0.08473460012202823,-0.07219760245993546,0.013073516055002609,0.003103967704405119,4.029644930207257e-05,0.000179940270309938,0.0026745871074308355,-1.1667643790123622e-05
-0.817567747125396,0.44383111831552297,0.7284983858294726,-0.14203091551279506,-0.08587251574688035,-0.072816091443209,0.013074816436140734,0.0031303968019624193,4.052435177562215e-05,0.00012996707257326826,0.002642981831314313,-1.1764668267746307e-05
-0.8189848764697365,0.4429706504738359,0.7277572150086994,-0.14148178411432893,-0.08700859752261339,-0.07343265913961407,0.013075616319150956,0.003156502450235607,4.0747094632654436e-05,7.991828304231795e-05,0.0026106329092591787,-1.1860455732815753e-05
-0.8203965367348257,0.4420989220964477,0.7270097689122317,-0.14093102757822248,-0.08814279897853329,-0.0740472808749883,0.013075921561515878,0.0031822413020524093,4.096411163994188e-05,3.0455455846391432e-05,0.002573948905917735,-1.1954832339844611e-05
-0.8218027120444978,0.44121595182836904,0.7262560669005635,-0.1403786879786542,-0.0892750744829401,-0.0746599438775979,0.013075735662578296,0.0032075741863596186,4.117488420387925e-05,-1.8657233533061444e-05,0.0025333474598739397,-1.2048554430203476e-05
-0.8232033869579626,0.4403217587562469,0.7254961284988729,-0.13982480981076584,-0.09040537851852835,-0.07527063487410525,0.013075055466843125,0.0032325008997563403,4.137941680071862e-05,-6.80854336671514e-05,0.002492725687305751,-1.2140329804952175e-05
-0.8245985464692186,0.4394163624122825,0.7247299733677123,-0.13926943507587589,-0.091533664991643,-0.07587934825763155,0.013073874886551349,0.0032570531547344165,4.157812077516218e-05,-0.00011812250407418396,0.0024552754368347084,-1.2231251185619353e-05
-0.8259881759607025,0.43849978278222146,0.7239576212613208,-0.13871260168904473,-0.092659887277452,-0.07648608110830535,0.01307219075120393,0.003281254266047088,4.1771305380004437e-05,-0.00016847668964591495,0.002420156873093546,-1.2320584586950095e-05
-0.827372261166443,0.4375720403076643,0.7231790920685451,-0.13815434677074792,-0.09378399875762365,-0.07709082074987282,0.013070003683736594,0.003305089460185915,4.1958781594060056e-05,-0.00021876848576143267,0.0023835608441559295,-1.2408408593795966e-05
-0.8287507881879863,0.4366331558835269,0.7223944058024032,-0.13759471113446275,-0.094905953114903,-0.07769355188185371,0.013067314638695373,0.0033285173067954294,4.214001246160603e-05,-0.00026896461472719553,0.0023428214383847523,-1.2494743238136362e-05
-0.8301237435492149,0.4356831508545352,0.721603582653206,-0.13703374011668246,-0.09602570413076356,-0.07829425610634727,0.013064122132746167,0.0033515100786313053,4.23146409951822e-05,-0.0003193089209811815,0.0022993090851943705,-1.2579588013181169e-05
-0.8314911142344138,0.4347220470173237,0.7208066429528598,-0.1364714798691878,-0.09714320541883135,-0.07889292395130351,0.013060424590267322,0.0033740786070462154,4.24828143087069e-05,-0.00036981080100525435,0.002256879973935436,-1.2662988861572062e-05
-0.8328528876730771,0.4337498666234793,0.7200036070999916,-0.1359079732052116,-0.09825841061092014,-0.07948955615442924,0.013056223230423401,0.0033962559113893667,4.264496896713531e-05,-0.0004201908763523524,0.0022177530931710996,-1.2745028894584996e-05
-0.8342090516913032,0.43276663237542107,0.7191944957027109,-0.1353432593849678,-0.099371273680639,-0.08008413667572292,0.013051520606637074,0.0034180582571193894,4.2801322518345105e-05,-0.0004703156506413632,0.002180252910794919,-1.2825762345908397e-05
-0.8355595944858045,0.43177236742175956,0.7183793295265382,-0.13477737796212275,-0.10048174887475698,-0.08067665002386858,0.013046315920778026,0.0034394653337718544,4.2951624036768815e-05,-0.0005205201206145436,0.0021407215347112323,-1.2904342725545e-05
-0.8369045046492971,0.43076709535731567,0.7175581294417976,-0.13421037238333383,-0.10158979017629556,-0.08126708425070925,0.013040604235936861,0.0034604404868126028,4.309540195190477e-05,-0.0005712180867231548,0.0020975244093255664,-1.2981598455803732e-05
-0.8382437712200524,0.4297508402287511,0.7167309164579165,-0.1336422894419835,-0.10269535104612207,-0.08185542677184186,0.013034381723995365,0.0034809678588106183,4.323245736934942e-05,-0.0006222987619377324,0.00205274142386328,-1.305749425981689e-05
-0.8395773837988564,0.42872362678963966,0.7158976912317885,-0.13307317766939242,-0.10379838679802615,-0.08244371811127232,0.01302765258060474,0.0035010657040217027,4.336300745934866e-05,-0.0006729599142277435,0.00200978399964711,-1.3134974325546457e-05
-0.8409053323015435,0.42768547991163314,0.7150584820752628,-0.13250307641512343,-0.1048988494606744,-0.08302919888424463,0.013020425720822975,0.0035207659677001075,4.3487499926504794e-05,-0.0007227296863477645,0.001970021420724017,-1.320886102836202e-05
-0.8422276070421354,0.4266364249122164,0.7142133169531203,-0.13193202546727129,-0.10599669452660786,-0.08361190738454256,0.013012706373632929,0.003540077855132613,4.360607698010543e-05,-0.0007719765816245674,0.001931179485308406,-1.3280109036109304e-05
-0.8435441988283625,0.4255764878344898,0.7133621997273502,-0.13136006848134196,-0.10709187983288361,-0.08419425399315994,0.01300449270607021,0.0035589772653374483,4.3718422656701315e-05,-0.0008214066336008064,0.0018899272523896081,-1.3351246159221543e-05
-0.8448550987543401,0.4245056948253461,0.7125051614412616,-0.13078724700247113,-0.10818435778876055,-0.08477352082551728,0.012995772561864388,0.0035774354011323993,4.3824193254084325e-05,-0.0008720521616392283,0.00184579510576273,-1.3419046818199828e-05
-0.8461602984773512,0.42342407277052113,0.7116422095793098,-0.13021361030679893,-0.10927408452726224,-0.0853520659760499,0.012986548502546399,0.003595446438008352,4.392332691707718e-05,-0.0009224414854326183,0.0018010804851206822,-1.3485302966659478e-05
-0.8474597899926852,0.42233164868391054,0.7107733781021929,-0.12963920035374793,-0.11036101265667535,-0.08592724717832947,0.012976827950493151,0.0036130362283376886,4.401618573904515e-05,-0.0009720886738208127,0.0017589513620472337,-1.354883659627403e-05
-0.8487535658397009,0.42122845032534234,0.7098986759258317,-0.1290640610725335,-0.11144510111076814,-0.0865015731525874,0.012966631808355989,0.0036302312036604572,4.4103131753318834e-05,-0.0010196457023168245,0.00171946564819462,-1.3610419078324454e-05
-0.8500416189685357,0.4201145059176796,0.7090181072156697,-0.1284882324929737,-0.11252630858939419,-0.08707552227739644,0.012955955939119662,0.003647031791631008,4.418418553513184e-05,-0.0010676164160622152,0.001680022730790323,-1.367048238918085e-05
-0.851323942578636,0.41898984374690207,0.7081317051579893,-0.12791175270013042,-0.11360458849997553,-0.08764619481482928,0.012944778662416313,0.0036634171731878755,4.425909589557767e-05,-0.0011177550517040297,0.0016384977647114153,-1.3728719978964627e-05
-0.852600530251227,0.4178544924620588,0.7072395097773158,-0.12733466499445922,-0.11467989423350983,-0.08821290824112657,0.012933091919986836,0.0036793676727905687,4.432763166058485e-05,-0.0011686994050734117,0.0015950051186250232,-1.3784715741912818e-05
-0.8538713761438771,0.4167084815008491,0.7063415331683051,-0.1267570172299735,-0.11575218325944366,-0.08877845807243884,0.01292090664410678,0.0036948876403991573,4.4389873319925265e-05,-0.001218550537263057,0.0015519475447231003,-1.3838498664394262e-05
-0.855136474733836,0.4155518404402372,0.705437812561035,-0.12617884892782488,-0.11682140998812762,-0.08934033504400915,0.012908240577386754,0.0037100056911896,4.4446213889185864e-05,-0.0012666275317670564,0.0015117517656564126,-1.389022677405245e-05
-0.8563958210236643,0.4143845995925792,0.704528359005713,-0.12560020174146166,-0.11788753627660349,-0.08990115987833468,0.01289511934871554,0.0037247437060429303,4.449695443454352e-05,-0.0013121417292569454,0.0014737442890580296,-1.3940390403737094e-05
-0.8576494102610784,0.4132067893408988,0.7036132096508128,-0.12502111070542918,-0.11895052033031972,-0.0904583255433744,0.012881538704313416,0.0037391008697657334,4.4542109429075076e-05,-0.001358081291686068,0.001435655326490882,-1.3988379735495051e-05
-0.8588972381893983,0.41201844076955974,0.7026923755455915,-0.12444161831618755,-0.12001032364857511,-0.09101444390306856,0.012867483973424985,0.003753055867547929,4.458142175099592e-05,-0.0014054878155366987,0.0013954347366467385,-1.4035002584079694e-05
-0.8601393008243896,0.4108195850503982,0.7017658945777625,-0.12386176363457696,-0.12106690040101112,-0.09156683471757965,0.012852935050753132,0.0037665978772647253,4.4614782680469274e-05,-0.0014549048103136308,0.0013541318923916232,-1.4079034680115137e-05
-0.8613755947264414,0.4096102541085755,0.7008337783405192,-0.12328159094677793,-0.12212020972143649,-0.09211813013491883,0.012837906718471,0.0037797385236616795,4.464236521540731e-05,-0.0015028436355708863,0.0013139916574314557,-1.4121242863536774e-05
-0.8626061167329552,0.40839047997560113,0.6998960648562543,-0.12270113600990411,-0.12317020865042672,-0.09266569024450864,0.012822423864238963,0.003792506671661024,4.466456313997598e-05,-0.0015482938276206732,0.0012767381905026702,-1.4161701645024188e-05
-0.8638308641743933,0.40716029538546805,0.6989527657258564,-0.12212043724291724,-0.12421686265402951,-0.09321215878405012,0.012806512732904958,0.003804919341294616,4.468161368382743e-05,-0.0015911196104306958,0.0012411868988237882,-1.4200838737179947e-05
-0.8650498345949883,0.4059197331062021,0.6980039191864135,-0.1215395271614301,-0.1252601324922192,-0.09375487533865504,0.012790161387550548,0.003816972836892693,4.4693495532180035e-05,-0.001635139063575348,0.0012052660508933336,-1.4237969911588898e-05
-0.8662630260161174,0.4046688265858706,0.6970495369112739,-0.12095844560630835,-0.12629998154485989,-0.09429649960824851,0.0127733484274963,0.0038286504302523427,4.47000215743943e-05,-0.0016812985002413248,0.0011676722881333714,-1.4273061063714081e-05
-0.8674704367026883,0.4034076093511049,0.6960896574111847,-0.12037722814523397,-0.12733636533295986,-0.09483435215117307,0.01275605598394603,0.003839949401613753,4.470118834819941e-05,-0.0017292448024447578,0.0011298065753694788,-1.4305741782889553e-05
-0.8686720654294089,0.40213611566721197,0.6951242925180445,-0.11979591460810177,-0.12836924567653607,-0.09537110268481076,0.01273830792377619,0.0038508866679711398,4.469723597796161e-05,-0.0017748044971814577,0.0010936327388365288,-1.4336756856098891e-05
-0.8698679111988423,0.4008543798749857,0.694153481113646,-0.11921453623654919,-0.12939858294304,-0.09590404769767198,0.012720135500674093,0.0038614894394120676,4.468853892016528e-05,-0.0018172389565187033,0.0010601801750214164,-1.4365767221457244e-05
-0.8710579734680034,0.3995624369821101,0.6931772351723372,-0.1186331275135996,-0.13042434632538538,-0.09643587895841807,0.012701561226936471,0.0038717701394601865,4.46752725707463e-05,-0.0018574222442224494,0.0010279700935003128,-1.4393807919444727e-05
-0.8722422518690197,0.39826032199555833,0.6921955938500288,-0.11805171751008356,-0.13144649871603895,-0.09696388254402381,0.012682563164838423,0.003881724052180547,4.4657406872066735e-05,-0.0018997992837997569,0.0009952884256736484,-1.4419641298250694e-05
-0.873420746452846,0.3969480705114128,0.691208574958895,-0.11747034178948498,-0.1324650035894527,-0.09749019928156011,0.012663098293896724,0.0038913372798324306,4.4634789672213355e-05,-0.0019464783040097217,0.0009612169103384784,-1.4443875882439906e-05
-0.874593457518725,0.3956257183210071,0.6902162148373332,-0.11688903244186222,-0.13347981708754142,-0.09801297989960842,0.01264316381130343,0.003900615467417831,4.4607518922135746e-05,-0.001993437634801398,0.0009277099820360829,-1.446633509849496e-05
-0.875760385822539,0.3942933019217328,0.6892185244721039,-0.11630782384403295,-0.13449090391720997,-0.0985347593384497,0.012622798613142699,0.003909578916918049,4.457588964065353e-05,-0.0020365074646336036,0.0008962334703433484,-1.4485859373096278e-05
-0.8769215322911593,0.3929508578491509,0.6882155428822981,-0.11572674212251365,-0.1354982280506528,-0.09905273415575822,0.012602040310446977,0.003918252640337817,4.454023888078451e-05,-0.0020758163162747554,0.0008672583924318242,-1.450413890809763e-05
-0.8780768982587537,0.39159842326145355,0.687207282264471,-0.11514581712360344,-0.13650176223007757,-0.0995695875877048,0.012580905256782451,0.003926645669069388,4.450069892893953e-05,-0.00211348985722625,0.0008391865554482833,-1.4521431365533448e-05
-0.8792264851891374,0.39023603528430145,0.6861937825644913,-0.11456507360286307,-0.13750147111503483,-0.10008255031791781,0.012559361167935676,0.003934753951880441,4.445724508942196e-05,-0.002154391804405014,0.0008107096030271036,-1.4536958186526437e-05
-0.8803702949536952,0.38886373168944266,0.6851750564862933,-0.11398454274344358,-0.1384973210768062,-0.10059435189773631,0.012537380190944919,0.00394257119132936,4.440982547007714e-05,-0.002198079022224015,0.0007816028981233244,-1.4550656222186831e-05
-0.8815083295744802,0.38748155030543585,0.6841511443557831,-0.11340424999631767,-0.13948927106771625,-0.1011022334759931,0.01251496027683895,0.003950107315416365,4.4358590890695305e-05,-0.00224197119184044,0.0007534891116409417,-1.456264656748999e-05
-0.8826405914849353,0.38608952965800075,0.6831220589944956,-0.1128242239577695,-0.14047729015432714,-0.10160894357740183,0.012492148885530898,0.003957383728119573,4.430383374150969e-05,-0.0022811174813768477,0.0007275159282217366,-1.4573109372847538e-05
-0.8837670832319104,0.3846877082740701,0.6820878410211149,-0.11224448518189323,-0.14146134682636646,-0.10211170133457628,0.012468983060841736,0.0039644222647628345,4.4245849158867646e-05,-0.002316559501949222,0.0007037264817766169,-1.4582225235191097e-05
-0.8848878076597436,0.38327612512247217,0.681048516278208,-0.11166505681048675,-0.14244141664812232,-0.10261198513401229,0.012445478583463147,0.003971234449018918,4.418480485137997e-05,-0.0023504235166978897,0.0006810895279802879,-1.4589784743416755e-05
-0.8860027677132234,0.38185481916229197,0.6800041330538563,-0.1110859582605237,-0.14341746847167197,-0.10310755714583504,0.012421597537410553,0.003977819809675754,4.412072734748529e-05,-0.0023880791376623203,0.0006584054955724131,-1.4594926765949286e-05
-0.8871119667093743,0.3804238300132519,0.6789547080445782,-0.11050721457610894,-0.14438947296230736,-0.10360158156420404,0.012397318485807678,0.0039841785686279794,4.40536389754326e-05,-0.002427878452601969,0.0006357436849204414,-1.4598940191169683e-05
-0.8882154081648667,0.3789831975841243,0.6779002623237439,-0.10992884637167226,-0.1453573975373277,-0.1040936209090617,0.01237266265191636,0.003990324790347761,4.3983736819634964e-05,-0.0024655555175816662,0.0006144884639463937,-1.4601519123029116e-05
-0.8893130957857711,0.3775329620625882,0.676840820310481,-0.10935087187715319,-0.1463212154391044,-0.10458333680330843,0.012347684230852274,0.003996281414587819,4.391132380233293e-05,-0.0024978131899023254,0.0005955274230485998,-1.4602994274016001e-05
-0.8904050334466519,0.37607316385876566,0.675776408309186,-0.10877330714403367,-0.14728090561295784,-0.1050705386448536,0.012322419465296858,0.004002066286171045,4.383664237258574e-05,-0.0025264466893544324,0.0005783510326467298,-1.4603003255115914e-05
-0.8914912251746318,0.3746038435662421,0.6747070533834888,-0.10819616751962924,-0.14823644697748886,-0.10555515436119588,0.01229685340871036,0.004007684237738303,4.375977208883845e-05,-0.0025565748732816578,0.0005616579723252858,-1.460170383027157e-05
-0.8925716751477077,0.3731250419849046,0.6736327829969297,-0.10761946878378041,-0.14918781330672595,-0.10603715172850527,0.01227094013215519,0.0040131329771909375,4.36807043553468e-05,-0.002591295946355147,0.0005447357139262901,-1.4599120207191627e-05
-0.8936463877045487,0.37163680019256035,0.6725536244427813,-0.10704322683939439,-0.15013497432993175,-0.1065165529098493,0.01224465715367454,0.004018416124297328,4.359950225912338e-05,-0.0026282652393720867,0.0005281754879819896,-1.4595347286916294e-05
-0.8947153673419755,0.37013915957647237,0.6714696052331351,-0.106467456150567,-0.1510779017736759,-0.10699333459241464,0.012218034948204521,0.004023549769691399,4.35163881249766e-05,-0.0026621871271979044,0.0005132244823508656,-1.4589707287184013e-05
-0.8957786186965048,0.36863216179450264,0.6703807531560738,-0.10589216876159245,-0.15201657394468174,-0.10746746426706594,0.01219112909657207,0.004028555253034767,4.3431642434179054e-05,-0.0026905510444390967,0.0005004076308851471,-1.4582700806688074e-05
-0.8968361465189264,0.36711584869874064,0.6692870961825671,-0.10531737484639636,-0.15295097355562923,-0.10793892252842725,0.012163963150931534,0.0040334469549819715,4.334545831474459e-05,-0.0027165598234859824,0.0004890289773858405,-1.4574448296839342e-05
-0.8978879556573955,0.36559026229908065,0.6681886625115028,-0.1047430841285272,-0.15388108092226674,-0.10840769264523883,0.012136504989978035,0.0040382277150541835,4.3257883823980375e-05,-0.0027457807519784255,0.00047793431738238595,-1.4565323817464239e-05
-0.8989340510577919,0.3640554448075076,0.6670854803855404,-0.10416930671915207,-0.15480686996424278,-0.10887377908221654,0.012108702864211592,0.004042896404713229,4.316892504195529e-05,-0.0027801766325732695,0.00046672682372864984,-1.4554680880305262e-05
-0.8999744377686699,0.3625114387103974,0.6659775782150693,-0.10359605244961771,-0.15572831134308848,-0.10933716896500016,0.012080543543157667,0.004047459438067485,4.3078676938136585e-05,-0.002815895598714319,0.00045616081374608906,-1.4542758844955112e-05
-0.9010091209368434,0.36095828679164965,0.6648649845760299,-0.10302332949766106,-0.1566453795785612,-0.10979784198392874,0.012052070135499878,0.004051934140826512,4.2987367824739824e-05,-0.0028473037886497543,0.00044732752865671483,-1.452935440210702e-05
-0.902038105787876,0.3593960320763803,0.6637477281493357,-0.10245114374600219,-0.15755805637944273,-0.1102557818680005,0.012023338430819633,0.0040563404237531145,4.289524494531447e-05,-0.002873133120443978,0.0004404854769709755,-1.4515569777480237e-05
-0.9030613976017229,0.3578247177509558,0.6626258378090207,-0.10187949954106508,-0.15846632635694627,-0.11071096963182507,0.011994358198604465,0.004060690073512802,4.280246502371058e-05,-0.0028979855669504164,0.0004348221983072211,-1.4500549635525204e-05
-0.9040790017006546,0.35624438714800516,0.6614993424267783,-0.10130840104998712,-0.1593701697592847,-0.11116341348472773,0.011965084156694466,0.004064984715371887,4.2709062384628144e-05,-0.002927366243339727,0.00042932147916491286,-1.4484254751409489e-05
-0.9050909234494232,0.35465508380540794,0.6603682711075605,-0.10073785271033626,-0.16026956006325221,-0.11161309889180897,0.011935466412351799,0.004069224521981081,4.261505334539953e-05,-0.0029617362001291138,0.0004238380473960921,-1.446671993851087e-05
-0.9060971682601824,0.35305685154018224,0.65923265303345,-0.10016785838027698,-0.16116446925353345,-0.11206001975764544,0.011905506753108638,0.0040734186407863845,4.252055552093342e-05,-0.002995927451542737,0.00041926943973242837,-1.444850803604364e-05
-0.9070977415841183,0.35144973445090005,0.6580925175111615,-0.0995984200224387,-0.16205487511467678,-0.11250415736670293,0.011875261081481478,0.004077585651554037,4.242579895374375e-05,-0.0030245285449942826,0.00041655895469949874,-1.4429527231424489e-05
-0.9080926488898515,0.3498337768420779,0.6569478939918827,-0.099029537413295,-0.16294076272093058,-0.11294549117874673,0.01184478217153413,0.0040817441438069655,4.233100942728719e-05,-0.0030478523241279543,0.00041570756197217373,-1.441007230728424e-05
-0.9090818956415674,0.3482090231493052,0.6557988120196862,-0.09846120914319491,-0.16382211825092147,-0.11338401401301013,0.011814065099908929,0.00408590341455271,4.223630513284782e-05,-0.00307166848730465,0.00041578594735614595,-1.4389750679852685e-05
-0.9100654872893112,0.34657551794248875,0.6546453012666273,-0.09789343383147125,-0.1646989218229833,-0.11381972254109758,0.011783054940700251,0.004090063961982473,4.21416975590996e-05,-0.0031009772458023494,0.0004159141649092874,-1.4368752807757375e-05
-0.9110434293492615,0.3449333061652456,0.6534873753180841,-0.09732621205510039,-0.16557114883569635,-0.11425423441907628,0.011751698982103601,0.004094221291463437,4.204714060758687e-05,-0.003135557165976152,0.0004155928997386461,-1.4346934739040483e-05
-0.9120157272921645,0.34328243295383504,0.6523250566767711,-0.09675954198252147,-0.16643877067779694,-0.1146866574161804,0.011720009717445117,0.004098383821485928,4.1952737316948436e-05,-0.0031688877957772007,0.00041611355045588575,-1.4324572236699075e-05
-0.9129823865582946,0.34162294367336865,0.6511583719420366,-0.09619342019443462,-0.16730176667227242,-0.11511657382860249,0.011688049873275222,0.004102569582388082,4.1858704220798196e-05,-0.003195945859317222,0.0004184373682402628,-1.4301501707561447e-05
-0.9139434125468273,0.33995488385448597,0.6499873496125581,-0.0956278414316028,-0.1681601233224997,-0.11554378792790267,0.011655865931758772,0.00410679531965527,4.176524185325063e-05,-0.0032183557886975574,0.0004224358570324726,-1.4277672153212787e-05
-0.91489881060072,0.3382782991362821,0.6488120190970441,-0.09506279964626597,-0.1690138266277871,-0.1159682125670563,0.011623439968032013,0.004111067812939586,4.1672426429842504e-05,-0.0032425582358444594,0.0004271123560404635,-1.4253756879289458e-05
-0.9158485860031458,0.33659323529378404,0.6476324102111504,-0.0944982890751372,-0.16986285552246988,-0.11638981740639069,0.01159071208300115,0.004115386485069883,4.15802542615888e-05,-0.003272750590979334,0.00043173114029997,-1.4229120996744051e-05
-0.916792743982315,0.33489973832288483,0.6464485531293371,-0.09393430407897749,-0.17070718346409386,-0.1168085730299217,0.011557648501958518,0.0041197536766195446,4.148875838627123e-05,-0.003306320430602457,0.0004365840078305042,-1.4203450518441312e-05
-0.9177312897141264,0.3331978544952829,0.6452604781597963,-0.09337083791213065,-0.1715467865853179,-0.11722446206264403,0.01152428331350522,0.00412418260758211,4.1398092850850725e-05,-0.003336481473699849,0.0004427589677438682,-1.4177173385235683e-05
-0.9186642283069371,0.3314876303138769,0.6440682160531445,-0.09280788161417582,-0.17238164958510438,-0.1176374302354365,0.011490687977647084,0.004128693277036019,4.130848117436884e-05,-0.0033594966085331284,0.00045093396278685874,-1.4151029880504811e-05
-0.9195915647781364,0.3297691124149479,0.6428717979629206,-0.09224542434915385,-0.17321176299735364,-0.11804743245704478,0.011456899055230152,0.004133301333592166,4.1220095915460844e-05,-0.0033788557301922067,0.00046067391562619226,-1.4124941638688133e-05
-0.9205133040365758,0.3280423475167121,0.6416712552795593,-0.0916834547637926,-0.17403711457013107,-0.11845445100830584,0.011422883976640085,0.00413801118918736,4.113298119534843e-05,-0.003401471831783664,0.0004708550854524153,-1.4098733669939328e-05
-0.9214294508802002,0.3263073824636798,0.6404666195857392,-0.09112196192817842,-0.17485768422689132,-0.1188584772436613,0.011388581621894645,0.004142821511784568,4.1047120842319565e-05,-0.003430199925220174,0.0004809030441489124,-1.4071809703987772e-05
-0.9223400100018132,0.3245642643145369,0.6392579226974137,-0.09056093482944091,-0.175673448165164,-0.11925949156901304,0.011353974468134269,0.004147736672411238,4.0962561882228975e-05,-0.003460680324434106,0.0004913881336585664,-1.4044322033611615e-05
-0.9232449859885142,0.3228130403746976,0.6380451965664117,-0.09000036095053657,-0.17648438783263667,-0.11965747284637784,0.01131911530946617,0.004152772755280356,4.087947724388868e-05,-0.0034858813850207897,0.000503481739715255,-1.4016914064865583e-05
-0.9241443833041744,0.3210537581287628,0.6368284732355398,-0.0894402254396533,-0.17729049403407465,-0.12005240089276623,0.011284077447324492,0.004157950350549812,4.079808986472711e-05,-0.0035037523952251397,0.0005176344837016996,-1.3989532528350968e-05
-0.9250382062641905,0.3192864651378589,0.6356077849622559,-0.08888051182925451,-0.17809176154341774,-0.12044425137034184,0.011248882060243572,0.004163282688598046,4.071853820386932e-05,-0.0035195056101552,0.0005331103385853292,-1.3962133125230204e-05
-0.925926459021083,0.3175112090097355,0.6343831640091314,-0.08832120360440476,-0.17888818007077026,-0.12083303198553944,0.011213481402128493,0.004168770604232045,4.0640817876418565e-05,-0.0035400334334759103,0.0005486696652001824,-1.393492333555263e-05
-0.9268091455660087,0.3157280374634051,0.6331546427855268,-0.08776228491727206,-0.17967973126412964,-0.12121873819575306,0.011177816425227454,0.004174411170096391,4.0564877844168294e-05,-0.0035664660114991483,0.000563936219470131,-1.390830882193055e-05
-0.9276862697372609,0.313936998416256,0.6319222537966561,-0.08720373967741943,-0.18046639518083807,-0.12160136100257557,0.011141886869943272,0.004180210343111819,4.049077636226029e-05,-0.0035929245744027298,0.0005797984961823466,-1.3881278828965601e-05
-0.9285578352168268,0.3121381399917655,0.6306860296509286,-0.0866455499447838,-0.18124815924360635,-0.12198087963153498,0.011105759196122486,0.004186186390087465,4.041870269951223e-05,-0.003612737232716808,0.0005974875532980431,-1.3854369110805302e-05
-0.9294238455095207,0.3103315104317085,0.6294460030028108,-0.08608769541578526,-0.18202501997198112,-0.12235727859779544,0.01106950107601012,0.004192359446231906,4.034886220556501e-05,-0.003625782753630225,0.0006171902362451878,-1.3827874923210007e-05
-0.9302843039178044,0.30851715800041657,0.6282022066123457,-0.08553015464669107,-0.1827969753586533,-0.12273054725042698,0.0110331138591597,0.004198738417981618,4.028133787387719e-05,-0.003638693355362817,0.0006377836007988573,-1.3801415724668107e-05
-0.9311392135321751,0.3066951309806432,0.626954673283176,-0.08497290676974546,-0.18356401619362891,-0.12310069148114136,0.010996536419181606,0.004205319432693125,4.0216065930282076e-05,-0.0036577165708378766,0.0006579896553186118,-1.3775466833103955e-05
-0.9319885772394899,0.30486547775903555,0.6257034358368112,-0.08441593186523211,-0.18432612568748943,-0.12346771843136717,0.010959715941320792,0.0042120976784687375,4.0152979417607507e-05,-0.0036820212353014005,0.0006777144774673227,-1.3749309519442494e-05
-0.9328323977331789,0.3030282469035138,0.6244485272501364,-0.08385920951631769,-0.18508328782822206,-0.1238316097593793,0.010922670173953925,0.004219081156074314,4.00921497414163e-05,-0.003704551093891824,0.0006982394085901997,-1.3723154707615585e-05
-0.9336706775071898,0.3011834871465319,0.623189980512338,-0.08330271710835305,-0.18583549555780993,-0.12419235173848028,0.010885473968741108,0.004226290138445574,4.003377897409772e-05,-0.003719595873643718,0.0007207917346387608,-1.3697248252404496e-05
-0.9345034188311596,0.29933124728304433,0.6219278286461929,-0.08274642978783987,-0.1865827497122004,-0.12454993153241553,0.010848182927676286,0.0042337428084200076,3.9978039154984684e-05,-0.00372908052894912,0.0007451624247080848,-1.3672132159525169e-05
-0.9353306238142206,0.29747157625204185,0.6206620867167745,-0.08219032385631822,-0.1873250519079433,-0.12490614951421819,0.010810767809429347,0.004241437932559818,3.9924899063389905e-05,-0.0037414893066042916,0.0007694097450105193,-1.3646902695500695e-05
-0.9361522941834525,0.2956045227552074,0.6193927978885866,-0.08163437368255523,-0.18806238744231107,-0.1252582065724002,0.01077316324501636,0.0042493686958694375,3.987426942733202e-05,-0.0037604349474835166,0.0007929755103586051,-1.3621309443494267e-05
-0.9369684314595421,0.2937301356534876,0.6181199999234422,-0.08107855670453608,-0.18879474148097175,-0.12560664965583698,0.010735329532614888,0.004257530940611038,3.982608468846676e-05,-0.0037833507455236324,0.0008161254574403174,-1.359586157484008e-05
-0.9377790369526872,0.29184846400251835,0.6168437280979685,-0.08052284923908685,-0.1895221020132137,-0.12595172090796686,0.010697303344189803,0.004265935993011235,3.978045019943017e-05,-0.0038025993948233084,0.0008404080770807031,-1.3570093163423367e-05
-0.9385841117435483,0.2899595569939344,0.6155640166899651,-0.079967225014687,-0.1902444666455777,-0.12629350645028373,0.010659163438404813,0.004274605464909848,3.9737572832195174e-05,-0.0038139722692203085,0.000866851979645276,-1.3544741685274454e-05
-0.9393836566529714,0.2880634638406707,0.6142808995847768,-0.07941165582869923,-0.190961838853172,-0.12663203843025722,0.010620948677651598,0.004283554139978997,3.969758128253365e-05,-0.0038214589631353655,0.0008947743031916619,-1.3520152770052033e-05
-0.9401776722219624,0.2861602337181721,0.6129944103697019,-0.07885611383645683,-0.19167421786318142,-0.12696735309538598,0.010582618577017073,0.004292778419860946,3.966041620076398e-05,-0.0038329941269657952,0.0009223367488954718,-1.349546389631877e-05
-0.9409661587161817,0.28424991581487896,0.6117045826410655,-0.07830057309366364,-0.19238159320561227,-0.1272994618077871,0.010544099116760837,0.00430226440609129,3.962590247857676e-05,-0.003851931193799323,0.0009485092421655444,-1.3471349098288604e-05
-0.9417491161460454,0.2823325594341661,0.6104114503210721,-0.07774500863495974,-0.19308394994132855,-0.12762833601482285,0.010505364484828784,0.00431200754395108,3.959397347366345e-05,-0.003873449441475706,0.0009742262208191519,-1.3446896017286234e-05
-0.942526544277924,0.28040821403867194,0.6091150473622513,-0.07718939406931188,-0.19378127903741696,-0.12795396308121113,0.010466467444976191,0.004322022261140671,3.95647564000721e-05,-0.0038896913727346416,0.0010013860256026508,-1.3422675354423211e-05
-0.943298442617829,0.2784769291822001,0.6078154076133943,-0.07663370028504339,-0.19447358155333577,-0.12827633946441133,0.010427484694972115,0.004332330917529642,3.953845623077819e-05,-0.003898263620389615,0.0010307819106649065,-1.3399081560136964e-05
-0.9440648103812714,0.2765387544007349,0.6065125649028673,-0.0760778968131004,-0.1951608620427859,-0.12859546317992077,0.010388435261073737,0.004342943097880115,3.9515145756405904e-05,-0.0039049332791276665,0.0010611362964397446,-1.3375814683057345e-05
-0.9448256464795639,0.27459373918073726,0.6052065531037548,-0.07552195452457865,-0.19584311826312295,-0.1289113391166435,0.010349261177645406,0.004353847530230939,3.9494675542118696e-05,-0.0039173994421044175,0.0010903633927349156,-1.3353329835321144e-05
-0.9455809495363701,0.2726419330380707,0.6038974060474857,-0.07496584675485123,-0.1965203383630174,-0.1292239832272324,0.010309891054941124,0.004365026552461957,3.947683834195588e-05,-0.0039370044949453556,0.00111782415912873,-1.3330858662341375e-05
-0.9463307179137069,0.2706833856188788,0.6025851576346448,-0.07440954753555123,-0.19719250849644684,-0.12953338923707786,0.010270317523413952,0.004376477779975091,3.9461584500499806e-05,-0.003957346486178533,0.001145046429775087,-1.3308513406669404e-05
-0.9470749497184627,0.26871814671591654,0.6012698417979763,-0.07385302883832394,-0.19785962278559546,-0.12983954156466332,0.010230606900073576,0.004388219650790764,3.9449075540837326e-05,-0.003971056852713974,0.0011741125733592808,-1.3286567778012524e-05
-0.9478136427786885,0.2667462661785788,0.5999514925131532,-0.07329625985755556,-0.19852168477783202,-0.13014242290419656,0.010190828228363182,0.004400273641042107,3.94395043559047e-05,-0.003977862965762511,0.0012053264166313779,-1.3264834491971595e-05
-0.9485467946139562,0.26476779381380816,0.5986301437712517,-0.0727392092714543,-0.19917869865912177,-0.13044203129912607,0.010150978606641778,0.004412642211206963,3.943286202707992e-05,-0.003984959245763217,0.0012367862868869954,-1.324392844412674e-05
-0.9492744024308759,0.26278277938513633,0.5973058295948818,-0.07218184811844948,-0.19983065977600672,-0.1307383752607256,0.010110986927219852,0.004425306426101012,3.9428925732564454e-05,-0.003999166203293158,0.0012663525117527533,-1.3223480223666502e-05
-0.9499964631493294,0.2607912727096989,0.5959785840477089,-0.07162415017872503,-0.2004775547416897,-0.13103146101347496,0.010070790159945634,0.0044382466898420046,3.942746623460656e-05,-0.004019676081148016,0.0012939590194276467,-1.3203595244092833e-05
-0.9507129734316805,0.25879332374981007,0.594648441212312,-0.07106608935237066,-0.20111937099188495,-0.13132128346890534,0.010030401632524515,0.004451464886143468,3.94284785818347e-05,-0.004038853192633227,0.0013217538869791502,-1.3183622680377023e-05
-0.9514239296823919,0.25678898259956967,0.5933154352099389,-0.07050763684507749,-0.20175610557510681,-0.13160782424704098,0.009989897537656377,0.004464983169378154,3.943215749223446e-05,-0.004050411127502933,0.0013517642781876425,-1.3163908791520798e-05
-0.9521293280182835,0.2547782993798796,0.591979600177551,-0.06994876131280202,-0.20238776358845786,-0.13189107058565938,0.009949334636119552,0.004478820253758277,3.943865907168421e-05,-0.0040562930616696675,0.0013836461549055152,-1.3144694250857532e-05
-0.9528291642409531,0.252761324154621,0.590640970313376,-0.06938943195484942,-0.203014347787606,-0.1321710196549936,0.009908688392670851,0.004492969911688835,3.944788239102279e-05,-0.004064628482899505,0.0014149052041534536,-1.3126703624518784e-05
-0.9535234338434788,0.2507381069594931,0.5892995799266555,-0.06882962128231115,-0.20363585067449283,-0.13244767361715434,0.009867879190922567,0.004507406259632245,3.945954360519907e-05,-0.004080925423142972,0.0014435757479020679,-1.3108785310443148e-05
-0.9542121320467603,0.24870869791337072,0.5879554633162812,-0.06826930449919401,-0.2042522576905753,-0.1327210414033961,0.009826857844250912,0.0045221103466116675,3.9473426889206126e-05,-0.004102140935686747,0.001470351076619325,-1.3091175367999394e-05
-0.9548952538274532,0.24667314729111706,0.5866086547773551,-0.06770845609180655,-0.20486355801373027,-0.13299111627098992,0.009785658432564416,0.004537089833794623,3.948957664192828e-05,-0.004119948484399349,0.001497892532271232,-1.3074155331139328e-05
-0.9555727939084626,0.2446315054800597,0.585259188691691,-0.06714704732761652,-0.20546975138158943,-0.13325787378711917,0.009744361977989903,0.004552369694576057,3.950820664531108e-05,-0.004129653924842644,0.0015279314199384245,-1.3057670244272035e-05
-0.9562447467240558,0.24258382286684374,0.5839070994776133,-0.0665850475047389,-0.20607084349318489,-0.13352130184940444,0.009703008372107913,0.004567963207368822,3.952941487272273e-05,-0.004135370260060757,0.001559298183521387,-1.3041701553362523e-05
-0.9569111063994759,0.24053014977725823,0.5825524215063507,-0.06602242770890127,-0.2066668348194147,-0.13378141217122463,0.009661552516295486,0.0045838547134622615,3.95530196606255e-05,-0.004145596383134737,0.0015890989758248295,-1.3026018029094206e-05
-0.9575718667695113,0.2384705365336793,0.5811951892413866,-0.06545916306353382,-0.2072577149940335,-0.13403820930772894,0.00961991265270091,0.004600012916951254,3.95786848623866e-05,-0.004163998145310092,0.001615770002176107,-1.301107673568595e-05
-0.9582270214222135,0.23640503357017184,0.5798354371574811,-0.06489523097202085,-0.20784346891727468,-0.13429169681901784,0.009578057494800951,0.004616422100589904,3.960622872479127e-05,-0.0041855284833722355,0.0016408692059353322,-1.2996678897734314e-05
-0.9588765637218648,0.23433369148118685,0.5784731997649463,-0.06433060714683855,-0.20842408795386888,-0.13454186027882792,0.009536040375776132,0.004633096429276631,3.9635759805018885e-05,-0.004201725560464762,0.0016673849426139024,-1.2982553359009214e-05
-0.9595204867899757,0.2322565609507432,0.5771085116192531,-0.06376526380470363,-0.20899957421908255,-0.13478867919665288,0.009493941488641784,0.004650061870174041,3.966749306678645e-05,-0.0042099034432487555,0.0016964974857717518,-1.2969209708331703e-05
-0.9601587834672576,0.23017369263807527,0.5757414073515817,-0.0631991720881044,-0.20956993309197697,-0.1350321411350187,0.009451780119937,0.004667324149228855,3.9701447671989395e-05,-0.004216152689452439,0.0017261826187717716,-1.2956800775959764e-05
-0.9607914463030028,0.2280851371461984,0.5743719215342232,-0.06263230621270616,-0.21013516211866964,-0.13527226235678394,0.009409493319963866,0.004684857974417019,3.97373550771111e-05,-0.004228696788512063,0.001753338411717721,-1.2944726884194525e-05
-0.9614184675867248,0.2259909451048814,0.5730000888271289,-0.0620646448335857,-0.21069524827013372,-0.13550904745500944,0.009367002773594438,0.004702629357458884,3.977486379221987e-05,-0.0042490722431468226,0.0017770952006410717,-1.293330523210199e-05
-0.9620398393952729,0.22389116728192593,0.5716259439589206,-0.061496168095762666,-0.21125017659087833,-0.13574249036478322,0.009324298327520021,0.004720628251536898,3.98138514247635e-05,-0.004270462977549454,0.0017998472421403397,-1.2922342855180252e-05
-0.9626555536083735,0.22178585460378608,0.5702495216022563,-0.06092685348157937,-0.21179994096364688,-0.13597258260909673,0.00928144917376523,0.0047388752967328866,3.985448488494249e-05,-0.004284934594680255,0.0018246633623439968,-1.291162619299915e-05
-0.9632656018788136,0.21967505806021603,0.568870856521167,-0.0603566750241118,-0.2123445452682011,-0.1361993000685617,0.00923852841225005,0.004757394980467964,3.989696444853399e-05,-0.0042920963219711715,0.0018519283088485614,-1.2901234952368876e-05
-0.9638699755956983,0.21755882859895448,0.5674899835168435,-0.05978560687994656,-0.21288399359949006,-0.13642263831030224,0.009195532644067025,0.004776183638997424,3.9941221158316015e-05,-0.004299597915127148,0.0018788268362469325,-1.2891886018228213e-05
-0.9644686658855329,0.21543721712506955,0.5661069373731153,-0.059213627475984736,-0.213418280112025,-0.13664261225767224,0.009152384883787414,0.004795207029181659,3.9986909284597466e-05,-0.004314797893492185,0.0019023008806448563,-1.2883166863649453e-05
-0.9650616636566501,0.21331027460500135,0.564721752951637,-0.058640719693464564,-0.2139473895011535,-0.13685922598341851,0.009109016161568348,0.004814431417653795,4.003369823505455e-05,-0.004336894703744841,0.0019224014322168147,-1.2874323489195423e-05
-0.9656489596463573,0.21117805216659785,0.5633344650909656,-0.05806686681577274,-0.21447130763292166,-0.13707247837424447,0.0090654387523214,0.004833854410040207,4.00815395900685e-05,-0.00435776400464735,0.0019422625178331814,-1.2865989753055392e-05
-0.9662305444239186,0.20904060108640637,0.5619451087376655,-0.05749204861174075,-0.2149900308761164,-0.13728234217077495,0.009021732937875658,0.004853501897082606,4.013064409747282e-05,-0.004370605229820155,0.001964712767370528,-1.2857939035683512e-05
-0.9668064083534413,0.206897972678977,0.5605537188559955,-0.056916241895851614,-0.21550356406651586,-0.1374888027720925,0.008977958955447592,0.004873393824591097,4.018116272716114e-05,-0.004377422812880764,0.0019891576572235695,-1.2850588012611047e-05
-0.9673765416654442,0.20475021834140175,0.5591603112857336,-0.05633942580187313,-0.21601191207496273,-0.1376937776043345,0.00893408506708421,0.00489351717106736,4.0232956779905334e-05,-0.0043874141303369375,0.0020123003293987694,-1.2843136672693662e-05
-0.9679409343120731,0.2025973893831957,0.5577649123383231,-0.055761582960856475,-0.2165150628606243,-0.13789623444132776,0.008890026942701777,0.004913833004687659,4.02856542875982e-05,-0.004405838279997238,0.0020315496472627474,-1.2835866892823842e-05
-0.9684995760491275,0.200439537181375,0.5563675531167532,-0.055182700160255706,-0.2170129982594006,-0.13809570334869042,0.008845730961391633,0.004934312248117149,4.033897156178179e-05,-0.004429624385445658,0.0020478911003261762,-1.2829054013039555e-05
-0.969052456489995,0.1982767132768906,0.5549682669365745,-0.05460276354132971,-0.21750570453697501,-0.1382919559661607,0.008801228521937017,0.004954960734137683,4.0392942946377477e-05,-0.00445027063297533,0.00206481584535146,-1.2822051017985543e-05
-0.9695995651041447,0.1961089693440034,0.5535670880495845,-0.05402175540864728,-0.21799317904601817,-0.13848488187489863,0.008756600404779573,0.004975806438365554,4.044778879165478e-05,-0.004462838949438981,0.0020845382431514533,-1.2815724800193246e-05
-0.9701408911782987,0.1939363570801823,0.5521640511263681,-0.05343965605269647,-0.21847542511564957,-0.13867442999788937,0.008711887252522532,0.004996861934909211,4.0503594659503566e-05,-0.00447134305300362,0.0021055180834102373,-1.2809845705106855e-05
-0.970676423794912,0.19175892814505835,0.5507591910800125,-0.05285644865767432,-0.21895244044338735,-0.13886058356267075,0.008667043796617237,0.005018102804635434,4.056011692114086e-05,-0.004484373894585392,0.0021240558958143785,-1.2805006337785711e-05
-0.9712061518621736,0.18957673421948118,0.5493525429287198,-0.052272121954890574,-0.21942421150670255,-0.13904334729518697,0.008621985885841678,0.00503948598196819,4.061695322195805e-05,-0.004505819660006383,0.0021382869696717766,-1.2801143307394956e-05
-0.9717300641716435,0.1873898271232505,0.5479441417664567,-0.05168666769502265,-0.21989071996318862,-0.13922271923388815,0.008576679534118378,0.005060988276699406,4.06738915032168e-05,-0.004530663928164712,0.0021501989329939975,-1.2796765760680844e-05
-0.9722481494288863,0.1851982588657205,0.5465340230158895,-0.0511000755872946,-0.22035195418525474,-0.13939865523230902,0.008531176903840284,0.005082624175221909,4.073104168776178e-05,-0.004550292013936834,0.002163559583412688,-1.279223073050968e-05
-0.9727603962312821,0.1830020815757772,0.5451222225412523,-0.0505123312733923,-0.22080791353277024,-0.13957109395131187,0.008485559060374775,0.00510442178694114,4.078862443080979e-05,-0.004561813677117835,0.0021797312663519026,-1.2787995215921519e-05
-0.9732667930263513,0.1808013473877006,0.5437087764319667,-0.04992341959749517,-0.22125860057017077,-0.1397400074932816,0.008439846536166034,0.005126384218229561,4.084663823666564e-05,-0.004571282097940179,0.002196213579560728,-1.2784834081577118e-05
-0.9737673281018832,0.17859610840683532,0.5422937209622063,-0.049333329647949724,-0.22170400960296754,-0.1399053886826927,0.008393975906593795,0.005148477064054795,4.090476759166843e-05,-0.004587092821449897,0.0022092552516808322,-1.2782479749193687e-05
-0.9742619896299394,0.17638641679508235,0.5408770924273434,-0.04874205617766518,-0.22214412409159404,-0.14006725032259512,0.00834786663274909,0.005170656485296348,4.096262580668056e-05,-0.004610957237487033,0.002217912848557278,-1.2780460297132147e-05
-0.974750765725322,0.17417232488467568,0.5394589272203729,-0.048149595769240196,-0.22257892566913176,-0.14022558400415783,0.008301507071475318,0.005192907795436303,4.10200812830897e-05,-0.004635985900250691,0.002225101742573519,-1.2778033529072316e-05
-0.9752336444656194,0.17195388520025562,0.5380392617796853,-0.047555941886579134,-0.22300840523655366,-0.1403803701817556,0.008254967016774336,0.005215252681493108,4.107729861138472e-05,-0.00465403524716045,0.002234459407626122,-1.2775955782272928e-05
-0.975710613972349,0.16973115048697687,0.5366181125794428,-0.04696108480537374,-0.2234325671317494,-0.1405335906890609,0.008208314664700268,0.0052377186111105785,4.1134493387528854e-05,-0.0046652651008844016,0.002246563927923758,-1.277373180640591e-05
-0.9761816620792051,0.16750417329316733,0.5351955272064598,-0.04636501338341827,-0.2238514060738057,-0.14068213239140917,0.008161551837588595,0.00526029691089743,4.119156905384359e-05,-0.004676312670943573,0.002257801065154535,-1.2772684507821404e-05
-0.9766467765474701,0.16527300619328514,0.5337715472680384,-0.045767723504919665,-0.22426491416822422,-0.1408266074661389,0.008114602228546498,0.005282944874055042,4.124815670265972e-05,-0.004694990735796936,0.0022647673704098824,-1.2772384571489417e-05
-0.9771059451026719,0.16303770187239422,0.5323462115943314,-0.04516921617462437,-0.22467307318426544,-0.14096730689888765,0.00806739553885201,0.005305621339181044,4.1303913720822e-05,-0.004720698489531748,0.002267617400702991,-1.2771884048705585e-05
-0.9775591554811174,0.16079831321799026,0.530919557827107,-0.044569492745184576,-0.22507586599565413,-0.14110434615608888,0.008019944013995894,0.005328321636324013,4.135879206045457e-05,-0.004745181665021087,0.002270000420484557,-1.27715936476421e-05
-0.978006395431577,0.15855489330467648,0.5294916230464595,-0.04396855059440644,-0.22547328640288208,-0.14123776358516477,0.007972330025776967,0.00535107275198004,4.141299771941317e-05,-0.004761427766835461,0.0022750821759635613,-1.2771594624787978e-05
-0.9784476526727575,0.15630749527793503,0.5280624441087847,-0.04336638400951765,-0.22586533682164195,-0.14136756754741323,0.007924616303373837,0.005373894614905716,4.1466679029866866e-05,-0.004771401027594432,0.0022821568688388702,-1.2771821209174611e-05
-0.9788829148593119,0.15405617226098625,0.52663205773691,-0.042762989373014,-0.22625201639530396,-0.14149377556014486,0.007876776904443836,0.005396768589449228,4.151967383414776e-05,-0.004783968433234062,0.0022873679331950874,-1.2772607106785021e-05
-0.9793121696008737,0.15180097738425505,0.5252005006481718,-0.042158369079899824,-0.22663331245468252,-0.1416164052551414,0.007828724079430034,0.005419647579581182,4.157159974724591e-05,-0.00480531058478153,0.0022878692469910913,-1.2773760182844405e-05
-0.9797354045221272,0.14954196390505503,0.523767809820249,-0.04155252991662077,-0.2270092046169394,-0.14173544136387445,0.007780401832080229,0.005442497076716211,4.162218553081921e-05,-0.004832252209289857,0.0022849196041141843,-1.2774503162673268e-05
-0.9801526073114243,0.1472791852922645,0.5223340221438485,-0.04094547763041562,-0.22737967728107278,-0.1418508844179262,0.007731845789798383,0.005465322955120733,4.167147603492797e-05,-0.004855631111603728,0.0022825574136013985,-1.2775027552895052e-05
-0.980563765710681,0.1450126951813045,0.5208991744721773,-0.04033721356234502,-0.22774472688480926,-0.1419627187355241,0.007683144795375156,0.005488155168966768,4.171969781078435e-05,-0.0048701258529615325,0.0022831907337656915,-1.2775781806073172e-05
-0.9809688674699598,0.14274254724944094,0.5194633035815983,-0.039727737044052594,-0.22810435614574148,-0.14207094157486083,0.00763434361066457,0.005511005600674445,4.176693190897322e-05,-0.004880144448668241,0.0022850123302012443,-1.2777190193838294e-05
-0.9813679003249179,0.14046879514726343,0.5180264461510571,-0.03911705091887092,-0.22845856129304398,-0.14217557199204603,0.007585392914319602,0.005533845467276252,4.1812955855980364e-05,-0.004895095051727065,0.0022839555510864484,-1.277847858673406e-05
-0.981760852030587,0.1381914925617022,0.5165886388413783,-0.038505164225344585,-0.22880732617387395,-0.1422766302198655,0.007536201202209489,0.005556626557006721,4.185739766802001e-05,-0.004919195855910752,0.002278077460067421,-1.2780169669085068e-05
-0.9821477104256585,0.13591069334414263,0.5151499182461128,-0.03789208910917517,-0.2291506296378846,-0.14237413008862435,0.007486731824487633,0.0055793239253387325,4.190007341690169e-05,-0.004946961534822815,0.002269704857549169,-1.2781503552039828e-05
-0.9825284633465838,0.13362645145924748,0.513710340921395,-0.03727783487186511,-0.22948845487336086,-0.14246606122352196,0.0074370472902186525,0.005601951107780793,4.194108892891043e-05,-0.004968476358086672,0.0022626858560078895,-1.2782624039012851e-05
-0.9829030989093496,0.13133882117903037,0.5122699323545841,-0.03666240803043554,-0.2298208070998791,-0.14255551162036492,0.007387233361144968,0.0056245387041286695,4.198067757969134e-05,-0.004981415130361001,0.002258726930872211,-1.2783396115420314e-05
-0.9832716052424519,0.12904785675805905,0.5108287240612929,-0.03604581301765433,-0.23014768693469692,-0.14264187311567622,0.007337310753464581,0.005647089534925647,4.201885280590495e-05,-0.004992282283809618,0.0022550500695215168,-1.2785026628631175e-05
-0.9836339703757403,0.12675361230901527,0.5093867703116012,-0.03542805871005226,-0.23046908255009296,-0.14272288402693897,0.00728721029007927,0.005669564225394965,4.205532202754922e-05,-0.005010066974946594,0.0022474356294456426,-1.2787166451417667e-05
-0.9839901826052656,0.12445614217495093,0.5079440955552492,-0.03480916139091158,-0.23078498046341028,-0.14280154514475088,0.0072368423808730955,0.005691918971067753,4.2089773139123147e-05,-0.005036810492363317,0.0022354406400633296,-1.278896776662506e-05
-0.9843402303337827,0.12215550086145487,0.5065007308053704,-0.03418913759336242,-0.2310953580411071,-0.14287720262676495,0.007186193276509292,0.005714140322455909,4.2122125703389945e-05,-0.005064928888126387,0.0022221006882296415,-1.27897085876308e-05
-0.9846841021098409,0.11985174308080228,0.5050567100855783,-0.033568000518528714,-0.2314002036942717,-0.1429495385308896,0.00713533870579712,0.005736251635331513,4.215255761678366e-05,-0.0050854744950848295,0.0022110963900316702,-1.2790194972941317e-05
-0.9850217866027526,0.11754492365732527,0.503612068773089,-0.032945759510173075,-0.23169951738877248,-0.14301839910463737,0.007084360204768739,0.005758279182307623,4.21812585437642e-05,-0.005097866599035769,0.0022027194294880785,-1.2791149588865781e-05
-0.9853532724472261,0.11523509731631756,0.5021668623449308,-0.032322424227473036,-0.23199329560955964,-0.14308177309204922,0.007033259223112642,0.005780214202105767,4.220816452743885e-05,-0.005110113689361456,0.002193466325207057,-1.2792897945491557e-05
-0.9856785485559689,0.11292231892895946,0.5007211157877864,-0.03169801105769975,-0.23228153310618505,-0.14314272844706147,0.006981946534480573,0.0058020154882645605,4.223299331175065e-05,-0.005131283242886567,0.002180092486253413,-1.2794574696863543e-05
-0.9859976039516511,0.1106066434497119,0.499274860144378,-0.031072540278365837,-0.23256420626143268,-0.14320067658558852,0.006930342298642661,0.005823644150203208,4.225548690420926e-05,-0.005160436660005296,0.0021628295130317037,-1.2795821444384673e-05
-0.9863104278394178,0.10828812604744989,0.49782812920958003,-0.030446032319656594,-0.2328412939187842,-0.14325533928172773,0.006878458751994495,0.005845097778336466,4.2275649970258256e-05,-0.005188366429794572,0.0021453255998504167,-1.2796102224489596e-05
-0.9866170096192706,0.1059668221023988,0.4963809578416022,-0.02981850350306693,-0.23311278753147158,-0.1433065900493312,0.006826385485838797,0.005866404506075484,4.229369706427844e-05,-0.005207337184615035,0.0021306351176182355,-1.2795518897432208e-05
-0.986917338847227,0.10364278708418467,0.4949333814353888,-0.029189967078499246,-0.23337868804822873,-0.14335435959748236,0.006774190458104501,0.00588758462727785,4.230977494917208e-05,-0.005219512223524615,0.002117974081789435,-1.2795257792309191e-05
-0.9872114052027946,0.10131607645185058,0.49348543577023235,-0.028560438333876486,-0.23363899256615495,-0.14339861536373433,0.006721844138512843,0.005908620902870167,4.2323773807670624e-05,-0.005234640216983847,0.0021035891113134523,-1.2795377802774122e-05
-0.9874991985087477,0.09898674568939546,0.4920371568230274,-0.027929938211682662,-0.23389368510857328,-0.1434393585655778,0.006669249718263694,0.005929469717827442,4.2335415852310155e-05,-0.005259448917066142,0.002084842558506993,-1.2795159624200285e-05
-0.9877807087890013,0.09665485043965957,0.49058858071693673,-0.027298491482698542,-0.23414274139405875,-0.1434765879957613,0.006616345630759998,0.0059501009194363975,4.234451537904936e-05,-0.005290414156494857,0.0020630806869335362,-1.2794872474384961e-05
-0.9880559263125592,0.09432044659758967,0.4891397432029279,-0.02666612152447565,-0.23438614263348517,-0.14351033187778148,0.006563171199333259,0.005970522549438622,4.235115316948647e-05,-0.005317447100233589,0.002042123034831532,-1.2793510582025054e-05
-0.9883248415785649,0.09198359025899022,0.48769068007316374,-0.026032847313222075,-0.2346238833096332,-0.14354056380454824,0.006509824355695812,0.00599076454921177,4.235554171024795e-05,-0.005334686989624012,0.0020241596039699055,-1.2792247586672307e-05
-0.9885874452709215,0.0896443375821906,0.4862414272257477,-0.02539868584546758,-0.23485596464517863,-0.14356726171685258,0.006456353796806895,0.006010839264908042,4.235777292050803e-05,-0.0053470572290629315,0.0020074308295762702,-1.2791413520836602e-05
-0.988843728236103,0.08730274471348515,0.4847920206607452,-0.024763657276116118,-0.23508238050695132,-0.14359042715433104,0.006402704976420271,0.006030721564849316,4.235770394943253e-05,-0.0053648819984241465,0.0019881888551362553,-1.2790191944715132e-05
-0.9890936815140197,0.08495886785784898,0.4833424964198968,-0.024127787195291593,-0.23530311119364838,-0.1436100781665479,0.006348777837785616,0.006050369693421778,4.235508728338283e-05,-0.0053927122841728676,0.0019647712549836914,-1.2788710337707085e-05
-0.9893372963934763,0.08261276341900896,0.48189289062233587,-0.02349110365069095,-0.23551813177660988,-0.14362621561304578,0.006294533620464371,0.00606976353324195,4.234981918164852e-05,-0.00542441854096734,0.001939341900566752,-1.2786826180709313e-05
-0.9895745644407152,0.08026448806079094,0.4804432392784494,-0.02285363214613554,-0.23572742621947004,-0.1436388354747339,0.006240037333677941,0.006088919736444245,4.2342032321371676e-05,-0.0054496239461222775,0.0019155778192989584,-1.2784317168169383e-05
-0.9898054774732742,0.07791409861996423,0.4789935785285475,-0.022215393986035704,-0.23593099193473338,-0.1436479019490083,0.006185387918370103,0.006107866947544921,4.233192193512366e-05,-0.005464935366470916,0.0018946782637823106,-1.2782282356761926e-05
-0.9900300275174696,0.07556165196580307,0.47754394451087095,-0.02157640971187379,-0.23612882980679528,-0.1436534091495605,0.006130610088827328,0.006126608954561441,4.2319537082812834e-05,-0.005477775379585441,0.0018741575403850665,-1.2779691692596634e-05
-0.9902482067985037,0.07320720495867922,0.4760943733577462,-0.020936703795286612,-0.23632093030653525,-0.14365537474534995,0.006075627202677529,0.006145115237229229,4.2304706789498524e-05,-0.005498279516758793,0.0018505847506068128,-1.2777507564675724e-05
-0.9904600077797724,0.07085081455302537,0.47464490113657737,-0.02029630552797077,-0.23650727091208051,-0.1436538268974219,0.006020343577266526,0.0061633488023679905,4.228723159317169e-05,-0.005528351787935229,0.0018233125985328336,-1.2775020913367769e-05
-0.9906654232123829,0.0684925379333236,0.4731955639454382,-0.01965524518058459,-0.2366878275492539,-0.14364876509376104,0.005964747753490669,0.006181300677819317,4.2267089078880245e-05,-0.00555956994648252,0.001795143242645448,-1.2771855855876943e-05
-0.9908644461476611,0.06613243253772134,0.4717463978413794,-0.01901354963723403,-0.2368625879540855,-0.14364017335199733,0.005908926587886495,0.006198993823873658,4.2244447600716295e-05,-0.0055821025465480475,0.0017692699840575492,-1.2768135554364083e-05
-0.991057069903238,0.06377055593978109,0.47029743889435727,-0.018371242180690403,-0.23703155238310247,-0.1436280289088915,0.005852971990011214,0.0062164528696854885,4.221948372496474e-05,-0.005595444292204195,0.0017458597096885538,-1.2763813432344971e-05
-0.9912432880257787,0.061406965716055854,0.4688487231478171,-0.017728346506098013,-0.2371947207756573,-0.14361233462893083,0.005796881296287849,0.006233673421418201,4.219219708088449e-05,-0.0056090523878085064,0.0017220100657331602,-1.2759353589125462e-05
-0.9914230942929501,0.05904171944295072,0.4674002866278982,-0.0170848905881645,-0.2373520802662938,-0.1435931136605109,0.005740560501390692,0.00625062265336419,4.216242412378017e-05,-0.0056320609066047665,0.001694877818685104,-1.2754672798379778e-05
-0.9915964827566836,0.05667487482543642,0.4659521653502852,-0.016440906238078187,-0.23750360660338882,-0.143570386317406,0.0056839258931435845,0.00626727111852481,4.213002774718494e-05,-0.005663440549636692,0.0016648008499669997,-1.274947782445544e-05
-0.991763447783522,0.054306489818899,0.464504395328321,-0.015796424865389184,-0.23764927799439514,-0.1435441485710303,0.005626995714835018,0.006283620244206888,4.209505112903043e-05,-0.005692995883151615,0.0016348666428663658,-1.2743671675137824e-05
-0.9919239840522935,0.05193662261108313,0.4630570125785332,-0.015151474098243226,-0.23778908657038134,-0.14351437609949166,0.005569872638299223,0.0062996961648691275,4.20576742191853e-05,-0.005712284139013398,0.0016075459493375183,-1.2737509791086981e-05
-0.9920780865168413,0.04956533148058511,0.4616100530317217,-0.014506078789371844,-0.23792303496389222,-0.14348105925312962,0.0055126336124781015,0.006315517981056783,4.2018035212637334e-05,-0.005723877581112977,0.0015821353642532733,-1.2730984924276054e-05
-0.9922257503752488,0.04719267468325495,0.46016355269349546,-0.01386026520008368,-0.23805112148422053,-0.14344419759454352,0.005455246927855833,0.006331074195728992,4.1976094006323145e-05,-0.005738641943311981,0.0015555750766496931,-1.2724866173455349e-05
-0.9923669710837718,0.04481871049084122,0.45871754748007004,-0.013214063832296518,-0.23817333015258846,-0.14340382438198876,0.005397607504149055,0.006346332689325788,4.193170731281071e-05,-0.005763914237053226,0.0015258028097180016,-1.2718384694556564e-05
-0.9925017443998091,0.042443497337101,0.457272073265978,-0.012567507852778553,-0.23828963621761529,-0.1433599587676365,0.005339651026979679,0.006361272856943443,4.188480357850234e-05,-0.005795617917052819,0.0014939700518151581,-1.2710994748735842e-05
-0.9926300664103364,0.04006709391417971,0.4558271659398576,-0.011920628881192847,-0.23840002138466507,-0.14331258803821348,0.0052814255766432125,0.00637590489480879,4.183547552000025e-05,-0.0058225136204915475,0.0014631569595267536,-1.2702999494652925e-05
-0.9927519335180353,0.037689559112624005,0.45438286134207595,-0.01127345470453029,-0.23850448240609082,-0.14326169079148415,0.005223042184971237,0.006390255757725768,4.1783898972945465e-05,-0.0058383062473551725,0.0014350394097301302,-1.2694852691429954e-05
-0.9928673421346869,0.035310951735172603,0.4529392366826235,-0.010626010712575048,-0.23860301524869562,-0.1432031167014076,0.005164556042621792,0.006404340269863872,4.173018140684162e-05,-0.005848579872118371,0.001408404318477398,-1.268675402184984e-05
-0.9929762891994482,0.03293133067662824,0.45149632668087897,-0.009978325374317375,-0.23869562414295414,-0.14314113043060592,0.005105899898641881,0.006418139379610836,4.1674256014421896e-05,-0.005865578544808131,0.0013798640625872515,-1.2678476862627366e-05
-0.993078772055427,0.030550754940032693,0.450054146782536,-0.009330430862307311,-0.2387822936824805,-0.1430776838290017,0.005046969277777826,0.006431624516287812,4.1616008406721455e-05,-0.005893024664968101,0.001348466724335406,-1.2670177528016338e-05
-0.9931747883005989,0.028169283691014402,0.44861272198603874,-0.008682360396568766,-0.23886299788150947,-0.1430118302552276,0.0049877272348871965,0.00644478465341859,4.1555426721145545e-05,-0.005924165287336496,0.0013159667540027747,-1.2660838160371187e-05
-0.9932643356874498,0.0257869762651454,0.44717210456003037,-0.008034144843897384,-0.2389377167075632,-0.14294082618628184,0.004928243023596716,0.0064576353569752365,4.149262929035456e-05,-0.005948380619141504,0.0012850234276322015,-1.2650868838883242e-05
-0.993347412468405,0.023403892248245843,0.4457323178719946,-0.007385811924586868,-0.23900645662011924,-0.14286753437334904,0.0048686316749352015,0.0064702025589325205,4.1427780281855385e-05,-0.005961092950335111,0.0012566733539385525,-1.2640628105489511e-05
-0.9934240169942409,0.021020091145116063,0.4442934120207252,-0.006737388100473197,-0.23906921639806103,-0.14278927616311465,0.004808914828445161,0.006482491338728397,4.136093972416275e-05,-0.005971641362817205,0.0012288312520466868,-1.263007604636119e-05
-0.9934941480630209,0.018635632503538654,0.44285540921357736,-0.006088902714077023,-0.23912599455523706,-0.14270885931634694,0.004749012941818588,0.0064944833917155295,4.129205362076179e-05,-0.005990143968100911,0.0011991586856670553,-1.2619323677674206e-05
-0.9935578045827819,0.016250575862135193,0.44141835890043357,-0.005440387932027527,-0.23917676428657716,-0.1426235849420667,0.00468881812729056,0.006506154606198882,4.1221047693932974e-05,-0.006019435298827877,0.0011670749478107428,-1.2607890710585409e-05
-0.9936149859612105,0.013864981056759585,0.4399822833159901,-0.00479187680140408,-0.2392215081694761,-0.14253617661116252,0.004628321552740418,0.006517499837947606,4.114793939357456e-05,-0.006049609850333641,0.0011344768073928509,-1.2595832037779573e-05
-0.9936656917707015,0.011478908099256543,0.4385472301080178,-0.004143399191240972,-0.23926021128555222,-0.14244406976875054,0.004567620163297815,0.006528541401455259,4.107287051747677e-05,-0.006070089978888725,0.0011041101640409184,-1.2583509391911091e-05
-0.993709922052266,0.00909241717654859,0.4371132207075918,-0.00349498236352089,-0.23929288219680409,-0.14234986355130597,0.004506807636769904,0.006539297036988057,4.0995958544529886e-05,-0.006081202401360867,0.0010755175871214287,-1.2570999120282595e-05
-0.9937476769474942,0.00670556838687013,0.43568030307783817,-0.0028466533083649228,-0.2393195183160948,-0.14225090447344646,0.0044458834198653,0.006549769775971108,4.0917250912073983e-05,-0.0060923701822394654,0.0010472281749702413,-1.255846001776007e-05
-0.993778957043503,0.00431842186550631,0.4342484981351434,-0.0021984412809421504,-0.23934011532981958,-0.14214991937300708,0.004384753433237318,0.006559942866216908,4.0836711010296924e-05,-0.006112945872331266,0.001017263548790014,-1.2545467342574019e-05
-0.9938037630387841,0.0019310377800130303,0.432817854100047,-0.001550377698638041,-0.2393546456317174,-0.1420441994090565,0.004323326037234742,0.006569799616951106,4.0754307499611694e-05,-0.006142685505733978,0.0009856298529304717,-1.2531750274424955e-05
-0.9938220961277053,-0.00045652339970456233,0.43138839203240165,-0.000902493317929699,-0.23936309586667634,-0.14193645325193346,0.004261631713291921,0.006579347065075851,4.067011156169298e-05,-0.0061693770413983285,0.0009546998771455617,-1.2517543618387924e-05
-0.9938339576344924,-0.0028442010648564026,0.4299601599907481,-0.0002548157271645364,-0.23936545702359285,-0.14182395418606772,0.004199781468074819,0.006588607371157109,4.058425754252491e-05,-0.006184967997999556,0.0009259859997122752,-1.2502891117298402e-05
-0.9938393493396995,-0.00523193449401566,0.4285331790560604,0.00039262981807993775,-0.23936174253924364,-0.14170937838449527,0.004137864200803407,0.006597598967948266,4.0496860671389816e-05,-0.006191669107878232,0.0008991154329682478,-1.2487847770120725e-05
-0.9938382730979481,-0.007619663105421699,0.42710749720496155,0.0010398175197680287,-0.23935195008924742,-0.14159004546139664,0.004075839373294529,0.006606317185152655,4.0407932794311046e-05,-0.006202424043490904,0.0008717778482377035,-1.247295144847779e-05
-0.9938307312002852,-0.010007326286578593,0.4256831354980988,0.0016867192140355967,-0.23933607299893542,-0.14146867260364573,0.004013598612424446,0.0066147457513103395,4.031743979938338e-05,-0.006224016268774093,0.0008428131207544944,-1.245813662262078e-05
-0.993816726042338,-0.01239486335765984,0.42426014174754234,0.002333305386606169,-0.23931408460328848,-0.1413426009384754,0.003951072365535652,0.006622874802285221,4.0225379916480615e-05,-0.0062525637586712595,0.0008128619915351951,-1.244296591134902e-05
-0.9937962604941545,-0.014782213353813462,0.422838537029257,0.0029795481509805213,-0.23928597670201157,-0.14121448872216924,0.0038883236987757005,0.006630717277155483,4.013184519446075e-05,-0.006274804694955073,0.000784204800934262,-1.2427200440989795e-05
-0.9937693375302031,-0.017169315213381033,0.42141836905414076,0.003625422531424527,-0.23925174664365517,-0.14108164357660208,0.0038254712596480175,0.006638295036842214,4.003695830060322e-05,-0.006285180962531004,0.0007577337368436545,-1.241106696615334e-05
-0.9937359605527458,-0.019556107838527473,0.41999965894452346,0.0042709054118029435,-0.23921141065806012,-0.14094670875910506,0.003762578240041149,0.006645622221167131,3.994080415931001e-05,-0.006289238098046635,0.0007326766790335952,-1.2395078035981732e-05
-0.9936961330205835,-0.02194253029081356,0.4185824542493343,0.004915972556714042,-0.23916496533051199,-0.14080705800445922,0.003699573697057784,0.006652691320898288,3.9843386057308894e-05,-0.006300389526074651,0.0007068687065074454,-1.23790557453361e-05
-0.993649858810416,-0.024328521599113223,0.4171667761510734,0.0055605979020712576,-0.2391124023438016,-0.14066535406199607,0.0036363468845526325,0.006659489236734946,3.974469121967981e-05,-0.006322615560931414,0.0006797508110868943,-1.2362641697089264e-05
-0.993597141887212,-0.026714020695686735,0.41575267210152195,0.0062047546905444236,-0.23905369733576398,-0.14051897941687616,0.003572856466467158,0.006666012456234022,3.9644744625644526e-05,-0.006348975219247424,0.0006522816864951784,-1.2345728340048926e-05
-0.9935379866600345,-0.029098966258455344,0.4143401633019771,0.006848418447961913,-0.23898884794362893,-0.14037053677312705,0.0035091939416834824,0.006672278000938146,3.954364520237531e-05,-0.006366185056343853,0.0006265147439070205,-1.2328294654401301e-05
-0.9934723976169135,-0.031483296911180986,0.41292929701783476,0.007491567950675865,-0.23891785871613994,-0.1402173874898432,0.0034454910055737296,0.006678314409889307,3.944152274353144e-05,-0.00637022544386946,0.0006036017352283743,-1.2311018516615586e-05
-0.993400379626057,-0.03386695133798379,0.41152009448391974,0.008134183284408817,-0.2388407485272743,-0.14006212869790238,0.0033817699132414865,0.006684126557140009,3.9338423283120904e-05,-0.006372040352870073,0.0005811761454673907,-1.229370430366455e-05
-0.9932370767992018,-0.038631986884183366,0.4087068437156796,0.009417721706523106,-0.23866813937218104,-0.13974016742137474,0.0032538648781099814,0.00669503568380206,3.91292722767289e-05,-0.006406402216805379,0.0005331703627098188,-1.2258508559035465e-05
-0.9931458026160171,-0.041013245504703595,0.407302863852423,0.010058598155905598,-0.2385726098477938,-0.13957351088595407,0.0031895666227276143,0.006700124538756518,3.902326103611385e-05,-0.0064297545391050984,0.0005088487017522845,-1.2240312862406712e-05
-0.9930481208017974,-0.04339358273554411,0.40590068447827915,0.01069885022464565,-0.23847092643572515,-0.1394047793838135,0.0031251409590640896,0.006704981154259184,3.8916374383042124e-05,-0.006442494727773184,0.000485625382686069,-1.2221774737818971e-05
-0.9929440374154863,-0.04577293701562494,0.40450031522492774,0.01133845830983533,-0.23836310363305505,-0.13923509637064593,0.003060694268788498,0.006709621597793161,3.880869873270356e-05,-0.006444596809027302,0.00046400883169556644,-1.220252000125719e-05
-0.9928335585024947,-0.048151246937527994,0.4031017980907377,0.011977403665278606,-0.23824914701260622,-0.13906122480338803,0.002996224463450486,0.006714056899306983,3.870029384326733e-05,-0.006446907776961302,0.00044349528849115124,-1.218340605237844e-05
-0.9927166901988669,-0.05052845123281936,0.4017051890801021,0.012615666945834809,-0.23812905117421712,-0.13888179088602426,0.0029316162322811094,0.0067182804116989285,3.8591170646761896e-05,-0.00646074983075668,0.0004223170418069081,-1.2163839215948563e-05
-0.9925934390383616,-0.052904488565886,0.4003105133319029,0.0132532275482223,-0.23800280671903734,-0.1386999024746936,0.0028667781056386935,0.006722280418573657,3.848132640093341e-05,-0.0064837388486552365,0.00039996716136400954,-1.2143809623225411e-05
-0.9924638093326703,-0.05527929812212041,0.3989181500892258,0.013890042957314911,-0.2378702568318677,-0.1384803397842658,0.0028009133787428703,0.006725864872021885,3.837043056236299e-05,-0.0065863981253577635,0.0003584124803208542,-1.2105066094290052e-05
-0.9923278072021992,-0.057652817814089805,0.3975282697717373,0.014526061870562183,-0.23773130493709532,-0.1382440458951157,0.00273377212496207,0.006728955582484555,3.82584006932172e-05,-0.0067140500140819405,0.00030903886121689357,-1.2057994941414195e-05
-0.9921854398612298,-0.06002498431171931,0.39614094894217217,0.015161233245345492,-0.23758584437511884,-0.13800042725658407,0.002665269230673671,0.006731516080785051,3.8145236530089014e-05,-0.006850213269942948,0.0002560183490594736,-1.2007329764734605e-05
-0.9920367148765699,-0.062395733117876724,0.3947562869371323,0.015795504446856286,-0.2374337398691961,-0.13774723272210182,0.002595294150928916,0.00673352905162513,3.80309779972535e-05,-0.006997431053096877,0.00020126633530958857,-1.1955022243504974e-05
-0.9918816405658333,-0.06476499842717111,0.39337434741492366,0.01642882259606628,-0.23727485063877976,-0.13748806839008357,0.002523685708129092,0.006734978524697864,3.7915667685490784e-05,-0.007160766630738713,0.0001449173197355345,-1.1901722717023764e-05
-0.9917202258952815,-0.06713271292186714,0.3919951771454943,0.017061133765498702,-0.23710902033932038,-0.13722464338365561,0.0024503573052600293,0.006735858207857614,3.7799371312096374e-05,-0.007332761960311255,8.79391215080648e-05,-1.1848116456927813e-05
-0.9915524804333553,-0.0694988076431576,0.39061881463789433,0.017692384749270172,-0.2369360988313019,-0.13695776654469613,0.0023753791829394452,0.006736175362954933,3.7682191918517377e-05,-0.007497733303931591,3.168714425627353e-05,-1.179416468504425e-05
-0.9913784143117973,-0.0718632120763043,0.3892452948416706,0.018322523965967397,-0.23675595462330068,-0.13668775641472675,0.0022989057013970515,0.0067359438099774205,3.7564243736105736e-05,-0.007647268707968425,-2.3182800048091306e-05,-1.1740401266627196e-05
-0.9911980382367983,-0.07422585434125416,0.3878746453429416,0.01895150158095458,-0.2365684709607788,-0.13641532034328432,0.0022210551133947922,0.006735179585329361,3.7445637236144174e-05,-0.007784978916621994,-7.644907390540988e-05,-1.1687637545655497e-05
-0.9910113633911235,-0.07658666131794568,0.38650689939710053,0.01957926981994921,-0.23637353275312092,-0.13613987557950988,0.002141888743982283,0.006733907323513772,3.73269654608439e-05,-0.007916557025966822,-0.00012725176624276094,-1.1589340067926173e-05
-0.990818401504158,-0.07894555871250152,0.38514208096818264,0.02020578358865851,-0.23617102564828343,-0.1358623511926001,0.002061400957237622,0.0067321485607887335,3.7208602979196725e-05,-0.008048698985623666,-0.0001759007592391383,-1.1466324555190477e-05
-0.9906191648061539,-0.08130247097741096,0.3837802091443985,0.020831000350400867,-0.23596084123870426,-0.13558320815505934,0.001979697297284451,0.006729931868378467,3.709083720211312e-05,-0.00817028673184255,-0.00022169258331508206,-1.1328393612879992e-05
-0.9904136660459283,-0.08365732142338005,0.38242128993928487,0.021454880025815873,-0.23574289504929036,-0.13530370745280113,0.0018969680097485984,0.006727276029401953,3.697364496367833e-05,-0.008272849904882694,-0.00026560611418776037,-1.120414693180253e-05
-0.9902019183604392,-0.08601003239892688,0.3810653345921048,0.022077384684131084,-0.23551712764489943,-0.13502326049445365,0.001813485062702287,0.0067242108254345805,3.685718776083225e-05,-0.008348216383943423,-0.0003065414744518901,-1.1076772405802205e-05
-0.9899839353231759,-0.0883605256797576,0.3797123455299285,0.02269847849952866,-0.23528349535898746,-0.13474272739855106,0.0017293314249301947,0.0067207474183225676,3.674139652032471e-05,-0.008415285942342022,-0.0003463606790008136,-1.096533378445066e-05
-0.9897597307861938,-0.09070872248347753,0.37836234161810983,0.023318127776640257,-0.23504194796846642,-0.1344604487032342,0.001644564055625347,0.006716922412186944,3.6626677562139694e-05,-0.008476659858366155,-0.00038251942169066345,-1.082636233019308e-05
-0.9895293189724129,-0.0930545435418585,0.37701533666449766,0.02393630363891546,-0.23479244258879786,-0.13417692104301968,0.00155921208099807,0.006712769393182173,3.6513262307503064e-05,-0.008535121311885692,-0.0004153195354511384,-1.067598835875882e-05
-0.9892927143763302,-0.09539790901826614,0.37567135125437967,0.024552981955841498,-0.23453495477876696,-0.1338914067413027,0.0014735185387914733,0.006708343076975938,3.640152724103241e-05,-0.008569279246021579,-0.0004426480548751287,-1.0502051254386705e-05
-0.9890499317915177,-0.09773873878787631,0.3743303985797174,0.025168144596525544,-0.23426950415238834,-0.13360456061233758,0.0013878321032447713,0.006703692477538537,3.629156774203019e-05,-0.008568569821429945,-0.00046507519949321775,-1.033034185251516e-05
-0.9888009862341375,-0.10007695283607508,0.37299248875800745,0.025781777510061155,-0.23399614286304496,-0.13331661652342439,0.0013024558111130924,0.006698861912756949,3.618337124392014e-05,-0.008537556713423893,-0.0004830705952309397,-1.0169616786576894e-05
-0.9885458928868207,-0.10241247162336478,0.3716576304894826,0.026393870284089738,-0.23371493381378552,-0.13302768700770823,0.0012175041416901393,0.006693889594548716,3.607688029281913e-05,-0.008495095637594787,-0.0004972448439249774,-1.0022345934758117e-05
-0.9882846670505268,-0.10474521619499132,0.37032583256747204,0.027004415660449494,-0.23342593149750182,-0.13273776715796468,0.0011329482887947988,0.006688809208411009,3.5972028730743486e-05,-0.008455515135251734,-0.0005080505855374596,-9.887854084818877e-06
-0.9880173241081803,-0.10707510808912485,0.368997104337971,0.02761340942161131,-0.23312918620639655,-0.13244679727839356,0.0010487971599232255,0.0066836525494782225,3.5868737350793896e-05,-0.008415043829636478,-0.0005156768544348424,-9.766375226909937e-06
-0.9877438794924722,-0.10940206929093942,0.3676714558531841,0.02822085054464403,-0.23282476560917814,-0.13215466352666805,0.0009652259627872232,0.006678452268059359,3.576691903506762e-05,-0.00835705169361979,-0.0005200381316603771,-9.65792491642885e-06
-0.9874643486572248,-0.11172602242587307,0.36634889720059377,0.028826741381285572,-0.23251276940574628,-0.13186129664251048,0.0008825072099854586,0.006673241754667345,3.566646312926622e-05,-0.008271808222565204,-0.0005210603978589367,-9.563980597986327e-06
-0.9871787470457263,-0.11404689110478936,0.3650294380412004,0.029431087481330137,-0.23219331934516144,-0.1315666953558706,0.0008008208370930958,0.0066680525920921494,3.5567238853416124e-05,-0.008168571105255748,-0.0005189244253172648,-9.485450223938277e-06
-0.9868870900530163,-0.11636460015403471,0.3637130885682789,0.030033897283766084,-0.23186653383125144,-0.13127080877004857,0.0007201483660299213,0.006662914591629721,3.546898185653177e-05,-0.008067181618137433,-0.0005138073702140784,-9.434741598561062e-06
-0.9865893929937668,-0.11867907557102664,0.3623998597132862,0.030635181803332297,-0.23153251364794666,-0.13097358880725696,0.0006403705635450887,0.006657853957096722,3.537138115557608e-05,-0.0079777152473776,-0.0005060699758446156,-9.415596936485504e-06
-0.9862856710754152,-0.12099024433577789,0.361089763258778,0.03123495424395594,-0.23119135203865535,-0.13067495630592774,0.000561453553887167,0.0066528939528491425,3.5274152081607915e-05,-0.007891636260780809,-0.0004960061780758855,-9.424637697892875e-06
-0.9859759393760834,-0.12329803433905917,0.3597828118353344,0.03183322996079375,-0.23084315629845562,-0.1303747948838387,0.00048352586520948143,0.006648057685603879,3.517705247488677e-05,-0.007792704296329423,-0.00048363173212270197,-9.45705464932819e-06
-0.9856602128245717,-0.12560237454591225,0.3584790185577761,0.032430026647566015,-0.23048805636449748,-0.13007301331755194,0.0004067653191544174,0.006643369223926278,3.5079837441122796e-05,-0.007675990003425105,-0.0004688504490425289,-9.512582945399792e-06
-0.9853385061780241,-0.12790319524269808,0.3571783967260845,0.03302536433511273,-0.23012619006474008,-0.12976958002343592,0.000331221715252627,0.00663885209235584,3.498222780603154e-05,-0.007554295570609283,-0.00045171672826765675,-9.594068379005839e-06
-0.9850108339895082,-0.13020042811310162,0.3558809608753549,0.033619264763738575,-0.22975767997506336,-0.12946439910916596,0.0002567690252950625,0.006634523793346657,3.488404937465538e-05,-0.0074452038417127265,-0.0004328327688503414,-9.690376519181546e-06
-0.9846772105939757,-0.13249400606876635,0.35458672630869087,0.034211750709947655,-0.22938262655456856,-0.12915743095674567,0.00018323963458283875,0.0066303968770482155,3.478519763972096e-05,-0.007352873511994704,-0.0004126937948691912,-9.794161894821716e-06
-0.9843376500988681,-0.13478386301633846,0.35329570882343986,0.03480284583280909,-0.22900112297193734,-0.12884863512504965,0.00011058841298873977,0.006626482234223195,3.468560458793264e-05,-0.007265056148436388,-0.00039146574166565155,-9.90157469893753e-06
-0.9839921663745359,-0.1370699337927192,0.3520079247701485,0.0353925748976933,-0.2286132745910896,-0.1285379320899873,3.8914996608142034e-05,0.006622792382915623,3.4585231097150546e-05,-0.007167275147817121,-0.0003689858802559494,-1.0009546541227484e-05
-0.9836407730984741,-0.13935215432042902,0.3507233814004992,0.03598096354701505,-0.22821920497714868,-0.12822620302629917,-3.1659041044765205e-05,0.006619331504060665,3.448404386783488e-05,-0.007057336772018054,-0.000346087922419139,-1.0117245544841702e-05
-0.9832834836647798,-0.14163046176600982,0.3494420913719436,0.03656803731508838,-0.22781903512215876,-0.12791291106013242,-0.00010115398081010991,0.00661610735381192,3.438202240525601e-05,-0.006949426464882585,-0.0003224143468841519,-1.0223333301775699e-05
-0.9829203111912543,-0.14390479453100047,0.3481640700651732,0.037153822487921866,-0.2274128672899528,-0.12759781967360068,-0.00016973076604642618,0.0066131252855967364,3.427915004975335e-05,-0.006857610480699106,-0.00029820542566170603,-1.0327400252891145e-05
-0.9825512685819324,-0.14617509204942222,0.3468893242554776,0.03773834526970519,-0.22700078751147088,-0.12728181824327128,-0.00023751876098524572,0.006610380335261314,3.4175409099083864e-05,-0.006778730906025238,-0.00027449291563289463,-1.0429762091407106e-05
-0.9821763684457798,-0.14844129459205896,0.345617866970658,0.03832163095688625,-0.22658287688170334,-0.12696428450327105,-0.0003045350268830543,0.006607873707313901,3.407077801907401e-05,-0.006701557440782579,-0.00025065994995423954,-1.0530815464104824e-05
-0.9817956231188181,-0.1507033432476891,0.34434971395238434,0.03890370577924473,-0.22615922804288588,-0.12664492595310087,-0.00037069105356372407,0.006605613031942001,3.39652711490824e-05,-0.006615532965305447,-0.00022606396245818312,-1.0626779487836209e-05
-0.9814090446649159,-0.15296118005830808,0.3430848822687914,0.039484597107621235,-0.22572994388252426,-0.1263235945828057,-0.0004359234161478898,0.006603608491041457,3.38589370573187e-05,-0.0065231660317115765,-0.00020044978542141584,-1.071402098137024e-05
-0.9810166448668148,-0.15521474812638947,0.341823389893811,0.04006433302383705,-0.22529512155171308,-0.12600021403136102,-0.0005002987275224491,0.006601866683829604,3.3751814108308384e-05,-0.006437460409720862,-0.0001741756877574253,-1.0793596147558312e-05
-0.9806184352222383,-0.1574639915419574,0.34056525525896664,0.04064294160945543,-0.22485483914326396,-0.12567477408067995,-0.0005639778133205517,0.006600388846845475,3.364394631016497e-05,-0.006367837377567418,-0.00014777793763082363,-1.0865184635085118e-05
-0.9802144269442894,-0.1597088551715239,0.33931049738005753,0.04122045072220826,-0.22440915881825055,-0.12534724276028267,-0.0006270819756661979,0.00659917543763574,3.35353749274778e-05,-0.006310344582431533,-0.00012133443390753188,-1.0929162038514837e-05
-0.9798046310302794,-0.16194928451083734,0.3380591246884499,0.04179688838936268,-0.22395814693976204,-0.1250186699227224,-0.000689576278960929,0.006598224333843764,3.3426106269001494e-05,-0.006249358228921753,-9.510316531665212e-05,-1.0989239521105386e-05
-0.9793890581638719,-0.16418522570705962,0.33681115195078565,0.04237228235983676,-0.2235018802300427,-0.12468840027591536,-0.0007513681734602027,0.006597542287217385,3.3316159847166425e-05,-0.006179116911053548,-6.819672380746485e-05,-1.1043539587300869e-05
-0.9789677187268558,-0.16641662570199753,0.3355665969584354,0.04294666150868479,-0.223040441586364,-0.12435612392639722,-0.0008124287047453975,0.00659713710574229,3.3205562926074595e-05,-0.006105980166400051,-4.050948777563646e-05,-1.1091129121650017e-05
-0.978540622797838,-0.16864343229148418,0.3343254792103544,0.043520055075000744,-0.22257390450474349,-0.1240216903668345,-0.0008728519010379007,0.006597011585489132,3.309435077739085e-05,-0.0060422462641395005,-1.254264988665129e-05,-1.1131545761947476e-05
-0.9781077801547549,-0.17086559401140664,0.33308781917267005,0.04409249198697317,-0.22210232477465805,-0.1236850346666016,-0.000932783533107478,0.006597164153589127,3.2982568768308205e-05,-0.005993089465712729,1.5266895445319397e-05,-1.11641789957788e-05
-0.977669200281476,-0.17308305994449483,0.3318536379797079,0.04466400096230988,-0.22162574792322967,-0.12334610550253522,-0.0009922974105782414,0.006597595265107332,3.2870246772404576e-05,-0.005951313646284754,4.312194307850837e-05,-1.1190453727985316e-05
-0.9772248923714281,-0.17529577962189102,0.3306229572753882,0.045234611333865145,-0.22114422421350274,-0.12300484092508589,-0.0010513495838886293,0.00659831251345129,3.275741320889936e-05,-0.0059051428862300775,7.173632632793271e-05,-1.120981475829239e-05
-0.9767748653218606,-0.17750370309121935,0.32939579893677623,0.045804353709158384,-0.2206578152973421,-0.12266119813238126,-0.0011098580601515606,0.006599327830621096,3.264408550451394e-05,-0.00585077284559077,0.00010154390371070093,-1.1222801548157233e-05
-0.9763191277185981,-0.1797067810430071,0.32817218523962155,0.0463732596456632,-0.2201665855823267,-0.12231513572861749,-0.0011678208994327602,0.006600649510660433,3.253028192347604e-05,-0.00579620882005336,0.000132180878397383,-1.1229584757996643e-05
-0.9758576878267907,-0.18190496482847843,0.32695213875148166,0.04694136065567514,-0.21967058825428493,-0.12196664680410468,-0.0012253426408046857,0.0066022774309095035,3.2416021535959704e-05,-0.005752098710747486,0.0001628055803179438,-1.123098768506723e-05
-0.9753905535922858,-0.18409820632491428,0.3257356824306191,0.04750868756702643,-0.21916986104087668,-0.12161571843306844,-0.0012825455250839903,0.006604207535705565,3.2301328901354205e-05,-0.005720212695712848,0.00019302470944047544,-1.122698011777433e-05
-0.9749177326494487,-0.1862864577688286,0.3245228397045487,0.04807527103339693,-0.2186644361955196,-0.12126230946986184,-0.0013394608992362241,0.006606441195402587,3.2186221909802714e-05,-0.00569146138541383,0.00022338086806735288,-1.1217604741377905e-05
-0.9744392323232978,-0.18846967171264595,0.3233136343328704,0.04864114269724053,-0.2181543541144429,-0.12090636953040652,-0.001396017190385031,0.006608989012563456,3.207069712475331e-05,-0.005655552781456939,0.0002547972783037305,-1.120374071099639e-05
-0.9739550596980862,-0.1906478011666507,0.3221080768716932,0.049206335813703,-0.2176396694536469,-0.12054919830496949,-0.001452125150438196,0.006611857751357132,3.195473465528268e-05,-0.005610719351244846,0.0002868901021082125,-1.1187453146477816e-05
-0.9734652214008174,-0.1928207996294104,0.32090619918344815,0.04977088277704938,-0.2171204309154643,-0.12018866938260357,-0.0015078101308418717,0.006615056860119875,3.183833545065632e-05,-0.005568421062250497,0.00031992775236990635,-1.116619559640437e-05
-0.9729697237412547,-0.1949886211384179,0.3197080292844303,0.0503348171015357,-0.2165966786257359,-0.11982519067481262,-0.0015631827166719763,0.006618583422210215,3.1721513418513165e-05,-0.0055371812859517505,0.00035267373101361305,-1.1140431576067555e-05
-0.9724685727048756,-0.19715122011672848,0.3185135936058961,0.05089817120617255,-0.2160684397174424,-0.11945894043574616,-0.0016183375177776596,0.006622431941259146,3.160428099261682e-05,-0.005515402498714506,0.0003848700665515254,-1.1110764037641575e-05
-0.971961773957884,-0.19930855123789895,0.3173229179263147,0.05146097745617931,-0.2155357403543814,-0.11908998082055251,-0.001673266016787051,0.0066266058119407575,3.1486633849536866e-05,-0.005492771967318211,0.00041740586499289044,-1.1077504173023103e-05
-0.971449332842978,-0.20146056943347274,0.3161360277931775,0.05202326954277185,-0.21499861730531838,-0.11871831353053366,-0.0017278770275339984,0.006631118449358422,3.136854058170989e-05,-0.005461022794226166,0.0004512831715750508,-1.1041644352258578e-05
-0.970931254360609,-0.2036072300213241,0.31495294885774044,0.052585082671208275,-0.2144571170076362,-0.11834391261601059,-0.0017821053907900828,0.006635982302950678,3.124996173184364e-05,-0.005422757667636849,0.0004864054203887353,-1.100400424230141e-05
-0.9704075431523149,-0.20574848880374536,0.3137737068738347,0.05314645225359211,-0.21391128348144872,-0.11796677501790648,-0.0018359887321071089,0.006641197660539156,3.1130883839620335e-05,-0.005388255082658167,0.0005215564468995904,-1.0964025132008867e-05
-0.9698782035005957,-0.20788430202165498,0.3125983276949859,0.05370741243844794,-0.2133611484211404,-0.11758691262673868,-0.0018896310031019795,0.006646753983235868,3.101130851785605e-05,-0.005364147655803019,0.0005556535799383438,-1.0922210841879512e-05
-0.9693432394315364,-0.21001462626299383,0.31142682279889555,0.05426799640997799,-0.21280673694273944,-0.11720577535800576,-0.0019430914502702873,0.006652637795629435,3.08912393587503e-05,-0.00534596487635299,0.0005884031682367823,-1.0879078101535193e-05
-0.9688026545982719,-0.2121394182906755,0.31025921177067084,0.054828236065306714,-0.21224807380627334,-0.1168225408744709,-0.0019963216457986443,0.006658852572192408,3.0770653517504806e-05,-0.005322939295821888,0.0006215002022631834,-1.0834165829057183e-05
-0.9682564523023578,-0.21425863512099136,0.3090955181350608,0.0553881651989026,-0.21168519682965675,-0.11643679227048073,-0.0020492218406549232,0.006665412817346539,3.064949855334066e-05,-0.005289938772413816,0.0006560476798722983,-1.0788215820991518e-05
-0.9677046354875775,-0.21637223417339393,0.3079357670987061,0.05594781903002099,-0.21111815132646405,-0.1160483515757588,-0.002101752033993258,0.0066723273248404,3.052773328069035e-05,-0.005252938131964949,0.0006914745320083328,-1.0741134308089462e-05
-0.9671472067320862,-0.21848017333592748,0.30677998470875584,0.05650723221998214,-0.21054697688195517,-0.1156571479235458,-0.002153976483748509,0.006679588630714937,3.0405355907881055e-05,-0.005222363278699111,0.0007261549834597296,-1.069233071463524e-05
-0.9665841682613902,-0.22058241088161287,0.305628197356697,0.057066437448728934,-0.20997170064792395,-0.11526316786939098,-0.002205994800864319,0.006687180410086437,3.0282376374463147e-05,-0.00520174952141476,0.0007592029422178816,-1.0642653772846422e-05
-0.9660155220626763,-0.22267890538838606,0.3044804167564075,0.05762546651119008,-0.20939234649636249,-0.11486788526190375,-0.0022578373141729385,0.006695090436567569,3.0158797943759104e-05,-0.005184168644638492,0.0007910282592423143,-1.0592085611381084e-05
-0.9654412697626388,-0.22476961559624847,0.30333666291945055,0.05818435037314829,-0.20880894122485288,-0.11447045297950216,-0.0023094281038230613,0.0067033264980418845,3.003457638459172e-05,-0.005158995748166889,0.0008236323671473154,-1.0541032479203783e-05
-0.964861412552736,-0.22685450046929112,0.30219697465356715,0.0587431216111581,-0.20822152203905078,-0.11406897051443254,-0.0023606765327728032,0.00671190713855317,2.9909643176361987e-05,-0.005124759096315258,0.0008580908840073254,-1.0489383087062514e-05
-0.9642759513180779,-0.22893351942603846,0.30106138426281137,0.0593018151967841,-0.20763013427808164,-0.11366408495133237,-0.0024115714309996235,0.006720836660413305,2.9783958162750957e-05,-0.005089405409685884,0.0008929796335567342,-1.043748950235638e-05
-0.9636848866077797,-0.2310066323473806,0.2999299212134919,0.05986046437343311,-0.20703481424505205,-0.11325609731587738,-0.0024621949943148896,0.006730099644309871,2.9657532601883865e-05,-0.005062271306140385,0.0009263264473016922,-1.0384953868694468e-05
-0.9630882186442214,-0.23307379945735282,0.2988026139881134,0.0604190997079535,-0.20643558617158914,-0.11284512461446426,-0.0025126354966779375,0.0067396759522933775,2.9530385627997505e-05,-0.0050439646059611785,0.0009576594621029613,-1.0332346707462905e-05
-0.9624859473470879,-0.23513498119459433,0.297679490774237,0.06097775058127729,-0.20583247132142823,-0.11243119634750111,-0.0025628959320106257,0.006749560136031237,2.9402503345527894e-05,-0.005025957283265788,0.0009884476440291425,-1.027952463724852e-05
-0.9618780723402166,-0.23719013820208967,0.2965605797468212,0.06153644756935233,-0.20522549944995208,-0.11201429535174592,-0.0026128949496342143,0.00675976518906442,2.9273824653729397e-05,-0.004999814845945744,0.0010205351862854265,-1.0226574470722204e-05
-0.9612645929332664,-0.23923923144085485,0.29544590904711787,0.062095223171147525,-0.20461471052188324,-0.11159440857047927,-0.002662560281455332,0.006770305021771752,2.9144279865245742e-05,-0.004966445546296954,0.0010540137740345712,-1.0174019796653618e-05
-0.9606455080991593,-0.24128222229644683,0.29433550694678295,0.0626541099344721,-0.20400014476586265,-0.11117152678023073,-0.002711912347931196,0.0067811749631717065,2.9013850053631897e-05,-0.004935118273415109,0.0010870252643431103,-1.0121628056447929e-05
-0.9600208164786573,-0.24331907255840443,0.2932294016843597,0.06321313797808949,-0.20338183202650956,-0.11074567353955074,-0.0027610466497889233,0.00679235153404788,2.8882574808029048e-05,-0.00491334109404388,0.0011176888256114721,-1.0068731196438962e-05
-0.9593905164088208,-0.245349744288358,0.29212762186399593,0.06377233451592179,-0.2027597915920414,-0.11031682790143686,-0.002810037261996335,0.0068038128410940766,2.8750483449482362e-05,-0.0048989714256213275,0.0011461630521292538,-1.0016188354842394e-05
-0.9587546059539637,-0.2473741997150486,0.29103019637255806,0.06433172604679949,-0.20213404256813544,-0.10988495695050858,-0.00285886536426967,0.006815557862393825,2.8617552648593965e-05,-0.004882719707310408,0.00117453508996368,-9.963653836374322e-06
-0.9581130829089758,-0.2493924012599603,0.2899371540494571,0.06489134079375541,-0.20150461341039905,-0.10945004703771184,-0.0029074489815696042,0.006827602349499033,2.848371189832239e-05,-0.004858270431117237,0.0012044822922876234,-9.911097869568812e-06
-0.9574659447758633,-0.25140431165587157,0.2888485236545736,0.06545120863950671,-0.20087154030233567,-0.10901209564025188,-0.0029557425617573537,0.006839955860382682,2.8348907088126553e-05,-0.00482926589780091,0.001235385298625655,-9.85856348534081e-06
-0.9568131887471345,-0.25340989401982683,0.2877643338216519,0.06601135857842991,-0.2002348561735878,-0.10857112584099608,-0.0030037968083208326,0.006852604370959968,2.8213149725510597e-05,-0.0048053317147054705,0.0012648858943506867,-9.806398579311856e-06
-0.9561548117207104,-0.2554091117903489,0.28668461318353355,0.06657181631361231,-0.1995945821765113,-0.10812715954477646,-0.0030517143918906992,0.006865517811872294,2.8076501147557274e-05,-0.004791664630544007,0.0012913795453673225,-9.754605392763348e-06
-0.9554908103402976,-0.25740192858853805,0.2856093902829849,0.0671326046423118,-0.19895073065115979,-0.10768021763212486,-0.0030995522356655086,0.006878675600459284,2.7939001336184274e-05,-0.004783689887936811,0.0013158149246155137,-9.702744521563215e-06
-0.954821181022745,-0.25938830813761515,0.28453869365290385,0.06769374623636822,-0.19830331603306373,-0.10723029267246148,-0.003147273844917608,0.006892081711931312,2.7800621716950408e-05,-0.004772065647260701,0.0013406478288796755,-9.650290880857965e-06
-0.9541459199510541,-0.2613682143148395,0.2834725518529584,0.06825526578592217,-0.19765236205338793,-0.1067773651044118,-0.003194803761370874,0.006905752803792671,2.7661282241488114e-05,-0.00475289551783247,0.001367146497037129,-9.598396890367556e-06
-0.9534650230483952,-0.2633416112647704,0.28241099339588194,0.06881718912398488,-0.1969978973763327,-0.10632143541522876,-0.003242125126921961,0.006919691703532586,2.7520948481239378e-05,-0.004732039547933663,0.0013939279198615314,-9.546790475627391e-06
-0.9527784859694216,-0.26530846343436415,0.281354046711915,0.0693795401576001,-0.19633994436829033,-0.10586252764257706,-0.0032893132849694073,0.006933874702785446,2.7379674525585106e-05,-0.004718717948996329,0.0014183384975999494,-9.495220246380686e-06
-0.9520863041286295,-0.2672687354768974,0.2803017401914672,0.06994233886430828,-0.1956785131428931,-0.10540066732589506,-0.0033364700748963576,0.006948267605947056,2.7237545727595604e-05,-0.004715580341751145,0.0014393295028178894,-9.444255241462194e-06
-0.9513884727456513,-0.26922239211386584,0.279254102176902,0.07050560258475472,-0.19501360711659443,-0.10493586651645082,-0.003383631305080056,0.006962853639696534,2.709460265201984e-05,-0.004716023595122763,0.0014586431699599742,-9.392909040469534e-06
-0.950684986867577,-0.2711693980858731,0.2782111609020244,0.07106934923585778,-0.1943452339482625,-0.10446812444970786,-0.0034307455921153375,0.006977642237352983,2.6950798039639225e-05,-0.00471132846983092,0.0014789001777546682,-9.341284279331159e-06
-0.9499758413528229,-0.2731097182277073,0.27717294458259994,0.0716335989145768,-0.19367341013224468,-0.10399742839377915,-0.003477748136798223,0.006992649083210116,2.6806056526701282e-05,-0.004700153365920988,0.0015007256291873102,-9.289987119349797e-06
-0.9492610308448264,-0.2750433175693002,0.27613948136651567,0.07219837211481947,-0.19299815429290268,-0.10352378690428386,-0.003524649725915622,0.007007868284004448,2.6660382359783245e-05,-0.00469005693774725,0.0015219617538123717,-9.238436414583911e-06
-0.9485405497746089,-0.2769701613330152,0.2751107993094392,0.07276368637315757,-0.1923194763936281,-0.10304722855890462,-0.003571542642862669,0.007023267482175071,2.6513869657302225e-05,-0.004689188909425966,0.0015399621072388339,-9.187045314680482e-06
-0.9478143924013323,-0.2788902148137218,0.274086926364288,0.07332955498347546,-0.19163737457627436,-0.10256778297758849,-0.003618519154723317,0.007038811838686348,2.6366623968690364e-05,-0.004697547658754042,0.001554478540501133,-9.13587759897115e-06
-0.9470825528581023,-0.28080344325304013,0.2730678904081163,0.07389598920312218,-0.19095184285112973,-0.10208545964863887,-0.0036655906348764225,0.007054490983278898,2.6218669263409498e-05,-0.004707043758519167,0.0015679579453408716,-9.084587163983026e-06
-0.9463450251642507,-0.2827098118243128,0.2720537192558319,0.07446300157426146,-0.19026288140770625,-0.10160025050949657,-0.0037126931176891314,0.007070319205243601,2.606994450242603e-05,-0.004710143247563858,0.0015828662912148869,-9.032761595889243e-06
-0.945601803202142,-0.2846092857278113,0.2710444406068196,0.0750306067385367,-0.18957049855271718,-0.10111215552428475,-0.0037597750888860135,0.007086308540180662,2.5920392520955076e-05,-0.00470809126385677,0.0015989782086767881,-8.980743175332128e-06
-0.9448528806941051,-0.2865018302735813,0.270040082106936,0.0755988187998343,-0.1888747021063414,-0.1006211869880102,-0.00380687141639366,0.007102443444971277,2.5770058220639897e-05,-0.004709526099724663,0.0016135358069399345,-8.928602645593156e-06
-0.9440982512183433,-0.28838741084477915,0.269040671286533,0.07616764805489527,-0.18817548968794373,-0.10012737743268492,-0.003854082660901095,0.007118685509787377,2.5619072214548387e-05,-0.00472101709295187,0.0016242523997232585,-8.876637735772348e-06
-0.9433379082578592,-0.2902659927642283,0.26804623556305496,0.07673710063286146,-0.18747284834235492,-0.09963075357814062,-0.0039014835810301306,0.007135002874723691,2.5467551746124583e-05,-0.0047399840284282424,0.001631782980478001,-8.824043752162289e-06
-0.9425718452423052,-0.29213754119114194,0.2670568022445195,0.07730718145412137,-0.1867667639034584,-0.09913132247557246,-0.0039490584885478,0.007151393096395206,2.531550529685871e-05,-0.004757382143798947,0.001639069221520546,-8.770550172030539e-06
-0.9418000555484102,-0.2940020211434473,0.266072398561673,0.0778778973368012,-0.186057230170531,-0.0986290756176783,-0.003996733389676882,0.007167873588989028,2.5162858931463102e-05,-0.004767380825543701,0.001648096896679056,-8.716613858455037e-06
-0.9410225324711278,-0.29585939760754404,0.2650930516517537,0.0784492568385154,-0.18534424808048802,-0.09812401416329777,-0.0040444718309934945,0.007184450338354553,2.500958032127537e-05,-0.0047737341382988975,0.0016577231642049852,-8.66250824510119e-06
-0.9402392692087902,-0.29770963560031216,0.26411878854873283,0.07902126699343866,-0.184627815725197,-0.09761615974046368,-0.004092329225872804,0.0072010985786539325,2.485576111933792e-05,-0.0047856288511156485,0.0016648728305066643,-8.608242723974254e-06
-0.9394502588916477,-0.2995527001016636,0.26314963614855497,0.07959393044666668,-0.18390792012918505,-0.09710554703263258,-0.0041404065104330015,0.007217776967954938,2.4701569199746936e-05,-0.0048076172942036885,0.0016678882695433386,-8.553241425641974e-06
-0.93865549463508,-0.30138855591714364,0.2621856212540345,0.08016724610644889,-0.18318453968925244,-0.09659219547463961,-0.004188754026056915,0.007234460014446041,2.454711016107826e-05,-0.004834639950372765,0.001668354506186612,-8.497598122946559e-06
-0.9378549695726078,-0.3032171676062386,0.2612267705678898,0.08074121264195322,-0.18245765474353323,-0.0960761054644041,-0.004237328356654029,0.00725115348827354,2.4392359698493663e-05,-0.004857320978877045,0.001669397763186334,-8.441494550649948e-06
-0.9370486768446137,-0.30503849954310097,0.26027311066079817,0.08131583103445597,-0.1817272550765632,-0.09555727310866062,-0.004286049722597866,0.007267875437044145,2.4237243175647504e-05,-0.004872023989272345,0.0016722457963189768,-8.38474968745152e-06
-0.9362366094716895,-0.3068525159522414,0.25932468252979846,0.08189110230646386,-0.1809933337856692,-0.09503425273491842,-0.004334905708491639,0.007284623044207601,2.4081765429428504e-05,-0.004885485461865444,0.001674812174554657,-8.328222219405135e-06
-0.935418760500085,-0.30865918106353024,0.2583815190477069,0.0824670265325703,-0.1802558819263108,-0.09450787137791196,-0.004383967647371055,0.007301364124546061,2.3926066436437736e-05,-0.004906080338755235,0.0016741600004320867,-8.271192444387007e-06
-0.9345951230120103,-0.31045845899807095,0.2574436492857908,0.08304359893635724,-0.17951487889247839,-0.09397852845173256,-0.004433329852565888,0.00731805819022682,2.377032626980679e-05,-0.004936106679935936,0.0016694590035152524,-8.21364590950842e-06
-0.9337656901647975,-0.31225031362621597,0.25651110054685367,0.08362081155123466,-0.1787702973486516,-0.09344640565972862,-0.0044830178490869975,0.007334687274577191,2.3614629616151226e-05,-0.004968685584981699,0.0016629613203843385,-8.155582448378577e-06
-0.9329304552074376,-0.3140347085230921,0.2555838992520474,0.08419865690021054,-0.17802211432425247,-0.09291157741942027,-0.004532966910261458,0.007351262950390638,2.345893351145444e-05,-0.004994791792249863,0.001657620924943468,-8.096755808247234e-06
-0.9320894114576468,-0.31581160705563616,0.2546620713690253,0.08477712985959222,-0.17727031697130044,-0.09237407251511585,-0.004583097428171813,0.007367801039204387,2.3303167014652295e-05,-0.005012937156268542,0.001653862699180416,-8.037978063787329e-06
-0.931242552272568,-0.3175809724981024,0.25374564263110294,0.08535622574651122,-0.17651489687170654,-0.09183391371950939,-0.004633406517479807,0.007384292359378855,2.3147373620418123e-05,-0.005030794018967177,0.0016491862988788771,-7.979161231084449e-06
-0.9303898710550763,-0.3193427680437335,0.252834638515262,0.08593593679632745,-0.17575583914689694,-0.09129114303253269,-0.00468397464674848,0.007400700467425772,2.299173082479436e-05,-0.005056697870111975,0.00164086550661933,-7.91968319441757e-06
-0.9295313612987793,-0.3210969566950983,0.2519290843503911,0.08651625079274232,-0.17499311826404781,-0.09074579123289034,-0.004734881316098338,0.007416989424146823,2.2836417548636315e-05,-0.005090551867939601,0.0016289507506891453,-7.859590627377468e-06
-0.9286670166350657,-0.32284350114974314,0.25102900531000694,0.08709715340588825,-0.17422670515188876,-0.09019787229921675,-0.004786120378563072,0.007433151042313386,2.2681480316207535e-05,-0.005123791206668236,0.0016162172598005137,-7.799409955351099e-06
-0.9277968306863332,-0.32458236368606913,0.2501344470822198,0.08767862863522981,-0.17345657401585698,-0.08964532501161171,-0.004837633273165187,0.007449166336009316,2.2527037807325026e-05,-0.005151174539289373,0.0016015851426502252,-7.737312198044286e-06
-0.9269207974451201,-0.32631350653654595,0.2492454262072597,0.08826066399735905,-0.1726827149599494,-0.08909104551316911,-0.004889332675954694,0.007465066146812143,2.2372945863272497e-05,-0.0051698253730133635,0.0015900372165778007,-7.675768304294878e-06
-0.9260389107670666,-0.32803689164309474,0.24836199315277846,0.08884324407912735,-0.17190511298495822,-0.08853165034410965,-0.004941255731024699,0.007480807191404866,2.221944264492885e-05,-0.005192190797251774,0.0015741608935368548,-7.612552425139583e-06
-0.9251511648540878,-0.3297524809942841,0.24748417039638776,0.08942635079716224,-0.17112375123026682,-0.08796995932480184,-0.004993501566646458,0.007496338714641595,2.2066802211485146e-05,-0.005224469258530447,0.001553208982217976,-7.548363078977632e-06
-0.9242575540300464,-0.3314602362250286,0.24661199457696736,0.09000995849709845,-0.1703385963346562,-0.08740457024492011,-0.005046139386321331,0.007511625583382225,2.191522370507262e-05,-0.005263668225529451,0.0015287437015071485,-7.4835314615539275e-06
-0.9233580730594377,-0.33316011875204815,0.2457454780272512,0.09059404452427057,-0.16954962035715013,-0.08683789993047215,-0.005099111420488229,0.007526700868755136,2.1764597528871977e-05,-0.005297090160716631,0.0015075855469137167,-7.414903275732023e-06
-0.9224527167593746,-0.33485208956287915,0.24488465528823747,0.09117858708176693,-0.16875680032128915,-0.08626771140354786,-0.005152328110042612,0.007541563456770463,2.1614922605266073e-05,-0.005321556190695395,0.0014863159945460193,-7.348758193247424e-06
-0.9215414803360954,-0.33653610961129177,0.24402953804883692,0.09176356750876606,-0.16796012871358443,-0.0856962729495426,-0.005205710384141872,0.007556245790811687,2.1466089579651047e-05,-0.005338115059629111,0.0014682907924305115,-7.278703834627353e-06
-0.9206243590010831,-0.33821213965978275,0.24318015976248564,0.09234896510996955,-0.16715959344906825,-0.08512142127634195,-0.00525931562183689,0.007570701395658608,2.1318330202580704e-05,-0.005360412014436464,0.0014456180088645543,-7.211433287228496e-06
-0.9197013483612626,-0.3398801404721595,0.2423365317892085,0.09293475642089549,-0.16635517711498532,-0.08454537942489335,-0.0053132235442684295,0.007584919387294295,2.117175182295047e-05,-0.005390681171205587,0.0014218567810154036,-7.1412336539058114e-06
-0.9187724441061496,-0.3415400724320181,0.24149868649483625,0.09352091397233636,-0.16554684911884504,-0.08396605882671221,-0.005367488473140726,0.007598856686705398,2.1026574709397146e-05,-0.005426382672779264,0.0013937875946664362,-7.0741072842694246e-06
-0.9178376423894936,-0.34319189572389563,0.24066663455711337,0.09410741118620038,-0.16473458584330936,-0.08338561043769642,-0.005422027775321288,0.0076125490503287045,2.088263924078151e-05,-0.0054538207474228665,0.0013692940852636434,-7.006257952534732e-06
-0.9168969394582328,-0.34483557017635746,0.2398404070569763,0.09469422331699477,-0.16391837142407809,-0.08280197766647489,-0.0054767460848892825,0.007625993394225804,2.073996169405964e-05,-0.005471722249323476,0.001344492176117282,-6.940821760859558e-06
-0.9159503319641648,-0.3464710556541186,0.23902001466168166,0.09528132798907009,-0.16309820345656606,-0.08221719009056058,-0.005531589506439458,0.007639216709426773,2.0598499324110984e-05,-0.005484234184800582,0.0013223893506777331,-6.867312846348617e-06
-0.9149978167550485,-0.3480983119928085,0.23820547006183423,0.09586870355532796,-0.16227407596432789,-0.08163105508316185,-0.005586614348292983,0.007652208428212186,2.045824913554733e-05,-0.005502376956522527,0.0012992297683785616,-6.802200531220995e-06
-0.9140393908835104,-0.34971729890665,0.23739678946935816,0.0964563253551258,-0.16144597226136284,-0.08104323617847993,-0.005641907822850231,0.007664945846946081,2.0319323504072726e-05,-0.005529241060906925,0.0012737997935999667,-6.7408549213163655e-06
-0.9130750516508982,-0.35132797586787523,0.2365939911492431,0.09704416690738055,-0.16061386937548283,-0.08045352913982806,-0.0056974785563597705,0.007677423681957004,2.018175162984985e-05,-0.005556967819492408,0.0012478414426998325,-6.682049817799078e-06
-0.9121047966244732,-0.35293030209181625,0.23579709414525643,0.09763220288789998,-0.1597777502684671,-0.07986183863619284,-0.005753233898302338,0.007689660347492048,2.0045436661536436e-05,-0.005575429458553052,0.0012237245407813993,-6.624982397977207e-06
-0.9111286236126871,-0.3545242366633521,0.23500611788364598,0.09822041071077126,-0.15893761088741307,-0.07926810772491312,-0.005809071493898571,0.007701674349680763,1.9910287359606465e-05,-0.005583655555693524,0.001201458272101606,-6.568864733327188e-06
-0.9101465306392444,-0.3561097386842552,0.2342210818141635,0.09880876888582915,-0.1580934541345984,-0.07867233263782225,-0.005864982221993393,0.007713462171443851,1.9776330077398348e-05,-0.005590969563471123,0.0011788402842245731,-6.51455798177078e-06
-0.9091585159440396,-0.35768676729069787,0.23344200542174331,0.09939725409740054,-0.1572452771408982,-0.07807452581881884,-0.005921053133024618,0.007724998090335597,1.9643723601114986e-05,-0.005606988743617329,0.0011536500013772275,-6.461924258640049e-06
-0.9081645780186597,-0.35925528153241737,0.23266890802697338,0.099985839961371,-0.15639306552647297,-0.07747471807181056,-0.005977365070368763,0.007736259789287536,1.95126182799171e-05,-0.005631092384252978,0.0011262279609014535,-6.410127691632035e-06
-0.9071647156351887,-0.3608152402514695,0.23190180893661305,0.10057449890043245,-0.15553680079217927,-0.07687290696238207,-0.006033898434465254,0.007747247669165546,1.9383034825172992e-05,-0.0056532360918374784,0.0010988459932321653,-6.3588471099054745e-06
-0.9061589278440991,-0.362366602099725,0.2311407275144052,0.10116320482287217,-0.15467647280488123,-0.07626906785966889,-0.006090546847682934,0.007757979521435561,1.925488200204213e-05,-0.005664741972346173,0.0010732431937166755,-6.308813790486333e-06
-0.9051472139471125,-0.3639093256850513,0.23038568318168173,0.1017519338045056,-0.1538120839987983,-0.07566318079189926,-0.00614722768946558,0.007768466463399861,1.9128108518196796e-05,-0.005667985763688027,0.0010487521334008373,-6.2599275298704875e-06
-0.9041295735518861,-0.36544336977442904,0.22963668445447638,0.1023406629350521,-0.15294364175164973,-0.07505634225582397,-0.0062039698401561505,0.007778692705103992,1.900283462858548e-05,-0.005674117688905197,0.0010226820317637403,-6.211495161339145e-06
-0.9031060065487164,-0.366968693213496,0.22889373494409035,0.10292936587193649,-0.15207114355143975,-0.07444906129317261,-0.006260875038481563,0.007788626701608719,1.8879285199615914e-05,-0.005690423668376933,0.0009934573559822126,-6.163082501640356e-06
-0.9020765129845787,-0.368485254596295,0.22815685785454617,0.10351801099653275,-0.15119457279754725,-0.07383938834268554,-0.006318000016481064,0.007798252241849679,1.8757583932900612e-05,-0.005712402955317894,0.0009626115270943022,-6.115632895414153e-06
-0.9010410931590289,-0.3699930122647141,0.2274260849004844,0.10410656741266279,-0.15031391371090966,-0.07322646439999916,-0.006375301066320839,0.007807576230486535,1.8637710499758397e-05,-0.005730011450282618,0.0009324561622898889,-6.069166948120383e-06
-0.8999997477196882,-0.37149192447581675,0.22670144081518007,0.10469500742224545,-0.1494291621793633,-0.07261096901419686,-0.006432668254553378,0.007816614945266013,1.8519583443583028e-05,-0.005736626543780338,0.0009039285896036654,-6.023763431444234e-06
-0.8989524776115153,-0.3729819495295021,0.22598294710814462,0.10528330457585289,-0.14854032494991504,-0.07199321574065873,-0.006490046055782177,0.007825372546067227,1.8403201852289566e-05,-0.005737689103411966,0.0008758169949171896,-5.979000972921388e-06
-0.8978992840555198,-0.37446304584007434,0.2252706237779713,0.10587143166990505,-0.14764740870447657,-0.07137336619441516,-0.006547492892923395,0.007833831539382115,1.8288708054564858e-05,-0.005744594072530372,0.0008459559919839722,-5.934601892651042e-06
-0.8968401685643921,-0.37593517185317044,0.22456449011012897,0.10645935880819782,-0.14675040899091737,-0.07075151003024377,-0.006605116148726499,0.007841966557718868,1.8176295463303983e-05,-0.005762237474952762,0.0008135581661461447,-5.890873543553111e-06
-0.8957751329740509,-0.37739828589106794,0.22386456492152498,0.10704705378519956,-0.14584931115063574,-0.0701277004833188,-0.006662954085551083,0.007849766032978276,1.8066071567881676e-05,-0.005783707204763351,0.0007800034835562639,-5.847646425214536e-06
-0.8947041794548337,-0.37885234608695706,0.22317086702875766,0.10763448431424902,-0.14494410227046478,-0.06950192517937832,-0.006720931071467272,0.007857238138364659,1.795801826388979e-05,-0.005797613734430165,0.0007472661140723511,-5.804502548078763e-06
-0.8936273104970419,-0.3802973104841947,0.22248341537077565,0.10822161975735152,-0.14403478162950586,-0.06887415432552914,-0.006778937039224105,0.007864395631224444,1.785207973311225e-05,-0.005800513501828334,0.0007158044860571917,-5.7620606498247655e-06
-0.8925445288908997,-0.3817331371939381,0.22180222888289403,0.10880843055495609,-0.14312135820395855,-0.06824438474241236,-0.006836945547007394,0.00787123667485708,1.7748295995178295e-05,-0.00580076912566089,0.0006841591627853772,-5.720505706224336e-06
-0.8914558377283243,-0.38315978444114596,0.221127326140949,0.109394886110406,-0.14220383786932675,-0.06761266636756724,-0.00689503944397694,0.007877742458012916,1.7646831725729776e-05,-0.00580930980148087,0.0006506326437709094,-5.679042482301373e-06
-0.890361240426432,-0.3845772104507307,0.22045872540786884,0.10998095344255132,-0.14128221424862808,-0.0669790465682682,-0.006953318025201437,0.007883893421168001,1.7547858218844352e-05,-0.005827780125687749,0.0006151500990136798,-5.637803296593504e-06
-0.889260740753063,-0.3859853733031097,0.21979644465944198,0.11056659808424409,-0.1403564730496624,-0.06634355475523794,-0.007011786137934622,0.007889685545790847,1.7451435675390197e-05,-0.005846735229342079,0.0005792656674421098,-5.597371097898917e-06
-0.8881543428304014,-0.38738423091719254,0.21914050165909624,0.11115178612068491,-0.13942660524562003,-0.06570619655988252,-0.007070343528421719,0.007895129405956876,1.7357524230745707e-05,-0.005855664932413927,0.0005444386435427299,-5.557593632862881e-06
-0.8870420511181258,-0.3887737411862182,0.2184909139905688,0.11173648519544395,-0.1384926151728182,-0.06506697487234626,-0.007128889702098491,0.007900234374937564,1.7266088543570086e-05,-0.005854545157102778,0.0005105489459202188,-5.518751320686779e-06
-0.8859238703981144,-0.3901538621220693,0.21784769900853157,0.1123206635460578,-0.13755451457951806,-0.06442591398138806,-0.007187428519824414,0.007904995020400608,1.7177201913438994e-05,-0.005853811531316128,0.0004761159739022614,-5.4804410785695325e-06
-0.8847998057792505,-0.3915245518540546,0.21721087393040076,0.11290428816845872,-0.13661230913773253,-0.06378304315495668,-0.0072460583172558645,0.007909394844292195,1.7091023799367194e-05,-0.005862911602819736,0.00044003312200156173,-5.442105146794367e-06
-0.8836698627194213,-0.39288576849110896,0.2165804557616401,0.11348732422838398,-0.13566599208829908,-0.06313839576447748,-0.0073048591629161315,0.007913421515681293,1.700768329950602e-05,-0.005880018634337597,0.0004027171136867959,-5.4040063015850915e-06
-0.8825340470414857,-0.39423747000068526,0.21595646135601218,0.1140697361975476,-0.13471555181341308,-0.06249198203233662,-0.007363799019268575,0.007917077309254238,1.692719424818238e-05,-0.005893921928525592,0.0003656285557472902,-5.36718124558722e-06
-0.8813923649292649,-0.39557961424370797,0.21533890738691994,0.11465148952106545,-0.13376098536703152,-0.06184380272992559,-0.007422760439855677,0.007920373428026558,1.6849508576478542e-05,-0.0058960805439114234,0.0003296603018940008,-5.331220685575373e-06
-0.8802448229107658,-0.3969121591358217,0.21472781033214697,0.11523255100182218,-0.13280230347517527,-0.061193865885518665,-0.0074816608405443765,0.007923316073420825,1.6774616919941634e-05,-0.005889980743185388,0.0002943121771082723,-5.295821679691533e-06
-0.879091427847684,-0.3982350627659805,0.21412318652034726,0.11581288768762188,-0.13183952148207875,-0.06054219207354131,-0.007540534184332366,0.00792589897225247,1.670260466096497e-05,-0.005887277314207668,0.0002583366842972496,-5.2607744006015645e-06
-0.8779321869433732,-0.39954828335193654,0.21352505209048522,0.11639246554095752,-0.1308726461218664,-0.05988881565270698,-0.007599484759851411,0.007928110140905754,1.6633593238720282e-05,-0.005895002848799082,0.0002211627694709104,-5.226886896707082e-06
-0.8767671077594666,-0.40085177909051717,0.21293342294750175,0.11697124934962888,-0.12990167246345968,-0.0592337673777123,-0.007658565002328483,0.00792994464752694,1.656765954883075e-05,-0.005907971970969814,0.00018349562253183412,-5.193433775055709e-06
-0.8755961982220654,-0.4021455080725022,0.21234831483630312,0.11754920391763216,-0.12892659423314107,-0.05857705362795158,-0.007717708189020519,0.007931409098816226,1.6504787279904344e-05,-0.0059142688094851945,0.00014648913607827202,-5.160964308583524e-06
-0.8744194666119448,-0.40342942836554374,0.21176974337691312,0.11812629521199954,-0.127947416649023,-0.057918669701072185,-0.007776789740271496,0.007932513991791198,1.644492782874387e-05,-0.005908107647027682,0.00011053235447001452,-5.1295976491449e-06
-0.8732369215497437,-0.40470349818711965,0.2111977240174747,0.11870249031045205,-0.1269641579715897,-0.05725862558822094,-0.00783575293705169,0.007933263149438437,1.6388092022060368e-05,-0.00589627459298698,7.495784788924335e-05,-5.098421821806552e-06
-0.8720485719902585,-0.40596767598677214,0.21063227203721163,0.11927775635158124,-0.12597683785724806,-0.056596947176364217,-0.007894658985070756,0.00793365153110648,1.6334351514039373e-05,-0.005890562169255872,3.8879231783092805e-05,-5.0682484356340055e-06
-0.8708544272300376,-0.4072219203611964,0.21007340248789644,0.11985205972380744,-0.12498546536873491,-0.0559336709810778,-0.007953608658195171,0.007933673124245963,1.6283785404189537e-05,-0.005894927197125181,2.1993137377078773e-06,-5.03918258398819e-06
-0.8696544969159459,-0.408466189905481,0.20952113023104377,0.12042536635330792,-0.12399003948245571,-0.055268818331898235,-0.008012621362021265,0.00793332923162546,1.623641767315732e-05,-0.005901232805521257,-3.435035364231571e-05,-5.011003624932683e-06
-0.8684487910432359,-0.40970044317254345,0.20897547001863162,0.12099764269434725,-0.1229905615277163,-0.05460238730147909,-0.008071601183047828,0.007932628461086071,1.619221050658931e-05,-0.0058979470352827,-7.00392374514871e-05,-4.983995996810659e-06
-0.8672373199448141,-0.4109246387998864,0.20843643635285072,0.12156885636276005,-0.12198704639614127,-0.05393438760028543,-0.008130428868750149,0.007931579373993468,1.6151129479232327e-05,-0.005882735986372441,-0.00010487198854085969,-4.957696440523296e-06
-0.8660200942788334,-0.4121387356746206,0.20790404362451015,0.12213897577267763,-0.12097952024396152,-0.05326482781588668,-0.008189079494440367,0.007930184651619961,1.6113181519701532e-05,-0.005865032474939618,-0.00013943663101001737,-4.932596827511286e-06
-0.8647971250263474,-0.41334269297153253,0.2073783060231774,0.12270796940420212,-0.11996800720073494,-0.052593739177467985,-0.00824763631001262,0.007928442515467295,1.607841909029351e-05,-0.005855653994967294,-0.00017417916426915083,-4.90774999467741e-06
-0.8635684234947534,-0.41453647003418526,0.20685923755652696,0.1232758054779254,-0.11895251949320274,-0.0519211509047217,-0.008306187297747361,0.007926352938819162,1.6046870402443583e-05,-0.0058550737655088565,-0.00020892439593225175,-4.884166009162411e-06
-0.8623340013192453,-0.4157200262424731,0.2063468520053729,0.12384245238677204,-0.11793306158586836,-0.05124708340732197,-0.008364717261420216,0.00792392133276918,1.6018516838021313e-05,-0.005852973898602652,-0.0002431285248181686,-4.861999055690222e-06
-0.8610938704554808,-0.41689332102011395,0.2058411630254964,0.1244078793108605,-0.11690964380113661,-0.05057153488235407,-0.008423110776310319,0.007921156014035325,1.599331899772117e-05,-0.00583933152779309,-0.0002765009817113192,-4.840773698615191e-06
-0.8598480431693907,-0.4180563139900661,0.2053421841036514,0.12497205637955598,-0.11588229099097576,-0.0498945102456373,-0.008481265627952539,0.007918063613494434,1.597125394207948e-05,-0.005815467691380542,-0.0003092103593172047,-4.820081573458252e-06
-0.8585965319839683,-0.41920896504854216,0.20484993581121788,0.12553495355175523,-0.11485103592571744,-0.04921530144189599,-0.008539189174326119,0.007914656116337921,1.5952238340591003e-05,-0.005792339585700483,-0.0003407211946385383,-4.801254274279889e-06
-0.8573393497397759,-0.4203512344663281,0.20436443447242958,0.12609654340465762,-0.11381590736400796,-0.04853434506795131,-0.008596983201268204,0.007910939824163068,1.5936237744926076e-05,-0.0057793900350011475,-0.00037160186783227484,-4.784062953570162e-06
-0.8560765096200998,-0.4214830827862495,0.20388568722365227,0.1266567994822309,-0.11277692145728194,-0.04785256822132604,-0.00865471306023391,0.007906912614803663,1.5923300164419548e-05,-0.005772975666043486,-0.0004026947946514729,-4.76743601483218e-06
-0.8548080250754241,-0.42260447060698586,0.20341370417829832,0.12721569354952866,-0.11173408869177003,-0.047169667538767335,-0.008712329853622998,0.007902578470603222,1.591341549117592e-05,-0.005761671527001459,-0.00043338949683398547,-4.751915297443995e-06
-0.8535339098288064,-0.423715358655669,0.20294849670581983,0.12777319826447012,-0.110687428710125,-0.04648550353620951,-0.00876971000887167,0.007897943002035005,1.5906561797149975e-05,-0.00573801011190093,-0.0004635231578133801,-4.7371425515540474e-06
-0.8522541778739045,-0.4248157079635116,0.2024900766851717,0.12832928702204036,-0.10963697556449309,-0.045800017374072334,-0.008826777602141631,0.007893010970567778,1.590271863948438e-05,-0.005706756294219876,-0.0004931806766886224,-4.723554462408944e-06
-0.8509688434735615,-0.42590547997844,0.20203845601663448,0.12888393374014356,-0.10858276863671447,-0.045113212184617314,-0.00888357421259328,0.00788778728654205,1.5901865271909948e-05,-0.005679660373357903,-0.0005223471667446389,-4.710934397776944e-06
-0.8496779211558365,-0.4269846365079354,0.20159364654779063,0.12943711286227702,-0.10752483901036725,-0.044425104399808034,-0.008940200615234959,0.007882278711205191,1.5903970757195857e-05,-0.005662641925846135,-0.000550837535323143,-4.6985817182824255e-06
-0.8483814257067186,-0.428053139571792,0.20115566007323937,0.1299887995914094,-0.10646320601141156,-0.04373570321830384,-0.008996696010713564,0.007876493055137759,1.590898252872036e-05,-0.0056495434982903265,-0.0005785468338107183,-4.687624742944714e-06
-0.8470793721629543,-0.42911095133832416,0.2007245080448822,0.13053896999714965,-0.10539788739570823,-0.04304503458707748,-0.009052984244023001,0.007870436755109695,1.591685846144747e-05,-0.0056288295334523935,-0.0006056124472062687,-4.678102970664562e-06
-0.8457717758041666,-0.43015803422033005,0.20030020167891815,0.13108760075161308,-0.10432891224236199,-0.042353109856691905,-0.009108945490226061,0.007864114245300792,1.592757117195276e-05,-0.005596133049663951,-0.0006322346401109695,-4.670176307299462e-06
-0.8444586521486923,-0.43119435104068843,0.19988275200015,0.13163466891442216,-0.10325632271690004,-0.0416599444196499,-0.009164536128998493,0.007857530386781714,1.5941093156599014e-05,-0.0055590745079569445,-0.000658370725453187,-4.663316939755522e-06
-0.8431400169493288,-0.4322198650952675,0.19947216988650907,0.1321801520504657,-0.10218016260974079,-0.04096556047190632,-0.00921982434586717,0.007850693170254398,1.5957376729389366e-05,-0.005528834477444911,-0.000683707734746773,-4.656565895457178e-06
-0.8418158861847418,-0.43323454005596973,0.1990684661181118,0.13272402862675184,-0.10110046519912169,-0.04026997720148593,-0.009274904276378644,0.007843613095004268,1.5976339177324177e-05,-0.005508007932510726,-0.0007079947877887674,-4.65100487228701e-06
-0.8404862760472991,-0.4342383398314901,0.19867165134459588,0.13326627825883572,-0.10001725348024111,-0.03957320810048912,-0.009329783807632622,0.007836298989323413,1.5997909691480896e-05,-0.005487970037790047,-0.0007313989875240585,-4.646842816433876e-06
-0.8391512029335456,-0.4352312285459033,0.19828173598631624,0.13380688141687624,-0.09893055229345332,-0.03887526665360232,-0.009384366354637406,0.007828755775407464,1.6022052387143868e-05,-0.005458273611472894,-0.000754310959349438,-4.644049077142993e-06
-0.8378106834388769,-0.43621317066532717,0.19789873036678762,0.13434581893209724,-0.09784039934222498,-0.03817615293321918,-0.009438546204016102,0.007820986945388596,1.6048746214801017e-05,-0.005418005826558465,-0.0007768737176651725,-4.642309642129004e-06
-0.8364647343568736,-0.43718413114816856,0.19752264453202134,0.134883071955235,-0.09674684326715755,-0.03747589458208864,-0.009492314109994085,0.007812999218162253,1.6077940935105177e-05,-0.0053768134203541085,-0.0007987645732273238,-4.6413624658633365e-06
-0.8351133726727192,-0.43814407545887035,0.1971534883718343,0.13541862237716662,-0.09564993066073404,-0.0367745155590241,-0.00954575609144505,0.007804804600114795,1.610953014944774e-05,-0.005344222813825303,-0.0008194547472877952,-4.64168587411417e-06
-0.8337566155497625,-0.43909296944540593,0.19679127158687282,0.13595245345857457,-0.09454969636238868,-0.03607204171133991,-0.009598950062962675,0.007796416029094772,1.6143400552775523e-05,-0.005319423573730197,-0.0008388510908475238,-4.642931622850003e-06
-0.8323944803139369,-0.4400307792211238,0.19643600370775188,0.1364845498009094,-0.0934461672069048,-0.03536848767520826,-0.009651872744471731,0.0077878417205400575,1.6179478990077374e-05,-0.005292296264639797,-0.0008574258616127151,-4.645430219237057e-06
-0.8310269844448192,-0.4409574711870671,0.1960876940774193,0.137014896704905,-0.09233937510019502,-0.034663862895711724,-0.009704416412000729,0.0077790845285734544,1.6217742935663782e-05,-0.005254396536409096,-0.0008757152152196635,-4.6491052305831845e-06
-0.8296541455748428,-0.4418730121786996,0.1957463518124677,0.1375434795841354,-0.09122936543486583,-0.03395818351204952,-0.009756498002476547,0.007770147655534479,1.625816404422902e-05,-0.005208190474302483,-0.00089368432635752,-4.654051498922804e-06
-0.8282759814878645,-0.44277736958271385,0.19541198589919467,0.1380702841226846,-0.09011619162303447,-0.0332514651940941,-0.00980814011647652,0.00776104065181737,1.630065498755853e-05,-0.005164244397553822,-0.0009106983622758586,-4.6598566046333695e-06
-0.8268925101102076,-0.4436705113076086,0.19508460511623807,0.13859529711834495,-0.08899990180964619,-0.03254373673200766,-0.009859436271103653,0.007751778752847388,1.634507486460409e-05,-0.005129649917369422,-0.0009261887943672789,-4.666169164953704e-06
-0.8255037494925765,-0.44455240564857407,0.1947642180482865,0.1391185070728681,-0.08788053214715913,-0.03183502174574495,-0.009910440819991302,0.007742375581369711,1.6391293629178117e-05,-0.005100490695545866,-0.0009403168931651099,-4.673313885226047e-06
-0.8241097177930611,-0.4454230212009126,0.19445083315765546,0.13963990384981748,-0.0867581136455816,-0.031125328247390144,-0.009961102152739633,0.0077328368682539695,1.643923725899899e-05,-0.005066170372439005,-0.0009538718628841615,-4.683308624031949e-06
-0.8227104332728471,-0.44628232692514874,0.19414445864580826,0.14015947768141593,-0.08563268526443107,-0.03041467421699573,-0.01001131189645103,0.007723163421446877,1.6488894072008664e-05,-0.005021012746600211,-0.0009673460335371452,-4.6946582587367706e-06
-0.8213059142990387,-0.4471302922974311,0.19384510237055327,0.14067721868319588,-0.08450429900934339,-0.029703090607265815,-0.010061015425304045,0.007713359613490385,1.6540232196299156e-05,-0.004970392510038506,-0.0009803829435341511,-4.705695966983307e-06
-0.8198961793408434,-0.4479668873852131,0.19355277211856833,0.14119311737894716,-0.08337301154711887,-0.028990588907852534,-0.010110262161261962,0.0077034384265292875,1.6593127467890455e-05,-0.004924714370169197,-0.0009921215834058565,-4.716880179320045e-06
-0.8184812469562797,-0.44879208277965765,0.1932674754824671,0.14170716580677659,-0.08223887163045449,-0.02827719534646425,-0.010159142765199499,0.007693417320667708,1.664740193502883e-05,-0.004888102177122648,-0.0010021141254055912,-4.728911607376228e-06
-0.8170611357694063,-0.44960584946078236,0.1929892200727618,0.14221935791783652,-0.08110191677246718,-0.027562909924147467,-0.010207683331468305,0.007683308193252657,1.6702904690913994e-05,-0.004854099299945435,-0.0010109168435792064,-4.744540305345252e-06
-0.8156358644578827,-0.4504081587537346,0.1927180132915336,0.14272968879867784,-0.07996218262513553,-0.026847748456711427,-0.010255810469760854,0.0076731136669437585,1.6759572656355078e-05,-0.004812757340615421,-0.0010194572476093181,-4.764266412518161e-06
-0.8142054517532208,-0.4511989824263388,0.19245386218892735,0.14323815353532066,-0.07881971491260367,-0.026131739916477947,-0.010303424851061895,0.007662833504219766,1.6817400157523682e-05,-0.004761482472544324,-0.001028021399326666,-4.785153527394215e-06
-0.8127699164447166,-0.4519782928276407,0.19219677348359468,0.1437447469754888,-0.0776745710329026,-0.025414916708430497,-0.010350502363148271,0.0076524742960845625,1.6876341625362817e-05,-0.004707796344402088,-0.0010359264415829921,-4.804066707516202e-06
-0.8113292773734208,-0.4527460629218323,0.1919467537427047,0.14424946464986496,-0.07652680959477341,-0.02469729909549846,-0.01039711157019923,0.0076420522045681,1.693623663389973e-05,-0.004660966508781713,-0.0010422152043119942,-4.822479193177212e-06
-0.8098835534123668,-0.45350226618939643,0.19170380953618374,0.14475230394006164,-0.07537647942795946,-0.023978892015930765,-0.01044333116037215,0.007631584894701179,1.699687796249833e-05,-0.0046220053283470616,-0.0010467373465603389,-4.843344393069195e-06
-0.8084327634454069,-0.45424687651126805,0.19146794735054332,0.14525326416226741,-0.07422361979599786,-0.023259703726153744,-0.010489158732825516,0.007621081492861385,1.7058124087342288e-05,-0.004582803954021456,-0.0010503467551190263,-4.86881800393971e-06
-0.806976926358256,-0.45497986816523717,0.19123917341419616,0.1457523454224464,-0.0730682713016011,-0.022539755178188597,-0.010534507992877973,0.007610541770682644,1.7119945618320467e-05,-0.004534973087681397,-0.0010539789701239572,-4.897344018984286e-06
-0.8055160610590346,-0.4557012159806333,0.19101749023844666,0.1462495481773334,-0.07191048601360421,-0.021819415569122917,-0.010579296929315588,0.007599955426782056,1.7182466228019213e-05,-0.004478941192529693,-0.001058641398702127,-4.924160626629544e-06
-0.8040501864483659,-0.4564108953571921,0.19080290534552416,0.14674486979171492,-0.07075032500394975,-0.02109818431795629,-0.010623531269024458,0.007589337172729365,1.7245546072386496e-05,-0.00442348187805851,-0.0010618326072031027,-4.9491919091477075e-06
-0.8025793214370852,-0.45710888232767033,0.1905954250595314,0.1472383106656003,-0.06958784759706686,-0.020376185942814644,-0.010667289634846946,0.0075787076181852995,1.7308960047289087e-05,-0.004375884675786505,-0.0010629627292146825,-4.9745275679651315e-06
-0.8011034849187979,-0.4577951534383472,0.19039505515664307,0.14772987333032972,-0.06842310242618474,-0.019653478588151974,-0.010710632194865996,0.007568084389951871,1.737247783676999e-05,-0.00433430410666145,-0.0010623300276018542,-5.003676964442891e-06
-0.7996226957623255,-0.4584696856873105,0.19020179793675113,0.14821956282572268,-0.06725613077678383,-0.018930409590668794,-0.01075352394026173,0.007557463828516146,1.743614877946013e-05,-0.004289222692667272,-0.001062063310815267,-5.031305121037866e-06
-0.7981369727897123,-0.4591324565110503,0.19001565736336748,0.1487073824542152,-0.0660869789762612,-0.01820680931726423,-0.010795874807071799,0.007546839170547843,1.7500011053141457e-05,-0.004235134910937919,-0.0010624729310317234,-5.0618534931813594e-06
-0.7966463347811834,-0.45978344388931974,0.1898366406279587,0.1491933341443439,-0.064915704670639,-0.017482352271437004,-0.010837630532489564,0.007536219295087177,1.7563919747201852e-05,-0.004175620738854934,-0.0010619945446465231,-5.096718811810991e-06
-0.7951508004933979,-0.46042262647660803,0.18966475335197536,0.14967742170901668,-0.06374237187861274,-0.016757197636358395,-0.01087882384129482,0.0075256199704665785,1.762771635795633e-05,-0.004119378925368942,-0.0010599392477919237,-5.129657228827771e-06
-0.7936503886391185,-0.4610499835496723,0.18950000037952894,0.15015965042467638,-0.06256703953734043,-0.01603142735478958,-0.010919535149859338,0.007515061794074102,1.769116898506951e-05,-0.004071178575105447,-0.0010558240835281869,-5.162611719829348e-06
-0.7921451178603852,-0.46166549488775943,0.18934238618277494,0.15064002779773386,-0.061389755909045524,-0.015305080559481722,-0.0109598027133496,0.007504559618503505,1.7754062836009396e-05,-0.004026803581216393,-0.0010502235152804096,-5.199971810089007e-06
-0.7906350067101009,-0.4622691407111202,0.1891919149727369,0.1511185628725667,-0.060210564580939006,-0.014578181691083611,-0.010999579305341524,0.0074941163067149185,1.7816322598373372e-05,-0.003977705889979521,-0.001044336586757103,-5.240777376160658e-06
-0.7891200736518171,-0.4628609017430596,0.18904859058192214,0.15159526471300186,-0.05902951557641734,-0.013850765952219391,-0.011038781607471133,0.007483729076233844,1.787796358735769e-05,-0.0039202763754918445,-0.00103872790690287,-5.282093252591947e-06
-0.7876003370660256,-0.46344075932416917,0.1889124166644465,0.15207014169144067,-0.05784666963577675,-0.013122851124558629,-0.011077378390704037,0.0074734015139714905,1.7938973201163906e-05,-0.0038597239497820345,-0.001032760545436955,-5.319650454545303e-06
-0.7860758152495649,-0.46400869545888734,0.18878339666213917,0.15254320239521338,-0.05666209101257694,-0.012394461459840507,-0.011115419837150241,0.007463148621070284,1.7999209038859378e-05,-0.0038041896304412542,-0.0010252930058440165,-5.353740738074824e-06
-0.7845465263976109,-0.4645646927440716,0.18866153395309312,0.15301445710474584,-0.055475836851785386,-0.011665606693388382,-0.011152978957507246,0.007452989234609509,1.8058436949577048e-05,-0.003755956208316644,-0.0010159416160979255,-5.389170504662155e-06
-0.783012488580953,-0.4651087342643252,0.1885468317426895,0.15348391830980568,-0.054287954549945984,-0.010936305076837512,-0.011190070762864867,0.007442933924221299,1.8116481351355897e-05,-0.0037092237670347332,-0.0010055331343265905,-5.4291643473583136e-06
-0.7814737197344397,-0.46564080356590687,0.18843929297523448,0.15395159957543786,-0.05309848960151525,-0.01020658131375087,-0.011226635451035114,0.007432982189214272,1.8173305325259853e-05,-0.003656511082475712,-0.0009951746783328022,-5.472139165981624e-06
-0.7799302376608542,-0.46616088473773565,0.18833892029252952,0.15441751408641133,-0.051907495475665415,-0.009476464470188252,-0.011262603234308496,0.007423131292973782,1.8228939669711754e-05,-0.0035968196528532877,-0.0009850899024434528,-5.513795161316008e-06
-0.7783820600316926,-0.46666896249187767,0.18824571778075552,0.1548816738092868,-0.05071503485678906,-0.008745810221011155,-0.011297972438236796,0.007413395393099321,1.8283216723050114e-05,-0.003536960656976661,-0.0009735892691811896,-5.554931707989233e-06
-0.7768292043917681,-0.46716502221637846,0.18815968664551655,0.155344093393637,-0.049521170343142906,-0.008014910170081546,-0.011332802597211238,0.0074037861966325,1.833605224861648e-05,-0.0034830550411169554,-0.0009609179129074278,-5.58987682526527e-06
-0.7752716881297534,-0.4676490498541144,0.18808082859130013,0.1558047879085966,-0.04832595639050642,-0.0072837171945544284,-0.011367152271386044,0.00739431743017548,1.8387273674716266e-05,-0.0034350053164711796,-0.0009468737906012185,-5.625125329267239e-06
-0.7737095284625953,-0.4681210318213652,0.18800914538718033,0.15626377420669235,-0.047129439418704136,-0.006552225525997727,-0.011401014605963414,0.007384993813554051,1.8436779292361792e-05,-0.0033862700406739736,-0.0009323576019847722,-5.663747879814132e-06
-0.7721427424315714,-0.46858095501389474,0.18794463871370862,0.15672106958443666,-0.045931666600507626,-0.005820443386598896,-0.011434324856788929,0.007375811775792155,1.8484581666041695e-05,-0.0033310603626163647,-0.00091819850349006,-5.703724076106248e-06
-0.7705713469102053,-0.4690288068972328,0.18788731006981488,0.15717669063104378,-0.044732693778784,-0.0050883890831306755,-0.011467031252572538,0.007366769294710171,1.8530720362199098e-05,-0.0032706735885182276,-0.0009042416567045695,-5.740585901594901e-06
-0.7689953586103553,-0.4694645755816276,0.1878371607488071,0.15763065339180202,-0.04353258381459145,-0.004356085089754048,-0.011499150031070573,0.007357874176890422,1.8575136729453298e-05,-0.0032119105505428822,-0.0008895041378324872,-5.772896421846796e-06
-0.7674147940741232,-0.46988824980075516,0.187794191890288,0.1580829746866532,-0.042331397366449273,-0.0036235494651731233,-0.011530745468866035,0.00734914150022856,1.861766446428473e-05,-0.003159575052330463,-0.0008732587399627081,-5.803032764825434e-06
-0.7658296696554724,-0.47029981882144545,0.18775840443636022,0.15853367315294958,-0.04112918625776758,-0.002890803857560875,-0.011561860051435979,0.007340582891841531,1.8658134571759213e-05,-0.003111487981714212,-0.0008558505147125204,-5.835176964223522e-06
-0.7642400015057859,-0.47069927238004955,0.18772979914894894,0.15898276880272408,-0.03992599623231348,-0.002157866874326836,-0.011592470037644444,0.0073321997074623745,1.869648719880342e-05,-0.003061026757820681,-0.0008383066577042885,-5.870231634073513e-06
-0.7626458055741475,-0.471086600712553,0.1877083765834957,0.15943028162470538,-0.03872187600087347,-0.001424759372229288,-0.01162251352017713,0.007323987415611319,1.8732759586257875e-05,-0.0030043748340018257,-0.0008212159632005904,-5.905299954268311e-06
-0.7610470976161007,-0.4714617946417371,0.18769413706902427,0.15987623075991914,-0.037516882767455705,-0.0006915051168993591,-0.011651959183487678,0.007315945598797947,1.876698360006456e-05,-0.0029445913829077,-0.0008041670541103019,-5.936163108461584e-06
-0.7594438931964239,-0.47182484562252763,0.18768708079880786,0.1603206350056128,-0.0363110782844921,4.188015639074494e-05,-0.011680839659799918,0.007308083228976943,1.8799083702584683e-05,-0.002888071102856546,-0.0007862209248611916,-5.962640604549044e-06
-0.7578362076792173,-0.47217574569867654,0.18768720777437103,0.16076351416284673,-0.03510452001780387,0.0007753749617843323,-0.011709215522786228,0.007300413076004859,1.882890735617547e-05,-0.002837608082564218,-0.0007669977212585035,-5.987978728120298e-06
-0.7562240562116473,-0.47251448741599894,0.18769451785860147,0.1612048895908618,-0.033897256935261744,0.0015089638842706442,-0.011737111173348226,0.0072929424310342935,1.8856331878592157e-05,-0.002789585066993483,-0.0007470453108510579,-6.015567735821915e-06
-0.7546074537156092,-0.4728410637854832,0.18770901072484916,0.1616447835174321,-0.032689334192887595,0.002242627113730644,-0.011764491614935242,0.007285669818565488,1.8881338087373558e-05,-0.0027380623865028804,-0.0007272404197706627,-6.045323997592038e-06
-0.752986414891514,-0.4731554683305085,0.18773068585070812,0.16208321780695853,-0.031480801507418665,0.002976344094715755,-0.011791303863894764,0.007278590986428786,1.8903972041261672e-05,-0.00268124137830738,-0.0007078607726391192,-6.07400495144451e-06
-0.7513609542244424,-0.47345769516226344,0.1877595423716725,0.1625202138238164,-0.030271715956765637,0.0037100781674558464,-0.011817532492335697,0.007271701884056509,1.8924347460420967e-05,-0.002622877667528541,-0.0006888862907955349,-6.0946496266398905e-06
-0.7497310859923264,-0.47374773900017275,0.1877955796454641,0.1629557916495191,-0.02906213753600067,0.004443849731827113,-0.011843222552648712,0.007265013874987076,1.8942313046466553e-05,-0.0025690190893573692,-0.0006687753584950117,-6.115597223610092e-06
-0.748096824254945,-0.4740255951182982,0.18783879674691814,0.1633899727723582,-0.027852120488270904,0.005177629459974027,-0.011868435638087411,0.007258544076437737,1.8957568041389345e-05,-0.0025213196217447756,-0.0006469524707169284,-6.144950833796829e-06
-0.7464581828294204,-0.4742912592546955,0.18788919227218664,0.1638227813091776,-0.026641709621319794,0.00591136789389238,-0.011893175701959703,0.0072522941523345,1.8970139615307752e-05,-0.002474015508478949,-0.000624963236243916,-6.168203106610247e-06
-0.7448151752898137,-0.4745447276022312,0.18794676483246386,0.16425424109204442,-0.025430949107849116,0.006645065220955224,-0.011917400430313432,0.007246260140461468,1.8980092742919645e-05,-0.002422480050726168,-0.0006033702749482123,-6.188279183393724e-06
-0.7431678149744037,-0.47478599686836853,0.18801151286982298,0.16468437536848998,-0.024219888763033222,0.007378702929100464,-0.01194106856558871,0.00724043830314517,1.8987492527208406e-05,-0.002366818887510929,-0.0005821511347972934,-6.204935169901337e-06
-0.7415161149925615,-0.4750150643353833,0.18808343459434476,0.16511320670554,-0.023008584607240996,0.008112255850594306,-0.011964185826879959,0.007234830977776317,1.8992335842118743e-05,-0.0023117296346115454,-0.0005606982715353256,-6.217783175948447e-06
-0.7398600882221018,-0.475231927852946,0.1881625281143562,0.16554075778794775,-0.02179709245094246,0.008845711845056661,-0.011986798910098507,0.007229445719035904,1.899454662553592e-05,-0.0022613099208063404,-0.0005384899062790193,-6.227901641152056e-06
-0.7381997472995717,-0.47543658577274567,0.18824879148122228,0.16596705222907385,-0.020585461682710256,0.009579063523090566,-0.012008946919821246,0.0072242888716604,1.8994048659349273e-05,-0.002214800612493953,-0.0005156470244654299,-6.236763242878752e-06
-0.736535104612894,-0.4756290368933189,0.18834222261457,0.16639211447166888,-0.01937373572988115,0.010312296228228726,-0.012030623645428045,0.007219361173190042,1.899082155796761e-05,-0.002167670230229197,-0.0004927303722617723,-6.245523547527549e-06
-0.7348661723019523,-0.47580928046857696,0.18844281919140882,0.16681596902265305,-0.018161958352418867,0.011045384095882778,-0.012051789457111401,0.0072146592713206266,1.8984904834804606e-05,-0.002116576898346823,-0.0004701489766979787,-6.25313436196163e-06
-0.7331929622646709,-0.4759773162649095,0.18855057857367777,0.16723863982864667,-0.016950178984068275,0.011778293697533292,-0.01207241873138535,0.007210180981702348,1.8976349404732116e-05,-0.0020629212569857652,-0.0004477860648243142,-6.25708708683979e-06
-0.7315154861607076,-0.4761331445986912,0.18866549789805237,0.16766015034810205,-0.01573845140057193,0.012511000506746806,-0.01209253056742678,0.0072059289410243785,1.8965152281394948e-05,-0.0020111755333327994,-0.0004251595030196538,-6.2569938878852925e-06
-0.7298337554077614,-0.4762767663099989,0.18878757421944634,0.16808052426475142,-0.014526827321990801,0.013243494513647957,-0.01211217011564844,0.007201908290488707,1.8951272327900948e-05,-0.0019639448233115158,-0.0004020188121802627,-6.253671046305518e-06
-0.7281477811750353,-0.4764081826998595,0.18891680450921905,0.16849978593563283,-0.01331535205534759,0.013975765690567115,-0.012131363574813364,0.007198121836564779,1.8934674872018758e-05,-0.0019193339664611028,-0.0003785974561635544,-6.249319394453698e-06
-0.7264575743800722,-0.4765273954931129,0.18905318561025838,0.16891796012453356,-0.012104066603455668,0.014707799440416218,-0.01215009551498198,0.007194567910612605,1.8915375662344782e-05,-0.0018731801286592602,-0.00035534297413197,-6.244348153052599e-06
-0.7247631456924092,-0.47663440686120545,0.18919671410281572,0.1693350713596968,-0.010893013747899674,0.015439567533331587,-0.012168331465104472,0.007191242998487649,1.8893426837904933e-05,-0.001823579224854128,-0.0003324399472899288,-6.237395435898169e-06
-0.7230645055389064,-0.47672921947221764,0.1893473863152558,0.16975114360631963,-0.009682241568000582,0.016171042686512534,-0.012186060556631186,0.0071881456052035626,1.886887206710774e-05,-0.001772891498740535,-0.00030968646468164856,-6.226894868934019e-06
-0.7213616641058571,-0.4768118365081476,0.18950519838004853,0.1701662005322462,-0.008471800557691183,0.01690220331867766,-0.01220331047696791,0.007185277242549827,1.8841713117428655e-05,-0.0017249725155283036,-0.0002867818200769041,-6.213414255483606e-06
-0.7196546313364517,-0.47688226162702535,0.18967014633238144,0.17058026597597423,-0.007261737836808595,0.017633037879877203,-0.01222012108898195,0.007182639885736382,1.881193689459644e-05,-0.0016810398105124686,-0.00026367965663959584,-6.197908570877429e-06
-0.7179434169281816,-0.4769404989078154,0.18984222608782553,0.17099336409090715,-0.0060520946338870835,0.018363532590499696,-0.012236506707402334,0.007180233096131878,1.8779546165797207e-05,-0.0016385385810769792,-0.0002406213597305274,-6.181771723263536e-06
-0.7162280303338224,-0.47698655283076635,0.19002143338396357,0.1714055190240082,-0.004842909530146221,0.01909366765576893,-0.012252447456620082,0.00717805391034933,1.8744575035072644e-05,-0.001594049815747754,-0.00021785942435520412,-6.164993168640766e-06
-0.7145084807658485,-0.47702042830649777,0.19020776374148685,0.17181675452038736,-0.0036342237958319696,0.019823419245480103,-0.012267917649464402,0.007176099226241332,1.8707069667000673e-05,-0.0015469923668038398,-0.00019540774042876735,-6.146576710823402e-06
-0.712784777200743,-0.4770421307148434,0.1904012124321702,0.172227093896236,-0.0024260830379597776,0.020552760332310432,-0.01228291910521008,0.007174367419980184,1.8667070438042995e-05,-0.0015001168744621961,-0.0001731184801142685,-6.125329827148891e-06
-0.7110569283802752,-0.47705166590388454,0.19060177458434702,0.17263656024855895,-0.001218533533477427,0.02128167457342526,-0.012297483379446925,0.0071728578556206546,1.8624600355955694e-05,-0.0014563969575800946,-0.00015089284125919088,-6.101816461871133e-06
-0.709324942811558,-0.4770490401470087,0.19080944523563745,0.17304517664949537,-1.1617431069787742e-05,0.022010150973910885,-0.012311642522039853,0.007171569168435825,1.857967664376994e-05,-0.0014158820393471085,-0.00012880368925317822,-6.077548856262972e-06
-0.7075888287689232,-0.47703426009968947,0.19102421925431343,0.17345296607636276,0.0011946280666838905,0.02273817060373872,-0.012325401250714466,0.007170498598132422,1.8532334159474825e-05,-0.001375838918315037,-0.00010699059173995125,-6.052518534229073e-06
-0.7058485942973953,-0.4770073327933967,0.1912460913339663,0.17385995118306294,0.002400166939078245,0.02346571387709931,-0.012338739558151793,0.0071696428964107125,1.848261360930226e-05,-0.0013337950940719157,-8.550235289873824e-05,-6.026779791694589e-06
-0.7041042472171312,-0.4769682656663331,0.19147505590890926,0.17426615423997832,0.003604960150800843,0.024192752694523697,-0.01235164164752992,0.007168999241756304,1.8430561451988605e-05,-0.0012901716202874654,-6.429630463931788e-05,-5.999269084106726e-06
-0.7023557951259916,-0.4769170665875201,0.19171110722811313,0.17467159721599196,0.004808965536189932,0.024919266367228726,-0.0123641188754409,0.007168564817547481,1.8376223565813684e-05,-0.001247683837801331,-4.337195704842418e-05,-5.9700766636531085e-06
-0.7006032453896329,-0.47685374381519524,0.1919542414033881,0.1750763016903518,0.0060121421796790414,0.02564543865414594,-0.012376195841729639,0.007168333741941296,1.831969507944149e-05,-0.001207656107076934,-2.3035869625323052e-05,-5.9381077834257864e-06
-0.6988466051762009,-0.4767783060250624,0.1922044517985,0.17548028902906831,0.007214451948628395,0.026370992773147663,-0.012387898234826042,0.007168302663543069,1.8261006451772117e-05,-0.0011701972401394177,-3.034936774057411e-06,-5.906742542853291e-06
-0.6970858814431928,-0.4766907622378996,0.19246173181750945,0.1758835799224184,0.00841586113580763,0.02709593075204312,-0.01239922562470225,0.007168468275447945,1.820019220463009e-05,-0.0011326953940100522,1.6635285249591667e-05,-5.875554543587178e-06
-0.6953210809418569,-0.47659112182304647,0.1927260748364174,0.1762861946611992,0.009616336203653887,0.027820247738389117,-0.01241016194678129,0.007168827952068148,1.813728511042828e-05,-0.0010935871124187798,3.6042925086371836e-05,-5.84390741421352e-06
-0.6935522102204934,-0.4764793945252716,0.1929974740787821,0.17668815331296625,0.01081584083069997,0.028543926380014288,-0.012420701490264434,0.007169378742820585,1.8072331122569914e-05,-0.0010539077825376913,5.5155469309669844e-05,-5.810918347066932e-06
-0.6917792756269905,-0.4763555904758001,0.19327592263082166,0.17708947574145317,0.012014336911660123,0.02926695075626358,-0.01243086170511189,0.007170115951376431,1.8005399241084363e-05,-0.0010159734966975458,7.37983282234112e-05,-5.776483744290751e-06
-0.6900022833131948,-0.4762197201696363,0.1935614135208081,0.17749018138395892,0.01321178814776467,0.029989312808768702,-0.01244067043495693,0.007171033107399074,1.7936576336854854e-05,-0.0009808236349579994,9.179409267428355e-05,-5.741056965786612e-06
-0.6882212392428504,-0.4760717944293607,0.19385393964422065,0.1778902889467012,0.014408162255223195,0.0307109970389049,-0.012450143068881887,0.00717212408045359,1.786594044664102e-05,-0.0009472127358533737,0.00010917676133091765,-5.705135072609536e-06
-0.686436149198787,-0.47591182438481416,0.1941534937722857,0.17828981636021482,0.015603429579688969,0.03143198895492025,-0.012459274210324901,0.00717338494368497,1.7793539434922848e-05,-0.000913062213285077,0.0001261667127249026,-5.669025587900994e-06
-0.6846470187872743,-0.475739821483148,0.1944600685033632,0.17868878111823405,0.016797559742726318,0.03215226931856723,-0.012468052062955839,0.007174813275358124,1.771940377922047e-05,-0.0008777320779009082,0.00014291446881495263,-5.632620599777625e-06
-0.6828538534395188,-0.4755557975078695,0.1947736562772301,0.17908720060699782,0.017990520025210153,0.0328718202393033,-0.012476478582045493,0.007176405293358585,1.7643578444131895e-05,-0.00084259750013938,0.000159283984182226,-5.596192951946532e-06
-0.6810566584147355,-0.47535976457900486,0.1950942493754776,0.1794850920283908,0.01918227708617471,0.03359062361489801,-0.012484573537474777,0.007178153901126788,1.7566150553236626e-05,-0.0008094399712482015,0.0001749437876160293,-5.5596888360639815e-06
-0.6792554388079622,-0.4751517351278491,0.19542183992158355,0.17988247187778572,0.020372799955324213,0.03430866123626305,-0.012492359516979261,0.0071800504381332375,1.748722462792859e-05,-0.0007785412892110733,0.00018973747274858061,-5.523351366710171e-06
-0.6774501995601137,-0.47493172186688526,0.1957564199162116,0.1802793555770296,0.021562061038943238,0.03502591860703916,-0.012499845443772112,0.007182088199618997,1.7406881558711767e-05,-0.0007485349848693357,0.0002038606310200833,-5.4871311376762314e-06
-0.675640945449212,-0.4746997377408008,0.19609798406649953,0.1806757573306769,0.022750034852573573,0.03574266414955169,-0.012507018496201441,0.007184262769106994,1.732517822674441e-05,-0.0007172465545035327,0.0002175421027764233,-5.450596456994534e-06
-0.6738276811330143,-0.4744557960332253,0.19644652309009222,0.18107169181520222,0.023936693332757046,0.036458497172192884,-0.012513874501822116,0.007186572142246473,1.724212987293825e-05,-0.0006855408888760243,0.0002310231338438098,-5.414917568602468e-06
-0.672010411125614,-0.4741999103211984,0.19680202785459028,0.18146717320213337,0.02512200733265345,0.037173430667250394,-0.012520422033892562,0.0071890110618809825,1.715779858836178e-05,-0.0006546925919987171,0.00024397841056330734,-5.379497841832591e-06
-0.6701891398027301,-0.4739320944676723,0.19716448929370625,0.18186221536868297,0.02630594810716482,0.037887468817914195,-0.012526680926470362,0.007191570085261371,1.7072297911404616e-05,-0.00062582778084083,0.00025598934217153864,-5.344453877154196e-06
-0.6683638714130457,-0.4736523625975377,0.19753389831564097,0.18225683117408295,0.02748848946520242,0.038600606571332845,-0.012532668422289766,0.007194239189052641,1.6985747882737972e-05,-0.0005986873278691965,0.00026699786663295013,-5.309886898831891e-06
-0.6665346100903108,-0.47336072907599647,0.19791024577697375,0.18265103216907025,0.02866960786304234,0.03931283666274856,-0.012538388984096134,0.007197012069952611,1.6898221281507942e-05,-0.0005719932003155825,0.0002773760173386869,-5.2758840862006975e-06
-0.6647013598791317,-0.4730572085476538,0.19829351918365112,0.1830448295270341,0.029849280117288254,0.040023822677207735,-0.012543843470210364,0.007199887225663082,1.6809727289707775e-05,-0.0005453849100200623,0.00028760393673760935,-5.242802340106696e-06
-0.6628641246916963,-0.47274181584136826,0.19868371023640513,0.1834382333961457,0.031027483265473985,0.04073398235494069,-0.012549028476116818,0.007202861358832213,1.672030455275241e-05,-0.000518436194543372,0.0002975020966636829,-5.209958794722416e-06
-0.6610229083362001,-0.47241456603769,0.1990808101494008,0.18383125465428427,0.03220419298853583,0.041443264745181486,-0.012553952417077529,0.007205926489796305,1.663004953113159e-05,-0.000492329073361583,0.00030660223029390315,-5.177461838191002e-06
-0.6591777145245057,-0.4720754744577338,0.19948480972320498,0.1842239035440915,0.033379385673588044,0.04215162576342433,-0.012558630596709681,0.0072090708551050585,1.6539107797800995e-05,-0.0004677524175409303,0.00031452592722394667,-5.145167255946891e-06
-0.6573285468851234,-0.4717245566416916,0.1998956994641574,0.1846161889054176,0.03455303985635329,0.04285903340567175,-0.012563073782568424,0.007212283929101356,1.6447612855823327e-05,-0.0004442526123962072,0.00032139697225994296,-5.112745959711269e-06
-0.6554754089955627,-0.4713618283810858,0.20031346608292247,0.18500811864463604,0.035725135386068904,0.04356510647800798,-0.012567288902375847,0.007215561041488332,1.6355613682593947e-05,-0.0004214456138282627,0.0003278009614741652,-5.08130891990642e-06
-0.6536183043395907,-0.47098730560586016,0.20073810075088777,0.1853996988960791,0.036895653546045834,0.044270289529074434,-0.01257127069874089,0.0072188998915119675,1.626313653308934e-05,-0.0003981128941943688,0.0003339748590299015,-5.050160109260498e-06
-0.6517572363568364,-0.4706010045051584,0.20116959044977567,0.18579093714869208,0.03806457392521256,0.04497416209483703,-0.012575025063640801,0.007222296697767376,1.617022729337765e-05,-0.0003753694045443572,0.00033977058688951597,-5.019205214464657e-06
-0.649892208417077,-0.47020294145966746,0.20160792286451484,0.18618184021652448,0.03923187640078617,0.04567679223040841,-0.012578564681123078,0.007225741716443526,1.6077008038776535e-05,-0.0003538944070452647,0.00034459185584558244,-4.988329898747253e-06
-0.6480232238321354,-0.46979313303001563,0.20205308613434741,0.18657241407832234,0.04039754222640681,0.046378222613225425,-0.012581903487063237,0.007229222023419104,1.5983644048819893e-05,-0.00033381311594938944,0.00034812060577371374,-4.9572242176538855e-06
-0.6461502858726721,-0.46937159594268685,0.20250506859779707,0.18696266310613824,0.04156155464080609,0.04707847079805689,-0.012585049126307691,0.007232727834887188,1.589025838077572e-05,-0.0003144963980917209,0.0003506708964474456,-4.926170207080346e-06
-0.6442733977796564,-0.4689383470820023,0.20296385872759845,0.1873525903237756,0.042723898097577054,0.04777754862103041,-0.012588001820493524,0.007236255136826133,1.5796904748327512e-05,-0.0002952018825650416,0.00035281974800423774,-4.89484917181511e-06
-0.6423925627678289,-0.46849340349295676,0.20342944501656465,0.1877421984072791,0.043884556979442775,0.04847545680179395,-0.012590760333830317,0.007239801880972541,1.5703609475456068e-05,-0.00027578380688530975,0.0003547637551880122,-4.863530187810692e-06
-0.6405077840255197,-0.4680367823850885,0.20390181593635068,0.18813149029107645,0.04504351510329378,0.04917219135554527,-0.012593328153792977,0.0072433618622227405,1.5610454463573332e-05,-0.00025671453789100367,0.0003560871969648298,-4.831892754478233e-06
-0.6386190647202489,-0.4675685011300146,0.2043809598568332,0.18852046871610337,0.04620075638206581,0.049867739368259376,-0.012595713601244648,0.007246923047723728,1.5517594590688376e-05,-0.00023847746745464017,0.0003562072527613369,-4.799983176123965e-06
-0.6367264080120307,-0.46708857725055525,0.20486686508023633,0.1889091351604985,0.047356265770180525,0.05056209112473026,-0.012597924578931772,0.00725047224421585,1.5425199001656437e-05,-0.00022103079453069237,0.00035500787320333403,-4.767842752981613e-06
-0.6348298170689713,-0.46659702841071493,0.20535951982874887,0.18929748934279492,0.04851002948218142,0.051255236346204075,-0.012599963806232854,0.007254001049488864,1.5333376550777826e-05,-0.0002038561388771504,0.00035296820120084293,-4.735470431796559e-06
-0.6329292950762755,-0.4660938724131086,0.20585891221859248,0.1896855298487178,0.049662034231804236,0.05194716295223212,-0.012601829801091395,0.007257506343149999,1.5242172221451832e-05,-0.00018653331082012404,0.00035061645706801044,-4.702601322373881e-06
-0.6310248452375943,-0.46557912720214417,0.20636503024268169,0.1900732551442853,0.05081226640565033,0.05263785716853373,-0.012603521724047743,0.007260985121887707,1.5151628874013155e-05,-0.0001691265685714632,0.0003479643506794156,-4.669301174423699e-06
-0.6291164707752724,-0.4650528108649427,0.20687786184717719,0.1904606639007194,0.05196071201016112,0.05332731206484089,-0.012605042351661547,0.007264429183063492,1.5061854443800917e-05,-0.00015199756141255874,0.00034449190864381784,-4.635616268711855e-06
-0.6272041749387128,-0.4645149416290075,0.20739739484163788,0.19084775430096887,0.05310735727720179,0.054015510916110204,-0.012606396537320113,0.007267825504108701,1.4973017212036889e-05,-0.0001353540161599629,0.0003397171002005368,-4.601589221336514e-06
-0.6252879610191776,-0.46396553785547084,0.20792361692702135,0.19123452301128044,0.054252189146707146,0.05470243989860293,-0.012607587618837221,0.007271162014831239,1.4885275622318479e-05,-0.00011904436857902042,0.0003337351678834982,-4.567004894555657e-06
-0.6233678323639406,-0.46340461803538424,0.20845651564389636,0.19162096505149737,0.055395195164498354,0.05538808086740331,-0.01260861569015662,0.007274432092710906,1.47987185754867e-05,-0.00010274418130942917,0.0003270909232664994,-4.531949622382725e-06
-0.6214437923821843,-0.46283220078939374,0.20899607842594803,0.19200707461190844,0.05653636291440989,0.0560724216900165,-0.012609479520820614,0.007277633017169768,1.471338525497161e-05,-8.632097814566956e-05,0.0003201745922726658,-4.496473908750231e-06
-0.6195158445458083,-0.4622483048704398,0.209542292547658,0.19239284594083653,0.057675679701135914,0.05675544475139342,-0.012610179234400724,0.007280760418921868,1.462933781389175e-05,-6.9910178765685e-05,0.00031282128824950827,-4.460357516556978e-06
-0.617583992391897,-0.4616529491635063,0.21009514514211997,0.1927782733397262,0.05881313272441169,0.05743713330965273,-0.01261071681195692,0.007283804681164026,1.4546700972313343e-05,-5.369757766806112e-05,0.00030450622232473074,-4.423958676015091e-06
-0.6156482395326998,-0.46104615268287996,0.2106546231953246,0.1931633503206199,0.0599487094551276,0.05811746945334873,-0.012611094295578742,0.007286753112051407,1.4465638178929547e-05,-3.7689306199193345e-05,0.0002949218659734528,-4.387279861521292e-06
-0.6137085896704104,-0.460427934569619,0.21122071352476304,0.19354806881219688,0.06108239771727077,0.05879643354360085,-0.012611312372109586,0.007289595658295992,1.4386279585861724e-05,-2.1749815669569025e-05,0.0002843320959068828,-4.3503196511300195e-06
-0.6117650466080706,-0.4597983140905243,0.21179340280035788,0.19393241936186295,0.06221418546813836,0.059474008940443045,-0.012611370721782953,0.007292327349314095,1.4308691368011651e-05,-5.778398569909219e-06,0.00027324522284090705,-4.31306105968559e-06
-0.6098176142533066,-0.4591573106387298,0.212372677558483,0.19431639202343146,0.06334406055547254,0.06015018082509749,-0.01261126956377717,0.007294945251468917,1.4232914086733377e-05,1.0171069281347523e-05,0.0002618649575742086,-4.275491291532423e-06
-0.6078662966193148,-0.4585049437338279,0.21295852417607108,0.19469997694628247,0.06447201078761426,0.06082493131027524,-0.012611010063922512,0.007297443667141019,1.415902313609266e-05,2.6003897261553202e-05,0.00024991487992730404,-4.237607408422556e-06
-0.6059110978294866,-0.45784123302006724,0.21355092887086724,0.1950831640945115,0.06559802416279337,0.061498241682516296,-0.012610593160662998,0.00729981262360714,1.4087145223862828e-05,4.174278650147052e-05,0.00023696744882201486,-4.199663434856797e-06
-0.6039520221557297,-0.45716619832511574,0.21414987286845946,0.19546594316479846,0.06672208870013548,0.06216961004902562,-0.012610022915250724,0.007302041989642822,1.4017407348337046e-05,5.7075455890270973e-05,0.00022300681506386372,-4.161822490571012e-06
-0.601989073965921,-0.45647985951603526,0.2147553436798458,0.19584830075980408,0.06784419294899141,0.06283966242938382,-0.012609297608246757,0.007304123894840548,1.3949911682731075e-05,7.257999260351296e-05,0.00020825907369366833,-4.123707831280605e-06
-0.600022257771304,-0.4557822365878272,0.21536732814380924,0.19623022360952333,0.06896432527112668,0.06350832982430993,-0.012608417279557657,0.007306054098782295,1.38847122134642e-05,8.808049727874713e-05,0.00019308725557949362,-4.085552554188478e-06
-0.5980515782285394,-0.4550733496615422,0.21598581256101682,0.1966116981280512,0.07008247394343291,0.06417555682460935,-0.012607383575078197,0.007307828728759147,1.3821859148539772e-05,0.0001034163739035837,0.0001775281334916655,-4.047262641017588e-06
-0.5960770401410105,-0.4543532189796365,0.21661078285438493,0.1969927106799761,0.07119862753576273,0.06484130345041084,-0.01260619758066757,0.0073094409975107905,1.3761437503601182e-05,0.00011864360064354884,0.0001612902315965184,-4.009023383271281e-06
-0.5940986484361953,-0.4536218648405408,0.2172422296859804,0.19737324638356804,0.07231277511787322,0.06550604035216989,-0.012604854090466182,0.007310880843685832,1.3703577053255137e-05,0.0001343913166827922,0.00014404611038938226,-3.97047700664413e-06
-0.5921164082430919,-0.4528793077486002,0.2178801367531082,0.1977532910634507,0.07342490523026189,0.06616906836188605,-0.012603352487419015,0.007312140194970464,1.3648377574416134e-05,0.0001502006635125129,0.0001259946956461956,-3.9321045600912e-06
-0.5901303248594874,-0.45212556832591017,0.21852448805930444,0.19813282834769985,0.0745350059720632,0.06683041607775114,-0.012601693512509532,0.007313213605387841,1.3595904795162973e-05,0.0001659358622541774,0.00010739864312844796,-3.8939888080794106e-06
-0.5881404037868887,-0.45136066737721275,0.219175262646152,0.1985118420508471,0.07564306513760474,0.06748958627770249,-0.012599884593259517,0.007314098380739842,1.35461845682395e-05,0.0001809282883428733,8.853315914043938e-05,-3.85663775085521e-06
-0.5861466506937684,-0.450584625799334,0.21983244129191373,0.1988903148619464,0.07674907117573901,0.06814675136398991,-0.012597932231786195,0.007314790473308293,1.3499260956057062e-05,0.00019527046904174348,6.926287952276389e-05,-3.819925274970584e-06
-0.5841490714225764,-0.4497974645810778,0.22049600586897355,0.19926822938363334,0.07785301361246555,0.0688020188023346,-0.012595838935593436,0.00731528384542473,1.3455203823206069e-05,0.00020936184694469504,4.9388792557068255e-05,-3.7837670990097547e-06
-0.5821476719675163,-0.4489992047388387,0.2211659443278808,0.1996455669199092,0.0789548826973597,0.06945599354392387,-0.012593599000896294,0.007315570858983848,1.3414108292470459e-05,0.00022402353258342455,2.8750835450198088e-05,-3.7476412269109354e-06
-0.5801424585246775,-0.44818986741423933,0.2218422432617718,0.2000223091049274,0.08005466823831556,0.07010853725985029,-0.01259120759202776,0.007315645491111564,1.3376045417690915e-05,0.0002391687319124842,7.5105488218437095e-06,-3.711906557484569e-06
-0.578133437526951,-0.44736947394342763,0.22252488276365187,0.20039843766784152,0.08115235897265098,0.07075899851817302,-0.012588668719756585,0.007315504397175331,1.3341050255977251e-05,0.00025391282786190687,-1.4064219072864947e-05,-3.676776892262283e-06
-0.5761206156031764,-0.4465380457602656,0.2232138440199842,0.2007739329244121,0.08224794354075293,0.07140748542335461,-0.01258598922001862,0.0073151435279105665,1.3309164938362719e-05,0.00026797329873195136,-3.604393472824807e-05,-3.6424198798004053e-06
-0.5741039995836235,-0.4456956043919469,0.22390910895073715,0.2011487749949357,0.08334141160035284,0.07205406972245842,-0.01258317392698842,0.007314557704130763,1.3280444775780112e-05,0.0002815503112028137,-5.854159794441822e-05,-3.608927263208174e-06
-0.5720835964748896,-0.4448421713872406,0.22461066554128095,0.20152294270730245,0.08443275395007295,0.0726993553849345,-0.012580218212142301,0.007313740572399815,1.3254965958101278e-05,0.00029559012003345657,-8.167465064971476e-05,-3.575675145536012e-06
-0.570059413509397,-0.44397776841303604,0.2253185002701497,0.20189641535131164,0.08552196149243319,0.07334318919126295,-0.012577114509409182,0.007312687712620509,1.3232777636682915e-05,0.0003103864999624872,-0.00010524974025014034,-3.5429195443284296e-06
-0.5680314581463709,-0.44310241725800015,0.22603259857127173,0.2022691717306751,0.08660902402013453,0.073985464469792,-0.01257385768142121,0.0073113955016430214,1.321391716038508e-05,0.0003256965895335467,-0.0001291871634805828,-3.510823371303248e-06
-0.5659997380725993,-0.4422161398359949,0.22675294510855842,0.20264119047443213,0.08769393017626809,0.07462610227247796,-0.012570448935093001,0.007309859036333017,1.3198436695756228e-05,0.00034088594991077273,-0.0001536149273042685,-3.4794996158754673e-06
-0.5639642612059168,-0.44131895818245176,0.2274795239069948,0.20301244989374095,0.08877666851802489,0.0752650367760122,-0.01256689316795527,0.007308071867629735,1.3186409420930918e-05,0.00035558550439061576,-0.00017868763854331937,-3.4487747775195385e-06
-0.5619250357005746,-0.44041089444344167,0.2282123186167801,0.20338292753109438,0.08985722860453682,0.07590222843051017,-0.012563191912289506,0.0073060282333455,1.317789849829116e-05,0.000370131785495134,-0.00020433660271336696,-3.41876996412845e-06
-0.5598820699531062,-0.4394919708709105,0.2289513126198644,0.20375260003578322,0.09093560086415164,0.07653764834971225,-0.012559339738580536,0.007303725516766659,1.3172929209756676e-05,0.00038522100086920465,-0.00023024724964608535,-3.3893038341946884e-06
-0.5578353726045233,-0.4385622098291998,0.22969648901327527,0.20412144367242593,0.09201177534362105,0.077171266142017,-0.01255532813458667,0.0073011634475087525,1.3171498639217448e-05,0.00040116144404426054,-0.000256184929532674,-3.3602333321166134e-06
-0.5557849525254237,-0.4376216337802974,0.23044783255485343,0.20448943525745902,0.09308574134582645,0.07780324444606797,-0.012551146655957662,0.007298335204643399,1.3173423929868337e-05,0.0004181464574994948,-0.00028280441930532185,-3.357758397847319e-06
-0.5537308188505635,-0.43667026535391784,0.2312053252733874,0.2048565511890026,0.09415748535868951,0.07843330887613886,-0.012546801081484834,0.007295236666897663,1.3178833355878682e-05,0.0004345535001762873,-0.00030983616542839095,-3.34735925789893e-06
-0.55167298096502,-0.43570812730376174,0.23196894920240438,0.20522276743702927,0.09522699469324837,0.07906145814627238,-0.012542298537748723,0.00729186143858522,1.3187854606878218e-05,0.00045024779397633897,-0.000337507590485899,-3.331930793222605e-06
-0.5496114485131294,-0.434735242498573,0.23273868625577812,0.20558805892854198,0.09629425823063238,0.07968767856342403,-0.012537639436548913,0.007288206272711488,1.3200553767636744e-05,0.000465900862332975,-0.0003655037727269919,-3.313664054930525e-06
-0.5475462314382813,-0.43375163399528593,0.23351451195468262,0.20595240056763775,0.09735926583586714,0.08031133012819597,-0.01253281876113673,0.007284275594937018,1.3216885046572817e-05,0.00048205564196158524,-0.0003930573666491387,-3.29410936629541e-06
-0.5454773399299114,-0.43275732494767954,0.23429640370804328,0.20631576645434843,0.09842200630243343,0.08093260086678129,-0.012527829414994274,0.007280074459111018,1.3236785419263137e-05,0.0004989201225748298,-0.00042010553672030377,-3.274193308812146e-06
-0.5434047844193194,-0.43175233862504214,0.23508434013801874,0.2066781320247802,0.09948246685177183,0.08155161090005451,-0.012522671291377213,0.007275602513178801,1.326025567964136e-05,0.0005157952805801034,-0.0004471889108549861,-3.2542979976949344e-06
-0.5413285755815525,-0.43073669841890866,0.23587830057490974,0.2070394734121175,0.1005406340278449,0.08216842931050611,-0.012517352023425294,0.00727085309430309,1.3287377856064127e-05,0.0005319070687920075,-0.00047493861953474826,-3.2341892809309358e-06
-0.5392487242740076,-0.42971042768212214,0.2366782781126217,0.20739976310817063,0.10159649384632354,0.08278443196669948,-0.01251188252500213,0.0072658232509942265,1.331816423187557e-05,0.0005469274659352534,-0.0005029834697431874,-3.216176901009583e-06
-0.5371652416955498,-0.42867355004417584,0.23748425089319272,0.20775897841754798,0.10265003800051162,0.08339812182361239,-0.012506258106478102,0.007260511949382319,1.3352632403109206e-05,0.0005624168178138556,-0.0005311317211674104,-3.197314719088577e-06
-0.5350781393146077,-0.4276260892581832,0.23829619581073658,0.20811709324563724,0.10370125699056443,0.08400937302515889,-0.012500466243574676,0.007254925475059718,1.339070339804352e-05,0.0005791586597300636,-0.0005586513640706595,-3.1780875295637073e-06
-0.5329874287773327,-0.4265680690408123,0.23911410382517756,0.2084740793604823,0.10475013767479607,0.08461959231266274,-0.012494500797776411,0.007249072449246618,1.343226200062358e-05,0.0005965144417974123,-0.0005853088086314819,-3.159192508968194e-06
-0.5308931220467086,-0.42549951340741077,0.23993795157103315,0.2088299163126605,0.10579666844216903,0.08522734490182275,-0.01248836105114796,0.0072429483452900335,1.347735721218178e-05,0.0006139419870959373,-0.0006124189447257963,-3.140632252502251e-06
-0.5287952313349371,-0.42442044651721994,0.24076771486346854,0.20918458114571417,0.10684083559185967,0.08583254625192471,-0.012482054135011035,0.007236542432964023,1.3526114142407484e-05,0.0006306563152275287,-0.0006406021763064227,-3.122521488164794e-06
-0.5266937690355669,-0.4233308924857143,0.241603384046552,0.20953804599571602,0.10788262505331074,0.08643664824543003,-0.012475586772801807,0.007229851131456335,1.3578569328337214e-05,0.0006466982793873227,-0.000669143507129466,-3.1047653324744015e-06
-0.5245887478837125,-0.4222308757047951,0.24244493504434944,0.2098902873761393,0.10892202836513465,0.08703820713634566,-0.012468948342321283,0.00722287723144287,1.3634677883963447e-05,0.0006638025023223816,-0.0006974057363988209,-3.087536508467045e-06
-0.5224801808095996,-0.42112042054802906,0.24329235624708082,0.2102412760957119,0.10995903322901517,0.08763846984963779,-0.012462125831991851,0.0072156337907961395,1.369426594940772e-05,0.0006822080151727809,-0.0007243620635013612,-3.0709156443221517e-06
-0.5203680810606596,-0.41999955169037934,0.2441456219709449,0.21059099072992427,0.11099362836665026,0.0882360271987588,-0.012455107682505798,0.007208124304182085,1.3757280265792262e-05,0.0007017695038390683,-0.0007509688851679881,-3.054760808501942e-06
-0.5182524620520523,-0.41886829381571633,0.24500471945908683,0.2109394060118749,0.11202579658194027,0.08883217051571408,-0.012447899681668598,0.0072003443166467306,1.3823760197097413e-05,0.000720752190437476,-0.0007780212171061261,-3.039698747363468e-06
-0.5161333375135977,-0.41772667191291935,0.24586962206637916,0.21128650214613995,0.11305552440219954,0.08942550753709166,-0.012440508167235744,0.00719228008564434,1.389386094398307e-05,0.0007391009970376099,-0.000806447890723613,-3.0256840912976767e-06
-0.514010721385927,-0.41657471100294646,0.2467403120538151,0.2116322528238845,0.11408279815534994,0.09001692567222941,-0.012432929372995623,0.007183923510913733,1.3967674045969371e-05,0.0007578263668639017,-0.0008356846420503689,-3.0120203803561676e-06
-0.5118846279251511,-0.4154124363361305,0.2476167636007031,0.21197663189162705,0.11510760657471035,0.09060561589498001,-0.012425148598188407,0.007175284273386913,1.4045062492461498e-05,0.000778021919363558,-0.0008639532050924134,-2.999418077031104e-06
-0.5097550715771172,-0.4142398731697754,0.24849896382546033,0.21231960996638694,0.11612993451400118,0.09119287299210642,-0.012417151392800205,0.007166379564007653,1.4125797371386276e-05,0.0007996626456962589,-0.0008905025225299173,-2.987731137130473e-06
-0.5076220670962688,-0.41305704709576946,0.249386885544221,0.21266116666048418,0.11714976743277251,0.09177726482193924,-0.01240892887880296,0.007157211520141657,1.4209837059561722e-05,0.0008221912127368523,-0.0009168380687242504,-2.9769315348391137e-06
-0.5054856293970357,-0.41186398373981425,0.2502805149276219,0.2130012775392447,0.11816708481808583,0.09236012516933073,-0.012400490835987786,0.007147772297144745,1.4297259164492417e-05,0.0008437417534659198,-0.0009439581157835868,-2.9674676747547383e-06
-0.5033457737082506,-0.41066070905692076,0.2511798239817658,0.21333992299337387,0.11918187102300351,0.09294003409978545,-0.012391843890872023,0.007138048044603195,1.438821713464921e-05,0.0008646295416727253,-0.0009724632885398908,-2.959171327850887e-06
-0.5012025154493043,-0.409447249007191,0.2520847982296024,0.2136770744347828,0.12019410928862342,0.0935183426612268,-0.012382985979656657,0.007128042070638294,1.4482648351378793e-05,0.0008857237639018713,-0.0010006375975302405,-2.952341189750836e-06
-0.49905587037049653,-0.4082236298652229,0.25299540915660257,0.21401270791363375,0.12120378786551797,0.09409364618212106,-0.012373895873508322,0.00711776812340634,1.4580366111686136e-05,0.0009089410119951145,-0.001027436965726095,-2.9464405889508886e-06
-0.49690585439056817,-0.40698987793522584,0.25391164197332466,0.21434679554396155,0.12221088864281333,0.09466731784910562,-0.01236455779386754,0.00710724372962225,1.4681133331476587e-05,0.000933736293944645,-0.001052483503945465,-2.9418331800294255e-06
-0.49475248371581393,-0.4057460198845531,0.25483346772843246,0.21467931919882058,0.12321539368855938,0.09523793900255251,-0.012354966546701545,0.00709646682193427,1.478495712191199e-05,0.0009590509830730604,-0.001077736771075375,-2.9383382378894045e-06
-0.49259577469771126,-0.4044920824368775,0.2557608712879879,0.21501025602987126,0.12421727932848758,0.09580688939446885,-0.012345136099521122,0.007085425667427261,1.4891962638128453e-05,0.0009829688416499941,-0.0011041633955514805,-2.936069263312225e-06
-0.49043574399409307,-0.40322809266431703,0.2566938232773932,0.21533958705809525,0.12521652808934394,0.09637274169266248,-0.012335072305145297,0.007074107974156485,1.5002280665876912e-05,0.0010063013356512874,-0.0011318192830443309,-2.935110592914653e-06
-0.4882724084436411,-0.40195407766137525,0.257632308244848,0.21566728378008762,0.1262131215764691,0.09693688826205055,-0.01232476802234338,0.007062523566419465,1.5115769145153826e-05,0.001030348063628325,-0.0011584926410963202,-2.935418548914573e-06
-0.48610578519866005,-0.40067006486551704,0.2585762964634049,0.21599332343685038,0.1272070459064301,0.09749790113845552,-0.012314197918005214,0.0070506914862692085,1.5232177494964868e-05,0.0010569282897042094,-0.0011832616305224,-2.936480461179808e-06
-0.48393589155489125,-0.3993760817759288,0.25952577219352996,0.21631768050674421,0.1281982794241927,0.09805717968566455,-0.012303348023955189,0.007038628467030932,1.5351279728348997e-05,0.0010849055022337478,-0.0012063571369850948,-2.938695985494363e-06
-0.48176274507152733,-0.39807215628633874,0.2604807053937827,0.21664033972430963,0.12918680059829082,0.0986132908403339,-0.012292219158542464,0.0070263273742795914,1.547314515103487e-05,0.0011128008404008996,-0.0012301661182329447,-2.941916918482044e-06
-0.4795863634370275,-0.3967583163690463,0.2614410800620799,0.21696128000960738,0.13017258289345623,0.0991676365912874,-0.012280829521767062,0.007013773983580239,1.5597928572662155e-05,0.001138876079677775,-0.001255397626819201,-2.946273113855681e-06
-0.47740676463413106,-0.3954345903615197,0.262406865806288,0.2172804831947808,0.13115560749086463,0.09971877521009215,-0.012269182544872175,0.007000959967018532,1.572570863049353e-05,0.001164608150058824,-0.0012814619616376723,-2.952088629929692e-06
-0.4752239668101075,-0.3941010066422597,0.26337804640798984,0.21759792149883206,0.13213585456107751,0.10026812493706758,-0.01225726501818752,0.00698790261946174,1.5856253051776296e-05,0.0011916613608255664,-0.0013057966560253355,-2.9589749326235497e-06
-0.47303798839921,-0.3927575939619107,0.26435459115555826,0.21791357436818992,0.1331133078755851,0.10081423629060854,-0.012245048709719658,0.006974624728306637,1.5989264715924737e-05,0.0012215379886044186,-0.0013278524189337141,-2.9667016944011636e-06
-0.47084884794739623,-0.3914043811649386,0.2653364835648325,0.2182274195887751,0.1340879420333369,0.10135853240531102,-0.012232523701915127,0.0069611398576838075,1.6124558765159064e-05,0.001252406509931429,-0.0013485516454173057,-2.9753695911650654e-06
-0.4686565642366457,-0.39004139751902667,0.26632369264202854,0.21853944519611498,0.13505973204170774,0.10189955922198095,-0.012219698313175893,0.006947435347667706,1.6262271970302458e-05,0.0012824431049891288,-0.0013705169383692256,-2.984910360341635e-06
-0.46646115615947026,-0.3886686723866234,0.2673162016972886,0.21884963196627272,0.1360286491707219,0.10243874552791878,-0.01220659367319177,0.006933496339292367,1.640256364324166e-05,0.0013103666302562629,-0.0013939682129847305,-2.9957080761355003e-06
-0.4642626428539814,-0.3872862354456496,0.26831398439276,0.2191579638079892,0.13699467610527755,0.10297511929575189,-0.012193191082481451,0.006919307454719898,1.6544907043858364e-05,0.0013401604790803543,-0.0014189565157396629,-3.0769177207004446e-06
-0.46206104365179895,-0.3858941165326701,0.2693170222098603,0.21946441325241106,0.13795778924533728,0.10350946563915515,-0.012179476430719163,0.006904898008426074,1.668915318560912e-05,0.0013713654726291487,-0.0014410134103904433,-3.136199000557897e-06
-0.4598563780767092,-0.3844923457476035,0.27032529562839763,0.21976895886591444,0.13891796608433166,0.10404168684615904,-0.01216542841661433,0.0068902987208513105,1.6835062779221055e-05,0.0014047007687269881,-0.0014599982002229685,-3.180943152450272e-06
-0.45764866587113145,-0.3830809536333555,0.27133877047802585,0.22007158849121516,0.13987518122772877,0.10457031678223722,-0.012151040626014029,0.006875515261042349,1.698264983822692e-05,0.0014386774780571277,-0.0014784161469210213,-3.2163688001915605e-06
-0.4554379268433505,-0.3816599708635804,0.2723574276429474,0.2203722866806255,0.14082940133847752,0.10509686002813734,-0.012136335609915994,0.006860535047644712,1.7132115239274203e-05,0.0014703989574232962,-0.0014980923825943387,-3.245971276791838e-06
-0.4532241809655833,-0.3802294283845953,0.2733812470988055,0.22067103927341641,0.14178059832451675,0.10562122467473017,-0.012121335492031857,0.0068453449736537945,1.728364360839801e-05,0.0014999079477727515,-0.0015190794484136211,-3.271972643961385e-06
-0.4510074483997631,-0.37878935738924846,0.2744102072608908,0.22096782761026096,0.14272875018535477,0.10614325500654354,-0.01210603656485267,0.006829954380925939,1.7437133027939256e-05,0.0015297877680780258,-0.0015391322757639888,-3.2957678213705904e-06
-0.44878774948727956,-0.3773397893149148,0.27544428535827503,0.22126263151652759,0.1436738371980268,0.10666283399644862,-0.012090411341703775,0.006814393754174154,1.7592231753088224e-05,0.0015624165046921473,-0.0015561364314831026,-3.31675893305663e-06
-0.44656510470757255,-0.37588075587667175,0.2764834577374267,0.2215554351557802,0.14461583563071936,0.10717987441856822,-0.01207443579357981,0.006798689118475461,1.77486390616644e-05,0.0015974483539698025,-0.0015705379082757533,-3.335317440650413e-06
-0.4443395346417977,-0.37441228909970775,0.27752770001281074,0.22184622894578807,0.14555471533989733,0.10769430239825627,-0.012058114015022058,0.006782840638954295,1.790636372363041e-05,0.0016320707495235797,-0.001584922886549861,-3.3517926617554384e-06
-0.44211105997162564,-0.3729344213107031,0.27857698741455134,0.22213500524728916,0.14649044416203846,0.10820607793128814,-0.01204147270661863,0.006766829385731653,1.8065637038265255e-05,0.001664022936162574,-0.0016012009960502094,-3.3669527118311733e-06
-0.4398797015080196,-0.3714471850988461,0.2796312948098825,0.22242175262562636,0.14742299469680553,0.10871516389962001,-0.012024529811911943,0.006750645043305888,1.822658137978856e-05,0.0016941806934861825,-0.0016185107302619218,-3.381249905567372e-06
-0.4376454802097264,-0.3699506132866514,0.28069059671745306,0.22270645482375606,0.14835234590585739,0.10922152601898513,-0.012007271190640286,0.006734304573281355,1.8388988823399847e-05,0.0017257526252310459,-0.0016341241786297683,-3.3948709117281124e-06
-0.435408417163578,-0.3684447389456645,0.28175486733469746,0.22298909567441785,0.14927847741177847,0.10972513336551099,-0.01198966226986837,0.0067178415388356805,1.8552449192608936e-05,0.0017607821334294444,-0.001646381060767665,-3.408152556026132e-06
-0.4331685335392706,-0.36692959544234655,0.28282408060913045,0.22326966483920982,0.1502013627309944,0.11022596118631084,-0.011971682038129582,0.006701276556006671,1.8716705712346828e-05,0.0017979129658720868,-0.0016565761816544362,-3.4213846355398736e-06
-0.4309258505609251,-0.36540521646807317,0.2838982102508577,0.22354815796056318,0.15112096861019536,0.11072398465011689,-0.011953343709909388,0.006684601426704135,1.888184410115026e-05,0.001833722296780244,-0.0016675911576800803,-3.4348816714673623e-06
-0.4286803895195088,-0.3638716360208712,0.2849772297408788,0.22382457091390326,0.15203726162239006,0.11121917954026493,-0.011934678088893253,0.006667794755084014,1.9048105272551372e-05,0.00186645110324004,-0.0016807458554454866,-3.448868896595526e-06
-0.42643217180541293,-0.36232888835908206,0.2860611123893666,0.22409889443492606,0.15295021503704143,0.11171152836390498,-0.011915696285826253,0.006650851988769156,1.9215525258642524e-05,0.0018980688171985273,-0.0016943558037233193,-3.4636501137185933e-06
-0.42418121891967225,-0.36077700798186263,0.2871498312689933,0.22437111490805658,0.153859808210041,0.11220100797796237,-0.011896372996229872,0.0066337978000828145,1.9383793316119347e-05,0.001932217191412417,-0.0017054983268757523,-3.4790544626919743e-06
-0.4219275524425867,-0.35921602965955085,0.28824335932894873,0.22464122065840478,0.15476601888612376,0.11268760661672718,-0.011876669437846725,0.006616666352650709,1.9552487764992498e-05,0.0019702440752087775,-0.0017132242300676918,-3.4949688601179956e-06
-0.4196711939875399,-0.3576459884869698,0.2893416693834553,0.22490920693322378,0.15566881676100944,0.11317131039184082,-0.011856571578610444,0.006599470904332726,1.9721433862521708e-05,0.002009674283767818,-0.001719624235889531,-3.5116556629280212e-06
-0.41741216518287994,-0.3560669199043273,0.29044473410403443,0.22517507404235335,0.15656816517851446,0.11365210402908435,-0.011836103135935642,0.00658219591198278,1.989079826057194e-05,0.0020467326431059182,-0.0017275786473598845,-3.529176473973569e-06
-0.41515048769511775,-0.3544788596635624,0.29155252603178744,0.22543882058769177,0.15746402976068302,0.11412997382365617,-0.011815296756452104,0.0065648206442308395,2.0060808260657013e-05,0.0020805261930194763,-0.0017376063223338276,-3.5475474145033995e-06
-0.41288618326150023,-0.3528818437789839,0.2926650175853793,0.22570043917101354,0.15835638453348747,0.1146049075763694,-0.01179415414787225,0.006547348575411586,2.0231400461343438e-05,0.002114149017175308,-0.001747286515898115,-3.567153651635319e-06
-0.41061927368991186,-0.35127590851997503,0.2937821810487728,0.22595991920138048,0.15924520858591826,0.11507689218611213,-0.011772639398861237,0.006529810997389213,2.0402184501036853e-05,0.0021513632334726825,-0.0017538372831768507,-3.587892531084288e-06
-0.408349780818249,-0.3496610904576525,0.29490398859848105,0.22621725397474263,0.16013047672620445,0.1155459168586517,-0.011750713506721898,0.0065122400382450485,2.0572764302270262e-05,0.0021924779792864505,-0.0017571750018021816,-3.609479554052773e-06
-0.40607772647079565,-0.3480374265200614,0.2960304122515784,0.22647244430258315,0.1610121541698552,0.11601196508948394,-0.01172837366999669,0.006494640400635263,2.0743065381189725e-05,0.002233872919105485,-0.001760042403040253,-3.6321224415755347e-06
-0.4038031324517833,-0.3464049539965572,0.2971614239718196,0.22672549455467897,0.16189020121321648,0.11647503121502892,-0.011705654459287076,0.006476991088824098,2.0913315077978164e-05,0.002271810651017098,-0.0017650095034062437,-3.655807326613866e-06
-0.4015260205773057,-0.34476371048948734,0.29829699558184786,0.22697640554632678,0.1627645833614264,0.11693510134827635,-0.011682587484490551,0.006459275022175298,2.108369463703212e-05,0.0023065872767544567,-0.001771684765843654,-3.6804759181183545e-06
-0.3992464127032712,-0.3431137338651474,0.2994370988097616,0.22722517182242571,0.16363527576928624,0.11739216634620021,-0.01165916290736758,0.006441504719612381,2.1254040755176747e-05,0.0023423478332819823,-0.0017771080339680735,-3.7059301926281497e-06
-0.39696433071268183,-0.3414550622630697,0.300581705249859,0.22747178645699667,0.16450225682980862,0.11784621268499779,-0.011635336017130987,0.00642371597337851,2.1423916547378044e-05,0.0023825797500470003,-0.0017789518152696653,-3.73245250885545e-06
-0.3946797964680989,-0.33978773415594976,0.3017307864072368,0.2277162482068689,0.16536549774851603,0.11829723088062084,-0.01161107238044153,0.006405935914935599,2.1592989808180977e-05,0.0024262552122548634,-0.0017780822513608903,-3.7598235004496306e-06
-0.3923928317299542,-0.33811178829938204,0.3028843233305639,0.22795856195410502,0.16622495861271963,0.11874617373812424,-0.011586379964186953,0.006388156658287234,2.176134350555392e-05,0.002469133929674849,-0.0017780013342577096,-3.787317701411631e-06
-0.39010345822614495,-0.3364272638540365,0.30404229379320963,0.2281987360852639,0.16708059817689683,0.11919271351322219,-0.011561300382279243,0.006370351723573398,2.1929272515143243e-05,0.0025078510654456643,-0.0017805685710477342,-3.815252236312818e-06
-0.38781169773017915,-0.33473420041349455,0.3052046636651855,0.22843677457715114,0.16793238382302655,0.11963566158452481,-0.011535862141437564,0.006352512171689279,2.2096858986644333e-05,0.0025437174760304542,-0.0017840297574959847,-3.844502968336724e-06
-0.3855175719720878,-0.3330326377214733,0.30637141021796094,0.22867267229248878,0.16878029041841985,0.12007615743846582,-0.011510042001056622,0.006334655647299923,2.2263886457011874e-05,0.0025819080836714044,-0.001785726349207118,-3.874230009654183e-06
-0.383221102679141,-0.3313226158379696,0.3075425085872099,0.2289064265059554,0.1696242952764299,0.12051398597637801,-0.011483788830607692,0.006316817362316065,2.2429938563754922e-05,0.0026252120055568445,-0.0017839015081720577,-3.904292515304283e-06
-0.3809223115246933,-0.3296041752022337,0.30871793247764345,0.22913804104553465,0.17046436571969392,0.120949002851504,-0.01145707586164729,0.006299016332395081,2.2594787396409858e-05,0.002671192911613979,-0.0017801749696161476,-3.934632325597076e-06
-0.37862122009968546,-0.32787735666773676,0.30989765461807206,0.22936752608494293,0.17130045874498834,0.12138111084872162,-0.011429928504226295,0.006281240059681972,2.2758563155754185e-05,0.0027146327258936458,-0.0017776982883480437,-3.9656579591260636e-06
-0.37631784992991874,-0.32614220146555023,0.3110816470307845,0.2295948913898187,0.1721325317181855,0.12181024116244579,-0.011402396162368026,0.006263463961413107,2.292153653510864e-05,0.002753131964030542,-0.0017776800368695458,-3.99708617327885e-06
-0.3740122225133246,-0.32439875113204814,0.3122698811057198,0.22982014044758248,0.17296055291836077,0.12223633192545967,-0.011374496599807238,0.006245684253942624,2.3083739725505926e-05,0.002789854805735332,-0.0017780401666643414,-4.028936888149395e-06
-0.37170435932928014,-0.3226470474775145,0.31346232775560356,0.2300432718540487,0.173784500083609,0.12265933486412142,-0.01134619426672619,0.0062279286638813195,2.3244846059312304e-05,0.002830132830042447,-0.0017756274478940223,-4.061249300342657e-06
-0.3693942818030693,-0.3208871326311663,0.3146589575380639,0.23026428664762716,0.17460434841197148,0.12307921273720863,-0.011317436935114998,0.006210232921341329,2.3404441126194527e-05,0.002875633908495543,-0.0017696414827080074,-4.093886577821772e-06
-0.3670820112574458,-0.3191190491147497,0.3158597406854731,0.23048319360490813,0.1754200608923772,0.12349593250402752,-0.011288211980168007,0.006192608671311454,2.3562387924325626e-05,0.0029223975460792202,-0.0017624909433981172,-4.126589064909944e-06
-0.364767568896847,-0.3173428398633712,0.31706464716032656,0.2307000067161079,0.1762315915892454,0.12390946941501527,-0.01125856155923496,0.006175037778265909,2.3718883344716264e-05,0.00296494532013685,-0.0017571540686250999,-4.159679342216771e-06
-0.3624509758346984,-0.3155585481681677,0.31827364665642954,0.23091473765661139,0.17703889895611685,0.12431980009971241,-0.01122853797398783,0.006157498994786422,2.3874157220319133e-05,0.0030022627795063786,-0.0017539420649364905,-4.193292078422214e-06
-0.3601322531268021,-0.3137662175991701,0.31948670868683754,0.23112739138927343,0.17784195487791185,0.12472690799398231,-0.011198146119303356,0.0061399979604781245,2.4028136883393442e-05,0.0030390907910563367,-0.00175016605984784,-4.227389930994964e-06
-0.3578114217687639,-0.3119658919947916,0.32070380248411573,0.23133796969068968,0.17864073904394107,0.12513076356075126,-0.011167337675783354,0.006122568242238844,2.4180437775771877e-05,0.0030807509728400678,-0.0017430331501687042,-4.261947096044599e-06
-0.3554885026517985,-0.3101576155260231,0.3219248971457514,0.23154647881243481,0.17943522473121884,0.12553135113039213,-0.011136063505150139,0.006105241819904413,2.4330699084541855e-05,0.0031273251958110464,-0.0017327020590590793,-4.296591200729907e-06
-0.35316351651951167,-0.3083414327682972,0.32314996159164794,0.23175293299339178,0.18022537132520922,0.12592865358416452,-0.01110432862643134,0.00608802137380773,2.4478891957066927e-05,0.0031733975249711834,-0.0017221029249950197,-4.330983425696624e-06
-0.3508364839649783,-0.30651738869863954,0.3243789646060612,0.23195734989263256,0.1810111318714994,0.126322661636253,-0.011072189983028616,0.0060708845920653,2.462526266854817e-05,0.003213775355710928,-0.0017137351209681531,-4.365417715359234e-06
-0.3485074254644302,-0.3046855286168049,0.32561187484700466,0.2321597430526224,0.18179246821927758,0.12671336713488185,-0.01103969641249133,0.00605381530337747,2.4769985613418046e-05,0.003249269318438358,-0.0017069845465089433,-4.400180091182925e-06
-0.3461763614043747,-0.3028458980735445,0.32684866081624014,0.232360119482684,0.18256935704263288,0.12710075514253522,-0.011006836149250387,0.006036827740271271,2.4912893796403332e-05,0.0032859399323245404,-0.0016988106273841154,-4.4357749914158826e-06
-0.34384331206604635,-0.30099854288235633,0.3280892909097965,0.232558484928526,0.18334177981075347,0.12748481214949664,-0.010973550220101205,0.006019957844488811,2.5053591700096047e-05,0.003328508097516257,-0.001687042322370256,-4.471283107735478e-06
-0.3415082975777404,-0.299143509201571,0.32933373341786126,0.23275485124159048,0.1841097075596246,0.1278655252171723,-0.010939797686056461,0.006003230662705028,2.5191807615520127e-05,0.003375170315495321,-0.001672769208740562,-4.506548818045126e-06
-0.33917133788053105,-0.2972808435955911,0.3305819565609427,0.23294923768794923,0.18487309680550476,0.1282428896594301,-0.010905603174916904,0.005986639702975236,2.5327615566538297e-05,0.003419369698790286,-0.0016591453380436258,-4.541707010432882e-06
-0.33683245273873563,-0.29541059300571754,0.33183392842566956,0.23314166483797855,0.18563190150014286,0.12861689825614245,-0.010871034110416079,0.005970160590141766,2.54612834476924e-05,0.003456826538894629,-0.0016479591365080525,-4.576871698705841e-06
-0.33449166177658934,-0.2935328046549656,0.33308961702593637,0.23333214770942212,0.18638608860666844,0.12898754829233858,-0.01083612946742749,0.005953783575229484,2.5592915614220407e-05,0.003490385820948088,-0.0016377478943534617,-4.6123706859629625e-06
-0.3321489844961855,-0.2916475259893095,0.33434899028992315,0.23352069555662278,0.187135639915155,0.12935483011363946,-0.01080085862087553,0.005937529778756129,2.5722281864346057e-05,0.0035270077392837978,-0.0016254244810831786,-4.6481777053874665e-06
-0.32980444025164185,-0.2897548047167973,0.3356120160872958,0.23370731840819503,0.18788053783614958,0.1297187333177689,-0.010765156055868906,0.005921433924157616,2.5849014402898863e-05,0.0035701813556530764,-0.0016096285359237697,-4.68354117697967e-06
-0.3274580482024365,-0.2878546889008601,0.33687866217864176,0.2338920333743023,0.18862075061891212,0.13007924504971163,-0.010728994475618652,0.005905512024823621,2.5972949374599058e-05,0.0036160847372363187,-0.0015922311748612138,-4.718490888355843e-06
-0.325109827291239,-0.2859472270035461,0.33814889627053474,0.23407486371632544,0.18935623277026087,0.13043636434756967,-0.01069241856313379,0.00588974952590278,2.6094251640200754e-05,0.0036575197097110214,-0.0015762893987074456,-4.753107364586896e-06
-0.3227597962655847,-0.28403246782741465,0.3394226859811422,0.2342558317934154,0.1900869409795185,0.1307900900278497,-0.010655500466345438,0.005874122531638021,2.6213179978278623e-05,0.0036917397267706028,-0.0015627373448009086,-4.787923074247252e-06
-0.3204079737141075,-0.2821104604128139,0.340699998850449,0.2344349535917102,0.1908128485139186,0.1311404178413129,-0.010618263319848506,0.00585862834693859,2.6329765621048895e-05,0.0037236462570001817,-0.0015494548242423768,-4.822966344832846e-06
-0.31805437807423237,-0.28018125400086874,0.34198080232863964,0.23461224059010033,0.19153394184487826,0.13148733529661502,-0.010580657769847894,0.005843292804880131,2.6443739836560485e-05,0.0037604883150206755,-0.0015335888628374389,-4.857956694160096e-06
-0.31569902759872653,-0.2782448980997486,0.3432650638047549,0.23478770695078113,0.19225020310408777,0.1318308304011358,-0.010542617337966787,0.005828146377815883,2.6554790795296393e-05,0.0038039783827116744,-0.0015146755135081898,-4.8925224651130245e-06
-0.31334194031387547,-0.2763014425806333,0.34455275061029345,0.23496137419227447,0.19296159724708678,0.13217089675482158,-0.010504133480303275,0.005813195218632066,2.6662869187344596e-05,0.0038483228583079615,-0.0014951468647367164,-4.926317999750475e-06
-0.3109831340111105,-0.2743509376961732,0.34584382998700536,0.2351332682189525,0.1936680779084143,0.1325075323455522,-0.010465269429002307,0.005798418801906498,2.6768203467633907e-05,0.003886343975878671,-0.0014776708917603276,-4.959676395174784e-06
-0.3086226262768849,-0.2723934339950646,0.3471382690814064,0.23530341205428182,0.19436960626253372,0.13284073607152158,-0.010426095295117227,0.005783796053845345,2.687102270557459e-05,0.003917353845616436,-0.0014623024290343445,-4.992989926441761e-06
-0.30626043452461427,-0.2704289822204126,0.3484360350093195,0.2354718221439157,0.19506616243460673,0.13317050641966896,-0.010386613939398676,0.0057693312626470065,2.697128919367492e-05,0.003948077653114823,-0.0014465051368718147,-5.026364358067571e-06
-0.30389657599203246,-0.26845763330126626,0.34973709481066084,0.23563851207852607,0.19575773657374881,0.13349682952938466,-0.01034675974104386,0.0057550522631054715,2.706872636763835e-05,0.003985363691151814,-0.0014279242348130712,-5.059294450977554e-06
-0.30153106770397187,-0.2664794384433913,0.3510414154386483,0.23580349969515113,0.19644430917332725,0.13381969024374993,-0.01030647206807306,0.005740982764465305,2.7163102220308594e-05,0.004028713050518129,-0.0014069723021073782,-5.091846452796679e-06
-0.2991639264391466,-0.26449444921843684,0.35234896379000913,0.23596680972987472,0.19712584188128487,0.1341390844914332,-0.010265764582560573,0.005727119478542841,2.7254467626206783e-05,0.00407069616270737,-0.001386349229823237,-5.123781421296479e-06
-0.29679516873455203,-0.26250271755145005,0.35365970669000896,0.23612846928558207,0.19780228890738255,0.1344550146271606,-0.01022471546544604,0.005713438366972622,2.734308465973998e-05,0.0041048610208911955,-0.0013681301433084948,-5.155288679728243e-06
-0.29442481092009976,-0.26050429561274996,0.3549736109154719,0.23628850100299453,0.19847361744966563,0.13476748399827074,-0.010183385780257934,0.005699922958043341,2.7429134482909842e-05,0.00413291941377909,-0.0013515583335604068,-5.186558137457751e-06
-0.29205286914432804,-0.25849923572923045,0.35629064310220976,0.2364469214152858,0.1991398145406789,0.13507647711010828,-0.01014175549159431,0.005686583530778062,2.7512525735491044e-05,0.0041629813904683855,-0.0013339585881837774,-5.217494343801667e-06
-0.2896793593201322,-0.2564875903122377,0.3576107810228791,0.23660374411117874,0.1998008709767324,0.13538309797762887,-0.010099746016958873,0.005673444867389007,2.7593024009172744e-05,0.004200901741273459,-0.0013138805179810685,-5.247801482042584e-06
-0.28730429714529604,-0.2544694120938798,0.3589339987692764,0.23675899047481666,0.2004567650632956,0.1356869719885876,-0.010057308558892678,0.005660521207689299,2.76705042323959e-05,0.004243701899580324,-0.0012923784197705949,-5.277420777795154e-06
-0.28492769807712337,-0.25244475418990436,0.3602602678975868,0.23691268728146128,0.2011074562635352,0.13598784959353163,-0.010014478137293692,0.005647800801315526,2.774510354628651e-05,0.004282999981124556,-0.0012720514434168663,-5.306413401341858e-06
-0.28254957734513125,-0.25041367004848886,0.361589558265777,0.2370648613033355,0.20175290160998496,0.1362855719114057,-0.00997133836955002,0.005635259185977333,2.781708706499343e-05,0.004313936165534008,-0.0012541708456105035,-5.334634640258903e-06
-0.280169949983988,-0.24837621332791338,0.36292183857432136,0.2372155338594077,0.2023930752379348,0.13658002949947207,-0.009927932298524627,0.0056228856594382395,2.7886577130638202e-05,0.004340567986965963,-0.0012373605465532788,-5.362452044064985e-06
-0.2777888308492334,-0.2463324378287079,0.3642570766738548,0.2373647210849966,0.20302796940211545,0.13687113245539576,-0.009884217391110315,0.005610694710755065,2.7953439016431124e-05,0.004371453187406169,-0.001219101285785238,-5.390492440397117e-06
-0.275406234597297,-0.2442823975471193,0.365595239860625,0.2375124396703853,0.203657575855113,0.13715881488872436,-0.009840113877160397,0.005598710023083728,2.8017454919999443e-05,0.0044103155168858195,-0.0011984736165203,-5.418127390289576e-06
-0.27302217565159914,-0.2422261467877185,0.36693629502487546,0.2376587118759234,0.2042818678495927,0.1374430321768653,-0.009795594145163573,0.005586938623084555,2.8078574099945115e-05,0.004451939017712601,-0.001177143272280567,-5.445275160956447e-06
-0.270636668191334,-0.24016374020831435,0.3682802087520299,0.23780356432832825,0.20490080205613687,0.13772376188347948,-0.00975071776381092,0.0055753635346478415,2.8136985557085557e-05,0.004487605535870773,-0.0011575106495619236,-5.4715585752416725e-06
-0.26824972617461074,-0.23809523274132083,0.36962694735362395,0.2379470221285816,0.20551433911932604,0.13800098915874004,-0.009705571691834447,0.005563962098615315,2.8192926648556865e-05,0.004514576041273834,-0.0011401440728109552,-5.497549360052825e-06
-0.2658613633711715,-0.23602067947081287,0.3709764768142383,0.23808910465178826,0.2061224607461648,0.13827468532956017,-0.009660179067662127,0.0055527298205165975,2.824645631191761e-05,0.004539232664525209,-0.0011232269852404476,-5.5232722452895406e-06
-0.2634715933701506,-0.23394013559530655,0.37232876278965277,0.2382298274610419,0.20672516416840425,0.1385448092038118,-0.009614477586261319,0.005541684179768281,2.829742264152735e-05,0.004570119868943691,-0.0011045618970328128,-5.548563999291731e-06
-0.2610804295558637,-0.23185365651229062,0.37368377069580166,0.23836920821913535,0.20732244011666484,0.1388113257644901,-0.009568390666360508,0.005530844495814688,2.8345659455798922e-05,0.004608665285857072,-0.0010839648004778383,-5.573266420926913e-06
-0.25868788507988044,-0.22976129792974406,0.37504146573672814,0.23850727011523654,0.2079142579819708,0.13907421309031265,-0.009521915285204323,0.005520210200212434,2.8391197191498535e-05,0.004647512954582993,-0.0010634245815278449,-5.596947085646496e-06
-0.25629397286055045,-0.22766311587853144,0.3764018128890527,0.2386440391822634,0.2085005743019999,0.13933346032367688,-0.009475131814105059,0.005509760745240152,2.8434254643443775e-05,0.004678323364777892,-0.0010449392563530494,-5.619804684042843e-06
-0.25389870561093697,-0.22555916660321262,0.37776477699459277,0.23877953846733213,0.2090813560851847,0.13958906683071828,-0.00942812253808367,0.005499476767238746,2.8475030589391047e-05,0.004700905157514011,-0.0010283904044596614,-5.642537188167686e-06
-0.2515020958666054,-0.2234495064443223,0.379130322748413,0.2389137854222702,0.20965659362025435,0.13984101855629189,-0.009380886862127751,0.005489359260491412,2.851353226876313e-05,0.00472354644214472,-0.0010117421411994197,-5.664934157284055e-06
-0.24910415598509159,-0.2213341918347468,0.38049841470779916,0.23904679513644572,0.2102262883883649,0.14008929019448416,-0.009333346776405816,0.005479426438922994,2.854960474951116e-05,0.0047539887896227715,-0.0009932724261643318,-5.687085640266912e-06
-0.24670489812016005,-0.2192132794088991,0.38186901730144396,0.23917858590101387,0.21079042930673136,0.1403338585717766,-0.00928543643361025,0.005469691902442203,2.8583140189382757e-05,0.004791015921389448,-0.0009734426851368439,-5.7087819058004955e-06
-0.2443043342012184,-0.2170868261013085,0.38324209485666727,0.23930918102368898,0.21134898283025222,0.14057471694385235,-0.009237179853203468,0.0054601480315399605,2.8614227991581883e-05,0.004825641052464577,-0.0009543749515691785,-5.730146100836428e-06
-0.24190247594232053,-0.21495488912112845,0.38461761161767877,0.23943860500752912,0.21190190787692637,0.1408118720184929,-0.00918867232096803,0.00545077234181379,2.8643097844802386e-05,0.0048507374747392825,-0.0009375557804984588,-5.750811613180873e-06
-0.2394993348728225,-0.2128175258209372,0.38599553178952994,0.2395668783009118,0.2124491800341859,0.1410453313407746,-0.009139982975824681,0.005441549369837064,2.8669909990420395e-05,0.004868919913045835,-0.000922283039521316,-5.771053190597977e-06
-0.2370949223594533,-0.21067479359673427,0.38737581949370703,0.2396940162663914,0.2129907983949829,0.14127508279601111,-0.009091085159042661,0.005432484321677651,2.8694630258180552e-05,0.004889768238790127,-0.0009064896875922423,-5.791273561228668e-06
-0.23468924959930892,-0.20852674992181633,0.3887584387388633,0.23982003331190188,0.21352676739388174,0.14150110099189278,-0.009041890837942842,0.005423594203459857,2.8717120805273614e-05,0.0049194199030763545,-0.000888995673830846,-5.811175447116766e-06
-0.23228232759468492,-0.20637345247143857,0.3901433535107735,0.23994494769975785,0.21405707335113128,0.14172337541043112,-0.00899235176803369,0.00541488615292071,2.8737336409151668e-05,0.0049538960366597015,-0.00087078788065308,-5.83059987699151e-06
-0.229874167141178,-0.20421495919863006,0.3915305277476951,0.24006878180971844,0.21458168099642544,0.14194190925472822,-0.00894251880328815,0.005406346759014114,2.8755417556159217e-05,0.004983286692617612,-0.0008539212701333658,-5.84952805778357e-06
-0.2274647788445115,-0.20205132827051264,0.3929199253579217,0.24019155766636105,0.2151005540474159,0.14215671647704375,-0.008892494228780605,0.005397953322162998,2.8771588077696406e-05,0.0050024487162816595,-0.0008393247321600403,-5.8677893175941446e-06
-0.22505417315170242,-0.19988261792621312,0.39431151015699795,0.24031329258291798,0.21561367805447745,0.14236779625579193,-0.008842326517783576,0.005389694737848034,2.878596049184527e-05,0.005016763348564146,-0.0008258387072086759,-5.8859656493097755e-06
-0.22264236036616267,-0.1977088864041704,0.39570524594588435,0.2404339995858875,0.21612106008208987,0.1425751386059561,-0.008791963426372547,0.005381579167301816,2.8798475555235034e-05,0.005036302402040998,-0.0008115365434450084,-5.904083947923211e-06
-0.220229350635747,-0.19553019201276078,0.3971010964947079,0.24055369203718477,0.21662270567933442,0.14277872488699594,-0.008741314227066274,0.005373620834022301,2.880902723882246e-05,0.005064914257464157,-0.0007958119969646407,-5.921581433415261e-06
-0.21781515393096615,-0.1933465932611882,0.3984990255539486,0.240672387420346,0.21711859798075783,0.1429785482630141,-0.008690353823043867,0.005365820269802524,2.8817630946292858e-05,0.00509603578341523,-0.0007800342922774062,-5.938430562078443e-06
-0.21539978004176774,-0.19115814890357286,0.3998989968466696,0.24079010618838712,0.21760870143027108,0.14317461834432105,-0.008639157002683116,0.005358159567338014,2.8824463318333874e-05,0.005119678373699736,-0.0007660474093038749,-5.954526523178515e-06
-0.2129832386005999,-0.18896491784065936,0.4013009740434375,0.24090686702628028,0.21809298658951914,0.1433669471835165,-0.008587824139197533,0.005350617279272131,2.8829726821132435e-05,0.0051332835314154834,-0.0007542053616508988,-5.970139174386318e-06
-0.21056553911116715,-0.1867669589775686,0.4027049208112636,0.2410226836394994,0.21857144936998998,0.14355553841922492,-0.008536377248747059,0.005343186565087742,2.883349306063696e-05,0.005144687032420501,-0.000743047406338696,-5.985569812156791e-06
-0.2081466909574687,-0.1845643311885713,0.4041108007740362,0.24113756647172366,0.21904410311497827,0.14374037463093103,-0.008484741682051863,0.005335877188765852,2.883569095499931e-05,0.005163555497099759,-0.0007309130323092964,-6.0008347492548205e-06
-0.20572670338859617,-0.1823570934197498,0.4055185775769943,0.24125152735194755,0.2195109524449806,0.1439214424351578,-0.008432832043355008,0.005328699577511634,2.8836245457698868e-05,0.005190963575175886,-0.0007177359165593707,-6.015868480276902e-06
-0.2033055855018956,-0.1801453048146031,0.4069282148113698,0.24136458212601272,0.2199719769885772,0.14409873598276954,-0.008380650031573098,0.005321648221146524,2.883522317521622e-05,0.005218201723755409,-0.000705109860386911,-6.030046057274166e-06
-0.20088334624775114,-0.17792902472062144,0.40833967603557847,0.24147674834580782,0.22042714241245007,0.1442722681725041,-0.008328289386196543,0.005314702433795899,2.8832813850213412e-05,0.005236065820167148,-0.0006945524828201422,-6.043690186362381e-06
-0.19845999445620652,-0.17570831256213512,0.4097529247859365,0.24158804069590264,0.22087642762336096,0.1444420526760033,-0.008275839659608453,0.005307843031732082,2.88291918044746e-05,0.005244974583771163,-0.0006859135608200539,-6.056841420130996e-06
-0.19603553886246747,-0.17348322771172497,0.4111679245968672,0.2416984689579749,0.221319838305022,0.14460808795058105,-0.008223293604278146,0.005301067129261815,2.8824391098642767e-05,0.005254608080743768,-0.0006775632302996502,-6.069809985314283e-06
-0.19360998810974925,-0.17125382949568568,0.412584638996039,0.24180804074556653,0.22175739175502235,0.14477035648888187,-0.008170560023736251,0.005294384893716135,2.881833845721135e-05,0.005273361261918534,-0.0006681961449064954,-6.082553553555961e-06
-0.19118335073314197,-0.16902017732182673,0.4140030314876573,0.24191676587792857,0.22218908979519583,0.14492884212351156,-0.008117566792558383,0.005287802440447309,2.8811000591424983e-05,0.005299327001542268,-0.0006582175220679711,-6.094484396069734e-06
-0.1887556351480517,-0.1667823307876102,0.4154230655279759,0.24202465779273916,0.2226149086628812,0.14508354471100846,-0.008064344008619653,0.005281308985364414,2.8802480695116703e-05,0.005322282897495155,-0.0006493173611650484,-6.105718074867297e-06
-0.18632684966205082,-0.16454034964623826,0.41684470456172473,0.24213173038192837,0.2230348169658094,0.14523448192086746,-0.008010997279482757,0.00527488238571977,2.879297075176173e-05,0.0053346779343705925,-0.0006426315619664405,-6.116383884682753e-06
-0.18389700246552923,-0.16229429358414466,0.41826792418314107,0.24223799099685472,0.2234488016379634,0.14538288068862348,-0.007957592174137369,0.005268507956729278,2.878259955180163e-05,0.005340516003161831,-0.0006374143007546019,-6.126550432330192e-06
-0.1814661017019443,-0.1600442222245901,0.41969269600114567,0.24234344613489286,0.22385687762927653,0.14552833484305075,-0.007904088425899163,0.005262187227390175,2.8771362165281586e-05,0.005350380741944047,-0.000632044144134252,-6.136504684020762e-06
-0.17903415546026957,-0.1577901951709333,0.4211189889308205,0.24244810110328371,0.22425906316228,0.1456705559937188,-0.007850386203986688,0.005255930351400733,2.875918679153827e-05,0.005370228595609025,-0.0006256585964437895,-6.146121496035901e-06
-0.17660117175562412,-0.15553227214247312,0.42254677004628327,0.24255196394603049,0.2246553547494657,0.14580935018114077,-0.007796436815716381,0.005249738850622289,2.8746073655400368e-05,0.005394945716421256,-0.0006191208716906368,-6.1550718292159484e-06
-0.1741671585218982,-0.15327051304663233,0.42397600519120504,0.2426550455427571,0.22504572543690066,0.14594460464755418,-0.0077422995435033485,0.00524359764683543,2.8732151261036816e-05,0.005413734527210378,-0.0006140910273437313,-6.163457583836226e-06
-0.17173212362827356,-0.15100497790013942,0.42540665942188677,0.2427573558971675,0.22543014868326938,0.14607626032922919,-0.007688082030082535,0.005237484812547925,2.8717602234431235e-05,0.005421758967851895,-0.0006112540114119143,-6.170960874656189e-06
-0.1692960749070318,-0.1487357266765765,0.4268386971937107,0.24285890068255195,0.22580862250328382,0.1462042647831793,-0.007633826745613252,0.00523138841967004,2.8702524097439252e-05,0.005425536340778223,-0.0006096098471488623,-6.1781218911305355e-06
-0.1668590201678573,-0.1464628192401277,0.4282720826059589,0.2429596816946748,0.22618116704395771,0.14632856969808342,-0.007579468676887912,0.005225312422216939,2.8686888965561217e-05,0.005435815048430004,-0.0006075702746127822,-6.185199229660963e-06
-0.16442096719007865,-0.1441863154329555,0.42970677948006647,0.24305970079224185,0.22654779857728546,0.14644912796449885,-0.007524909356911359,0.005219265350816344,2.867063911441781e-05,0.0054559404851119864,-0.0006046776235528374,-6.191735827525171e-06
-0.16198192370719533,-0.14190627521595223,0.4311427515052329,0.24315896302345652,0.2269085080175033,0.1465659213006642,-0.007470126819426861,0.005213243979155809,2.8653804203698624e-05,0.005478262531298274,-0.0006021076207444796,-6.1979128534225995e-06
-0.1595418974080586,-0.13962275870886956,0.43257996212755145,0.24325747563036504,0.22726326692686155,0.14667894044716578,-0.007415204247310592,0.0052072297294103,2.86365300605208e-05,0.005492266213205022,-0.0006013954611349356,-6.203506634653801e-06
-0.1571008959596657,-0.13733582607932637,0.4340183745257793,0.24335524396580385,0.22761205511191118,0.14678817768161131,-0.007360244072812892,0.005201201511409742,2.8618978456246194e-05,0.005496026585345653,-0.0006027923834672514,-6.208529431402957e-06
-0.15465892703421777,-0.13504553739683645,0.43545795166022183,0.24345226876778775,0.22795487986814716,0.14689361339473098,-0.0073052603696653635,0.005195151115609127,2.8601210725336916e-05,0.005498379552076277,-0.0006050102857569142,-6.2132668871181765e-06
-0.1522159983188968,-0.13275195260773068,0.43689865626822083,0.24354854766391476,0.22829176561022144,0.1469952083914088,-0.00725016776199687,0.0051890848702619485,2.8583178286206667e-05,0.005509270130858762,-0.0006065953468459148,-6.217972792782104e-06
-0.14977211750438998,-0.13045513165282416,0.4383404509172681,0.2436440793665424,0.22862272546289011,0.1470929278921452,-0.0071948775620722305,0.005183009319738632,2.8564834084600086e-05,0.005529029507219243,-0.0006075259572826446,-6.222389632829367e-06
-0.14732729227222874,-0.1281551345972443,0.4397832980106451,0.24373886594763328,0.22894774537603277,0.147186756120716,-0.0071393976599096595,0.005176916743578176,2.854623594109748e-05,0.005547999851407149,-0.0006092286389669585,-6.22633742569392e-06
-0.1448815303014814,-0.125852021627968,0.4412271598453098,0.2438329107695296,0.22926679777727343,0.14727670116706787,-0.0070838290754547464,0.00517078593156368,2.8527538229392607e-05,0.005556868120796745,-0.0006130524016498398,-6.2296585828399295e-06
-0.14243483929510994,-0.12354585291574958,0.4426719986468783,0.24392621427069072,0.22957987064480884,0.1473627724705326,-0.0070282605478652815,0.005164597555826018,2.8508877984893222e-05,0.00555686240337259,-0.0006188090023331187,-6.23246250280814e-06
-0.13998722700481347,-0.12123668848723132,0.44411777657039286,0.24401877216584827,0.22988698014019623,0.14744495938945903,-0.0069726761907993135,0.005158347504250042,2.8490276920983977e-05,0.0055584453088733995,-0.0006249768218917322,-6.2353291380303524e-06
-0.13753870119741593,-0.11892458817675021,0.4455644683120761,0.2441105749414198,0.23018815155860572,0.14752449556101793,-0.006916971760648473,0.005152045846580694,2.8471659359787295e-05,0.005570452614201258,-0.0006301376413194751,-6.238041634758685e-06
-0.13508926968887028,-0.11660961185909663,0.4470120443259338,0.24420161906800802,0.2304833940723547,0.14760094215127506,-0.00686107468443468,0.005145697759704569,2.8452982877700074e-05,0.0055897172390746664,-0.0006347807583423238,-6.240756337272517e-06
-0.13263894032905027,-0.11429181954983293,0.4484604723312455,0.2442919042263634,0.2307726890925965,0.14767403281863803,-0.006805024987628138,0.0051392916445615975,2.8434320879433656e-05,0.005604979279001962,-0.0006405838077819805,-6.243427926353729e-06
-0.1301877209742611,-0.11197127129208498,0.44990973075858454,0.24438142737841673,0.23105600940215465,0.1477448604252374,-0.0067489357788963495,0.005132806171593374,2.8415812039837765e-05,0.00560893038083816,-0.0006485198609278961,-6.245975712333801e-06
-0.12773561960049507,-0.10964802713742607,0.45135977999358834,0.2444701882172684,0.23133335611105094,0.14781163268356767,-0.006692873057733174,0.005126224871704013,2.8397563007937762e-05,0.005606281478614243,-0.0006581028604577986,-6.248033419517435e-06
-0.12528264426933267,-0.10732214695864956,0.4528105808615366,0.2445581777931384,0.23160475335752967,0.14787438349578488,-0.006636787890718475,0.005119548485909706,2.837956213927655e-05,0.005608525924541231,-0.0006676117544809234,-6.249688276176476e-06
-0.12282880312500315,-0.10499369051410834,0.4542620945828366,0.24464538611046724,0.23187022754185158,0.14793313091755977,-0.006580572915137098,0.005112786950293513,2.8361734377137787e-05,0.005621506680560585,-0.0006761270149972029,-6.2511642193042825e-06
-0.12037410437792058,-0.10266271760116073,0.4557142825901234,0.24473180621659502,0.2321297808765307,0.14798788646201588,-0.006524181555721386,0.005105941362368598,2.8344059832306476e-05,0.005639144973597193,-0.0006845325167238977,-6.252848826377478e-06
-0.11791855629926327,-0.10032928813010913,0.45716710647977804,0.244817434299102,0.23238339117243165,0.14803867921463906,-0.006467682408627915,0.005098995427570549,2.8326633791715117e-05,0.0056499236023962555,-0.0006945675055980029,-6.25454487902276e-06
-0.11546216723996937,-0.09799346203515161,0.4586205279953874,0.24490226572832338,0.23263103849278036,0.1480855453996057,-0.006411188966896479,0.005091925619357857,2.830959892214952e-05,0.0056493528546593475,-0.0007069551943776401,-6.255955594741203e-06
-0.11300494566134743,-0.09565529911494842,0.4600745089410767,0.2449862912089947,0.2328727300020918,0.1481284980140357,-0.006354739638089427,0.0050847195629009564,2.8293024724243067e-05,0.0056449413156542975,-0.0007205803874455157,-6.256933453805528e-06
-0.11054690015111876,-0.09331485897368516,0.46152901106727673,0.24506949725542584,0.23310849556984167,0.14816751672097075,-0.006298259830739928,0.005077382719556452,2.82768620974441e-05,0.0056479889487285675,-0.0007336594269988124,-6.2578322579857634e-06
-0.10808803941387282,-0.09097220112258556,0.46298399603166907,0.24515187057697152,0.23333835921044005,0.14820257172043697,-0.006241646204648813,0.005069925774667057,2.8261028034756878e-05,0.005661370644245115,-0.0007456699041128865,-6.258793545478917e-06
-0.10562837225292564,-0.08862738512875583,0.46443942536087174,0.24523340167119007,0.2335623173794699,0.14823364599090985,-0.006184881152555167,0.005062346192111943,2.8245523088041914e-05,0.005676513065872157,-0.0007579339920658046,-6.259809047313826e-06
-0.10316790757023009,-0.08628047064941094,0.46589526028666983,0.24531408373147462,0.23378034708413656,0.14826072721206507,-0.006128055802438509,0.005054623856473284,2.82304581242771e-05,0.005682542633751752,-0.0007722096550689516,-6.260650116228968e-06
-0.10070665439055032,-0.08393151730878215,0.46735146189716653,0.24539390787048426,0.23399243551032436,0.14828382082169383,-0.006071274901957361,0.005046735859823477,2.8215958349218647e-05,0.0056780973729806256,-0.0007887761471300342,-6.2613161918482515e-06
-0.09824462189133407,-0.08158058454837219,0.46880799116234523,0.2454728599081837,0.2341985992275859,0.14830291596328185,-0.006014545844684217,0.005038674746285015,2.820205366919196e-05,0.0056729127405265815,-0.0008060882336143535,-6.261653954107367e-06
-0.09578181941160907,-0.07922773161054072,0.47026480900189704,0.24555092215292168,0.2343988714950777,0.14831798899683582,-0.005957774283117392,0.005030450479666673,2.8188667041571503e-05,0.0056771628977604115,-0.0008224039134494038,-6.261770050362604e-06
-0.09331825643564577,-0.07687301766849332,0.47172187638706276,0.24562807841750892,0.2345932720670985,0.14832902715586935,-0.005900868914964268,0.005022073507551209,2.817571553199925e-05,0.005690543326590747,-0.0008376748073072076,-6.26205889961707e-06
-0.09085394257515328,-0.07451650196021632,0.47317915422070284,0.24570431691890182,0.2347817919253031,0.1483360257512067,-0.0058438426019880975,0.005013536970992171,2.816322308862596e-05,0.00570263756760082,-0.0008536316014891417,-6.262136223921349e-06
-0.08838888757440477,-0.07215824377851082,0.4746366034867536,0.2457796277214227,0.23496440905614002,0.148339013034665,-0.005786801915376281,0.0050048175706709245,2.815130580915934e-05,0.005704074632279826,-0.000871918358748154,-6.262276544808926e-06
-0.0859231013400295,-0.06979830232488396,0.47609418517059543,0.24585399757767087,0.23514111897806744,0.14833800549199339,-0.005729834032080881,0.0049958945008884165,2.814006340992831e-05,0.00569679395265722,-0.0008922857113872298,-6.2623661475630614e-06
-0.08345659396858819,-0.06743673658278605,0.4775518602885357,0.2459274075820644,0.23531194643679598,0.14833300116616296,-0.0056729144384865034,0.00498676639023415,2.8129485816841865e-05,0.005691964640578654,-0.0009127901995019448,-6.261978239145695e-06
-0.08098937574753669,-0.0650736053463142,0.4790095898717874,0.2459998363985907,0.2354769255527805,0.1483239809124733,-0.0056159361453252616,0.004977447616652814,2.8119469381716996e-05,0.005697834307940334,-0.0009318568603657315,-6.261499327821989e-06
-0.07852145713291564,-0.0627089673697791,0.4804673349779009,0.24607126567984938,0.23563607031029998,0.14831093352840052,-0.005558827020689755,0.00496794737836274,2.8109940621396346e-05,0.005710917203447508,-0.0009500036761344369,-6.26096740649021e-06
-0.07605284873290784,-0.06034288147551663,0.48192505666786334,0.24614168182557608,0.2357893669436498,0.14829386728529387,-0.005501629408076679,0.0049582539974065525,2.8100942092045846e-05,0.005719765728909405,-0.0009693182969160507,-6.260461655991247e-06
-0.07358356132022743,-0.05797540650180999,0.48338271609612005,0.24621107199857134,0.23593679631566164,0.1482728128584778,-0.005444456664533371,0.004948341968031386,2.8092594577186525e-05,0.005717278490643935,-0.0009911835240691445,-6.259597997921239e-06
-0.07111360586561688,-0.05560660114462111,0.4848402744606437,0.24627941875924475,0.23607836268315704,0.14824778618397524,-0.005387371358456393,0.004938194361792026,2.8084968957970233e-05,0.0057085343787815985,-0.0010147416119522085,-6.258370837695416e-06
-0.06864299352540561,-0.05323652382100002,0.4862977057814441,0.2463466961352541,0.23621409461522294,0.14822005907544022,-0.005330318288710648,0.004927817683503708,2.807800734926564e-05,0.005705310410273937,-0.0010376491992774596,-6.2568166654742476e-06
-0.0661717356796725,-0.05086523279797659,0.48775497990439015,0.24641288088784513,0.23634402580803604,0.14818919276105846,-0.005273183104770509,0.004917230964638521,2.8071585127652205e-05,0.005713521556909712,-0.0010586536032797147,-6.254993474532691e-06
-0.06369984389963622,-0.04849278634891005,0.4892120638951834,0.24647795409341994,0.23646816384856967,0.14815490019996233,-0.0052159165053660425,0.004906441369691637,2.806564209348466e-05,0.005726662861120862,-0.0010789415398206018,-6.252918944211976e-06
-0.06122732996631116,-0.04611924286712264,0.4906689103024334,0.2465419043271751,0.2365864932066737,0.14811574288471704,-0.005158588940725683,0.004895431519297858,2.806024034164645e-05,0.0057327591129596985,-0.001100967425468313,-6.251223463530097e-06
-0.058754205808304816,-0.04374466067705947,0.49212548734892125,0.24660471292451128,0.23669899485708015,0.14807330989553016,-0.005101315789413248,0.004884174870975237,2.8055488195721823e-05,0.0057273174565057655,-0.0011256475832503276,-6.249784301740648e-06
-0.05628048358678324,-0.04136909792772573,0.4935817611035556,0.2466663592155819,0.2368056816493227,0.14802739242118162,-0.0050441323841078425,0.004872660143453993,2.8051420658764206e-05,0.005718342516404991,-0.0011514558741701087,-6.2478221388324515e-06
-0.05380617570940293,-0.03899261253378704,0.49503769620282323,0.24672681709937327,0.23690658928452693,0.14797783214752402,-0.004986956721552357,0.004860900863066878,2.804794942493331e-05,0.0057175679464728305,-0.0011759115076128816,-6.245009650224338e-06
-0.05133129480964636,-0.036615262284228074,0.49649325635436414,0.24678606116529467,0.23700174649366343,0.14792451619522304,-0.0049296784704488264,0.004848918131298124,2.804494521905385e-05,0.005727826570428172,-0.0011982569581331724,-6.241807990123505e-06
-0.04885585371402098,-0.03423710499852297,0.4979484046974223,0.24684407183410934,0.23709115281588292,0.14786738448513168,-0.004872277610289845,0.004836714572981771,2.8042369184358025e-05,0.005740087264995468,-0.001220339913472557,-6.238510546782565e-06
-0.046379865434454916,-0.031858198561836595,0.4994031040118094,0.24690083382587383,0.2371747875443548,0.1478064183745881,-0.004814846461022711,0.004824268141967424,2.804030327700459e-05,0.005743115926222895,-0.0012446275016513497,-6.235068406982454e-06
-0.043903343196347,-0.02947860079926012,0.5008573168375468,0.2469563295570823,0.23725264069993,0.14774161320703166,-0.0047574895497158225,0.004811552934877472,2.8038847905782402e-05,0.005735691833443372,-0.0012715054493892186,-6.231222269770986e-06
-0.04142630047412383,-0.027098369324735205,0.5023110056025475,0.2470105345626488,0.2373247324193021,0.14767295843333123,-0.0047002095135611115,0.0047985650694644475,2.803799723875341e-05,0.0057280040257862,-0.0012987716178749934,-6.226808009570286e-06
-0.03894875103042247,-0.024717561562396774,0.5037641195929642,0.24706342354147717,0.23739110283946022,0.14759911992973954,-0.004642900018745466,0.004785321966204031,2.8037643014291975e-05,0.005730949652874843,-0.0013242957106626779,-6.221987368997747e-06
-0.036470708812601865,-0.022336234812397198,0.5052166248232626,0.24711496688433496,0.23745177083370964,0.14752175211058835,-0.004585459151483579,0.004771843289720951,2.8037669111162235e-05,0.005744086715297527,-0.001347853312459869,-6.216671690653783e-06
-0.033992187940606766,-0.019954446416802888,0.5066684977507943,0.24716514229108866,0.2375067252362526,0.14744190253724768,-0.004527897902251905,0.0047581282523424424,2.8038053658518836e-05,0.0057561247415210265,-0.0013714896752032705,-6.211026107858576e-06
-0.03151320274197061,-0.01757225378835477,0.5081197108679475,0.24721393447043896,0.23755594417414222,0.1473591953223498,-0.004470325757753705,0.004744151491848106,2.8038881919671848e-05,0.0057572140578935225,-0.0013976622768137063,-6.205455294375356e-06
-0.029033767816622594,-0.015189714287263262,0.5095702203871454,0.24726132754493851,0.2375994268133359,0.14727201758818725,-0.004412829522184756,0.004729886946278844,2.8040240143268104e-05,0.00574962291508815,-0.0014264410905487082,-6.199868339723408e-06
-0.026553897998309765,-0.012806885023754516,0.5110199962285077,0.24730729051616296,0.2376371949427249,0.14718173693570524,-0.004355385371862386,0.004715340700878623,2.804207217504482e-05,0.005744414168621905,-0.0014546113646096098,-6.194010478315018e-06
-0.024073608418110258,-0.01042382294816621,0.5124689936081028,0.24735179668381835,0.23766928756158454,0.1470868623145094,-0.004297876336866458,0.0047005377494989415,2.8044241904978834e-05,0.005750902479685367,-0.0014802822220108375,-6.187702079814112e-06
-0.021592914394111522,-0.008040584946357487,0.5139171825078616,0.24739481745733535,0.2376957159747905,0.14698885650283647,-0.004240221330335336,0.004685496483876601,2.804664500194958e-05,0.005765499526934997,-0.0015041138826005765,-6.180865383695225e-06
-0.01911183147983625,-0.00565722802540989,0.515364517573799,0.2474363378138814,0.23771646843791555,0.1468861930031365,-0.004182457559524871,0.004670206278997468,2.8049301028829317e-05,0.005776375840206594,-0.0015290080482480756,-6.173607835155436e-06
-0.01663037540230479,-0.003273809204932431,0.5168109676746603,0.24747633748283757,0.23773151959149855,0.1467803164830168,-0.004124703652417445,0.004654640013934563,2.8052293400937323e-05,0.005775389317182433,-0.0015566143222383432,-6.1663237019023044e-06
-0.014148562168882228,-0.0008903854084266389,0.5182564875373376,0.24751479763365963,0.23774087497989965,0.14666982390226244,-0.004067022834903689,0.004638778097874451,2.8055668166102455e-05,0.005768080184826137,-0.0015861796839112133,-6.159335691538948e-06
-0.011666408028345851,0.0014929866879634006,0.5197010460420454,0.24755168482292822,0.23774456081959947,0.14655612286624525,-0.00400936103858421,0.004622637257029526,2.8059326509108796e-05,0.005766177939479789,-0.0016140724020756352,-6.152136227671615e-06
-0.009183929517361555,0.0038762505321365487,0.5211445979484182,0.2475869720487212,0.23774261228659907,0.146437781064976,-0.003951597162111567,0.004606248066394854,2.80631234039032e-05,0.005776385896821461,-0.0016389075918385022,-6.143983425734422e-06
-0.006701143349775361,0.006259349579135022,0.5225871122939735,0.24762063202840243,0.237735031314028,0.1463162194321826,-0.0038936792146853855,0.0045896290112305334,2.8066960290000704e-05,0.0057917929800674235,-0.001661894236289448,-6.135355726695192e-06
-0.004218066455503852,0.008642227160725966,0.5240285441588898,0.24765265206403111,0.2377218008457055,0.1461900538936368,-0.003835672039914355,0.004572761200831949,2.8070885932333032e-05,0.005800715680322567,-0.0016867699610944068,-6.1262881665285305e-06
-0.00173471593960882,0.011024826619219634,0.525468862607691,0.24768301217198524,0.23770289857476093,0.14606070475746058,-0.003777693775550319,0.0045556157413008235,2.8074979014316596e-05,0.005797824569874426,-0.0017145350893755253,-6.117416044523524e-06
0.0007488908110688192,0.013407091428276705,0.5269080226507491,0.24771169202568818,0.23767833730283366,0.14592677283800723,-0.003719778864317301,0.004538180735993066,2.8079251911238156e-05,0.0057914891820845275,-0.0017434898826138093,-6.1086261851264805e-06
0.0032327361730244975,0.015788965294141342,0.5283459931561247,0.24773865743029014,0.23764814611165846,0.14578963254501365,-0.0036618473079303806,0.004520483055364498,2.8083574668011492e-05,0.00579315368239889,-0.001769757605108115,-6.099599999768089e-06
0.0057168022577018165,0.018170392005515405,0.5297827290810434,0.2477638830066513,0.23761235467192535,0.14564787437909812,-0.0036037826074161853,0.0045025561244068394,2.8087799155770446e-05,0.005806468147171454,-0.0017926828018474297,-6.09006628177032e-06
0.008201071026294339,0.02055131531395541,0.5312182002199481,0.24778734558910015,0.23757095698062847,0.14550297874707907,-0.003545558498833609,0.004484407851674364,2.8091873140331435e-05,0.005822409029271058,-0.0018148171352002655,-6.0800040588792316e-06
0.010685524287005543,0.022931678878404846,0.532652385386149,0.24780902872304267,0.23752392672304334,0.1453558649077629,-0.003487266509823142,0.0044660167020253855,2.8095846352640557e-05,0.005829197124606329,-0.0018391049923983242,-6.069758738662139e-06
0.013170143603087794,0.02531142634860744,0.5340852452798559,0.24782891971138893,0.2374712528084503,0.14520474190623356,-0.0034290166522561514,0.004447355377714266,2.8099782263572427e-05,0.005824984004239908,-0.0018661226347468376,-6.0597524651465204e-06
0.015654910270553074,0.027690501538455276,0.5355167295621113,0.24784699659745296,0.23741295420529984,0.14504850727786045,-0.003370812322383118,0.0044284223794555716,2.8103653221568936e-05,0.005820431271064133,-0.0018932902000930259,-6.049955357637336e-06
0.018139805370984086,0.03006884847187323,0.536946803541714,0.24786322534417196,0.23734906030808897,0.14488871219893143,-0.0033125538558215943,0.004409254190129332,2.8107308146347784e-05,0.005825845042753237,-0.0019168094524409777,-6.039902624529276e-06
0.020624809758755337,0.03244641121243104,0.5383754201189451,0.24787758353716363,0.2372795934517119,0.14472410056335822,-0.003254137796412793,0.004389884202636307,2.8110615531452682e-05,0.0058416044874383104,-0.0019369893953424912,-6.0290918077375235e-06
0.023109904166413536,0.03482313374545292,0.5398025467377421,0.2478900516799562,0.23720453875099234,0.14455613122349859,-0.0031955745409721643,0.004370316477836347,2.8113540214024054e-05,0.005856324264700433,-0.0019567632491428724,-6.017834937241594e-06
0.02559506915240071,0.037198959954365986,0.5412281378410128,0.24790062230674553,0.23712387417710873,0.1443835223208016,-0.003136969822611897,0.00435051930729358,2.8116153262803005e-05,0.0058604706983099945,-0.0019797079589435576,-6.0070114819753405e-06
0.02808028511367939,0.03957383379503746,0.5426521619623635,0.24790927606694127,0.23703758842561298,0.14420770030835625,-0.0030784164413075877,0.004330469903276651,2.8118494779306736e-05,0.005855337115772987,-0.0020049314486772496,-5.996581175936536e-06
0.030565532192771874,0.0419476994046051,0.5440745743937512,0.24791599145821835,0.2369457072725763,0.14402733767693265,-0.003019885359594345,0.004310178312712623,2.812050364653504e-05,0.0058531073051029305,-0.0020291502370050228,-5.986318665149476e-06
0.03305079034386111,0.04432050109329944,0.5454953442272571,0.24792073700757716,0.23684825937789158,0.14384379967016195,-0.002961263830900995,0.004289688478049969,2.8122025541152017e-05,0.0058621522166112505,-0.002048974759773885,-5.97544139507773e-06
0.035536039335995806,0.046692183164910125,0.5469144272457008,0.24792349529892962,0.23674525935989277,0.14365574405081777,-0.002902468330705608,0.004269030249169531,2.8122951481228085e-05,0.00587954962499053,-0.0020658142817463754,-5.964114618284055e-06
0.03802125885037518,0.04906268981609694,0.5483317928711137,0.24792425216819208,0.23663668574154612,0.14346454436148504,-0.0028435406937962738,0.004248198175446699,2.8123277975935965e-05,0.005892763553598323,-0.0020831988695123155,-5.952406909737712e-06
0.040506428418720514,0.05143196516745232,0.5497473972541481,0.2479230030553346,0.2365225175260498,0.1432688929653785,-0.0027845958351847286,0.004227156893326991,2.812308230086275e-05,0.005894485945781831,-0.0021041198266293516,-5.940719867754152e-06
0.04299152742511214,0.0537999534432279,0.5511612098010971,0.24791972941754745,0.23640275077495657,0.14307012905725405,-0.0027257029543906967,0.004205891072944517,2.812237986197204e-05,0.005889288377293365,-0.0021265737744456527,-5.929286803944335e-06
0.04547653502738998,0.05616659905822108,0.5525731866458161,0.2479144107181904,0.23627741601682312,0.14286691794234033,-0.0026668029116545845,0.004184422695949963,2.8121083377268696e-05,0.005890004819208114,-0.0021468295473931888,-5.918057291478619e-06
0.0479614302354663,0.05853184655713242,0.5539832972957485,0.24790701926378267,0.23614653868590102,0.1426605824298094,-0.0026077785236061565,0.0041628003510037126,2.8119045809338693e-05,0.005902439656955546,-0.0021622264387972045,-5.906188664245886e-06
0.05044619192621985,0.060895640436635756,0.5553914982289407,0.2478975435779352,0.23601012485974188,0.14244981284750866,-0.0025485723588783145,0.004141047045544823,2.8116189965118614e-05,0.00592061766023352,-0.0021753225809536827,-5.893958591038003e-06
0.05293079890234089,0.06325792506562501,0.556797746275206,0.24788597837718682,0.23586815128089383,0.14223465665247498,-0.0024892512101239257,0.004119144173875917,2.811254328275327e-05,0.005932116383288211,-0.0021902793007930106,-5.881798294113013e-06
0.055415229894650475,0.06561864478082097,0.5582020124652629,0.24787231546654517,0.2357205941674727,0.14201655300911858,-0.0024299296237914932,0.004097055198622647,2.810817398054256e-05,0.005932160429930698,-0.0022088897702758174,-5.869902922827043e-06
0.05789946349856945,0.06797774404241558,0.5596042781378361,0.24785653770899083,0.2355674567706112,0.14179654240944622,-0.002370650852186864,0.004074773665288606,2.810306957927233e-05,0.005927879247807741,-0.002228145690651374,-5.858643958010787e-06
0.060383478082596365,0.07033516749164695,0.5610044943690576,0.24783862956424055,0.23540877594403817,0.1415715881540304,-0.0023113296899684487,0.004052333925761129,2.809712902681865e-05,0.00593211863754983,-0.0022439664144139654,-5.847165109653975e-06
0.06286725189836588,0.07269085984897546,0.5624026162548577,0.24781857066010549,0.23524457432490303,0.14134207747513836,-0.0022518492267746683,0.004029782909372845,2.8090230512492636e-05,0.005948049108854068,-0.002255094196344896,-5.835055669891818e-06
0.06535076314270279,0.07504476574830052,0.5637986017971685,0.24779635182947224,0.235074845371338,0.14110829980304337,-0.0021921834816664566,0.004007135802899756,2.808232831106051e-05,0.005966577688050258,-0.0022647033017071825,-5.822431769969288e-06
0.0678339899997964,0.07739682969566573,0.5651924228033415,0.24777196980402655,0.2348995598748664,0.14087165110617864,-0.002132421854224588,0.003984365295673263,2.8073469356287475e-05,0.005976166285773412,-0.002277043484973306,-5.809555352871695e-06
0.07031691054937286,0.07974699618410269,0.5665840370313698,0.24774542393645538,0.2347187034661024,0.1406307453832883,-0.0020726738875373654,0.003961439292248981,2.8063696635589613e-05,0.00597480055309593,-0.0022925932213521297,-5.797560617181572e-06
0.07279950274884352,0.0820952098556502,0.5679734045846756,0.24771670010473212,0.2345322888906174,0.1403858208648286,-0.0020129462219473284,0.003938361829313336,2.805298243376948e-05,0.005972770792771526,-0.002307739290811737,-5.785693644796236e-06
0.07528174443146865,0.08444141551807822,0.569360487080354,0.24768577875659997,0.23434034627276823,0.14013701660296563,-0.00195313502934442,0.003915176862632483,2.804122182514445e-05,0.005981123880181797,-0.0023184897783842242,-5.773719555739385e-06
0.07776361336285444,0.08678555800323579,0.5707452472702041,0.24765264612707782,0.2341428915204586,0.13988443402901676,-0.0018931368744678212,0.0038919288067678103,2.802831847321696e-05,0.005999820526338445,-0.0023247988070588975,-5.761237427269241e-06
0.08024508730132196,0.0891275820181146,0.5721276486331845,0.24761730031317225,0.2339399101993723,0.13962814981533309,-0.0018329589279319728,0.003868621859825541,2.8014255407993562e-05,0.006017800112243728,-0.002330688030534054,-5.748486844100046e-06
0.0827261439833225,0.09146743214899457,0.5735076439885728,0.247579747293103,0.233731375956494,0.13936711726760873,-0.0017727114970294876,0.003845224684336606,2.7999074676780324e-05,0.006024748947147927,-0.0023397110109566605,-5.736182265341429e-06
0.0852067611032855,0.09380505301364794,0.5748851903367225,0.2475399843276082,0.23351727787396248,0.139101770418604,-0.0017124840296830258,0.003821712395752357,2.798280462448198e-05,0.006022752973524835,-0.002351222454480877,-5.724234883814087e-06
0.08768691627046976,0.0961403893924409,0.5762602473882654,0.2474979989998977,0.23329763511507107,0.1388323789502605,-0.0016522468803665403,0.0037981028472758925,2.7965403902228358e-05,0.006023721562968382,-0.0023609485802445207,-5.712044139727772e-06
0.09016658702634273,0.0984733861941658,0.5776327767878721,0.24745377645388916,0.23307247572979645,0.13855912257097772,-0.0015918827456251393,0.0037744464547067886,2.7946781201399684e-05,0.006036420527022229,-0.002365633125289168,-5.699472803462299e-06
0.09264575091048805,0.1008039882937055,0.5790027415977435,0.24740731053376266,0.23284180638563381,0.1382821347993953,-0.001531311531823925,0.0037507802891534065,2.7926873496262565e-05,0.006057128872455461,-0.0023666105621778324,-5.6864541366340204e-06
0.09512438551096657,0.10313214041393674,0.5803701059030378,0.24735860655223774,0.2326056049878081,0.13800152717628938,-0.0014705760006874429,0.0037270962507115328,2.7905684684680952e-05,0.0060735610378626305,-0.002368397997284456,-5.6737036149316754e-06
0.09760246845176947,0.10545778717840958,0.5817348344248542,0.2473076725984595,0.2323638442456081,0.13771738339781334,-0.0014097957817623735,0.003703358023119701,2.788326257016072e-05,0.006078030224683749,-0.0023738170693983467,-5.660938519358008e-06
0.10007997733890893,0.10778087327896277,0.5830968924675575,0.24725450873580188,0.23211652114212913,0.1374297740811754,-0.001349036982605764,0.0036795483465762386,2.785962160283172e-05,0.0060758886444626774,-0.0023809621292671043,-5.6484231253927225e-06
0.10255688973036192,0.11010134357531141,0.5844562458089694,0.2471991057416927,0.2318636599406645,0.13713874105883453,-0.0012882401628291741,0.003655695942182373,2.7834715518913645e-05,0.0060796911141217155,-0.00238523508267558,-5.635858615354866e-06
0.10503318317044996,0.1124191430184566,0.5858128606094427,0.24714145471126683,0.23160528563849522,0.13684430860220131,-0.0012272842132323206,0.00363185283627485,2.780847305221181e-05,0.006095604523714414,-0.0023843054053685492,-5.623122091117181e-06
0.10750883525975227,0.11473421648091826,0.5871667033202314,0.2470815572470182,0.23134139686775682,0.13654650144851693,-0.0011661158680876275,0.0036080460150908567,2.7780862871841624e-05,0.006116844511100366,-0.0023806771108609097,-5.609959680646707e-06
0.10998382369231233,0.11704650867477716,0.5885177406082773,0.24701942502680818,0.23107196690468118,0.13624535448228034,-0.00110480743570713,0.0035842562749801125,2.7751908375054672e-05,0.006130853652422287,-0.0023789691910805553,-5.596662272758299e-06
0.1124581262279767,0.11935596424653507,0.5898659394630098,0.2469550692880195,0.23079697206066635,0.1359409199571073,-0.001043479256334414,0.003560446872603914,2.772164469396311e-05,0.006132828750421731,-0.0023809356145747924,-5.583817677185211e-06
0.1149317206215393,0.12166252795927293,0.5912112568354227,0.24688849348242592,0.23051641971058204,0.13563220193887301,-0.0009821655604456622,0.003536612958105489,2.7690078499686885e-05,0.00613138079213097,-0.0023833870315488155,-5.570549793043395e-06
0.11740458464575988,0.12396614472315357,0.5925536637975986,0.24681968906713392,0.23023033386202157,0.13532060357066292,-0.0009207822666576493,0.003512791854589654,2.7657172541296032e-05,0.0061383409790750285,-0.0023821061436572343,-5.557089428935985e-06
0.11987669611624009,0.1262667594981517,0.5938931305953814,0.2467486537884707,0.22993873454065097,0.135006029084787,-0.0008592140459396195,0.003489032688754139,2.7622885371908472e-05,0.00615683407736051,-0.0023759125922785647,-5.54325567169961e-06
0.12234803295916302,0.12856431712928063,0.5952296269739938,0.24667539677897746,0.22964161245495185,0.13468842841512352,-0.0007974394732102177,0.0034653498951654114,2.7587207202659397e-05,0.0061774696808616445,-0.002368275592345201,-5.529503077715248e-06
0.12481857323192476,0.1308587623075598,0.5965631224168195,0.24659993498463165,0.2293389383266893,0.13436779207754368,-0.0007355563753303701,0.003441714606530634,2.7550160464716546e-05,0.006188322584143827,-0.0023635253308030395,-5.516290406815607e-06
0.12728829508175696,0.13315003970188496,0.5978935862859289,0.24652228183608038,0.22903069417936078,0.1340441266335416,-0.0006736774330824114,0.0034180926803276663,2.751176985983032e-05,0.006187907394352085,-0.002362189330089801,-5.503477670318269e-06
0.12975717669391182,0.13543809412043623,0.5992209878235156,0.2464424404408407,0.22871689253016164,0.13371742374001602,-0.0006118090442128997,0.0033944881004910085,2.747203440694216e-05,0.006186852423946116,-0.0023604549433757153,-5.490689723541568e-06
0.13222519629175442,0.13772287052686358,0.6005452962906943,0.24636040845684698,0.228397562425252,0.13338767339080798,-0.0005498458082179977,0.0033709454593218464,2.743093250887896e-05,0.006196337505054292,-0.0023542613337398047,-5.4775866908042236e-06
0.13469233219529617,0.1400043138960708,0.6018664809930641,0.24627618959044792,0.22807271801438114,0.13305486857137028,-0.0004876848529463409,0.0033475082482411415,2.738844395505339e-05,0.006216109802010273,-0.0023437185897961796,-5.46467204183269e-06
0.13715856288115774,0.1422823690652493,0.6031845113028491,0.24618979912606628,0.22774234324283252,0.13271902038786346,-0.0004253376007710881,0.0033241782881711975,2.7344573048465723e-05,0.006234739854166046,-0.0023329937623876177,-5.452104627616649e-06
0.13962386698515844,0.14455698074104378,0.6044993566405743,0.24610125752037643,0.22740640899063877,0.1323801526924716,-0.0003629196886315193,0.0033009203707169035,2.7299338968316785e-05,0.006241806199968173,-0.0023257897832308513,-5.4400439737003545e-06
0.1420882232514078,0.14682809365827515,0.6058109865299034,0.24601057913253593,0.2270649047255855,0.13203829202479814,-0.0003005273480629292,0.0032777064429358885,2.7252755752907808e-05,0.006239249381534907,-0.0023213911063453504,-5.428356652757303e-06
0.1445516104886616,0.14909565271980313,0.6071193706292859,0.2459177682218541,0.22671785014827733,0.13169345083913683,-0.00023813444952577463,0.0032545516602893523,2.7204824898717336e-05,0.006239305510547236,-0.002315476890983336,-5.416689517474023e-06
0.14701400758632732,0.15135960296681017,0.6084244787342157,0.24582282637843114,0.2263652740625573,0.13134562901213895,-0.00017562268254318523,0.003231503857960327,2.715554700677951e-05,0.006251192681223747,-0.0023047791653608833,-5.404572804200476e-06
0.1494753935891878,0.15361988939800308,0.6097262905064535,0.2457257613610198,0.22600718240837875,0.13099580400862593,-0.00011290818767819575,0.0032085975097889195,2.7104930643871052e-05,0.006271465787251711,-0.0022906340643148075,-5.3920694272608054e-06
0.15193574772021004,0.15587645688468935,0.6110247725656515,0.24562659652491173,0.22564355601559566,0.13064268065564302,-5.003617345492451e-05,0.0031858220906961134,2.705298805166912e-05,0.006287218031506395,-0.00227754147976007,-5.37978896319954e-06
0.15439504938167006,0.1581292502015545,0.6123198926744942,0.24552535435387393,0.22527436797001643,0.13028639366459155,1.2866994931846296e-05,0.003163139179241783,2.6999727216988193e-05,0.006290333748271681,-0.002268291047277939,-5.368211893113212e-06
0.15685327809889565,0.16037821420287632,0.6136116193787331,0.24542204936043382,0.2248996161385587,0.12992703408926964,7.572849187869476e-05,0.0031405289662299074,2.6945154243812157e-05,0.0062861668972205315,-0.0022610215419285994,-5.357112067305229e-06
0.15931041348763944,0.16262329393099104,0.614899921690939,0.24531668706685564,0.22451932618173814,0.12956464307780413,0.0001386053723633781,0.003118016469603568,2.68892825952461e-05,0.006287705534273786,-0.0022512502496705436,-5.345877952479186e-06
0.16176643528443152,0.16486443454269412,0.6161847689311057,0.24520927320239222,0.2241335248681133,0.12919923664177627,0.00020162079501690822,0.003095649294414409,2.683213063034723e-05,0.006301560023570044,-0.002236718459980928,-5.3346739148415035e-06
0.16422132341132123,0.1671015811359508,0.6174661306596502,0.24509982318827342,0.22374221269536196,0.12883083356745323,0.0002648298675734155,0.0030734507983599937,2.6773718566994117e-05,0.006320925275219988,-0.002219850908578813,-5.323453236583656e-06
0.16667505800879157,0.1693346786644057,0.6187439766192974,0.2449883614985149,0.22334536483178613,0.12845946507922004,0.00032815768641226,0.0030513999266650895,2.6714054084122057e-05,0.00633280015777414,-0.002205088842767864,-5.312625436078683e-06
0.1691276194062104,0.17156367203495115,0.6200182766428378,0.2448749118350941,0.22294295966554475,0.1280851604586537,0.00039147745806067396,0.0030294585975824714,2.6653135374443054e-05,0.006331995688831242,-0.002194134959365795,-5.302354860125143e-06
0.17157898806611643,0.1737885062861882,0.6212890006916951,0.244759488669666,0.2225350042873638,0.1277079409390784,0.00045474590294841384,0.0030076168882653947,2.659097400711028e-05,0.0063268632545000715,-0.0021841733674870497,-5.2919596546228495e-06
0.17402914456581176,0.17600912665610446,0.6225561187548014,0.24464209920805538,0.2221215289042015,0.12732779961070234,0.0005180476294545182,0.002985907623396236,2.6527598724311874e-05,0.006330191644761527,-0.00217092931382706,-5.281567494566555e-06
0.1764780696397216,0.17822547846844108,0.6238196008699542,0.2445227535315715,0.2217025566412718,0.12694472684556118,0.00058150195860926,0.0029643746923631135,2.6463045944429238e-05,0.00634545212293824,-0.0021532963279935887,-5.271422233649112e-06
0.17892574423989127,0.18043750696272826,0.6250794170206228,0.2444014719929959,0.22127808135280902,0.12655871607229702,0.0006451327257133428,0.002943029418771968,2.6397341331490746e-05,0.006363096119712008,-0.0021345309885760035,-5.261288834984746e-06
0.18137214955259562,0.1826451572515881,0.6263355371404357,0.2442782817613803,0.2208480769172988,0.12616977869099935,0.0007088396037333216,0.002921842414351355,2.6330483818036395e-05,0.006370707409661849,-0.0021187044838456488,-5.251390293475294e-06
0.18381726695702624,0.18484837445500515,0.6275879312196124,0.24415320645701405,0.22041252848105639,0.1257779393603692,0.0007725038204018947,0.0029007790786591435,2.6262463302335695e-05,0.006366441471866191,-0.0021063380306707864,-5.241919332857531e-06
0.18626107797414207,0.1870471038698097,0.6288365692303848,0.24402626016341533,0.21997145187554348,0.12538319982721838,0.0008361147259692723,0.0028798398550406367,2.6193296731871802e-05,0.00636111055013498,-0.0020939272487999357,-5.232464930272716e-06
0.18870356426323565,0.18924129099148673,0.630081421179204,0.2438974519253464,0.2195248797421209,0.12498555051186892,0.0008997785371418772,0.0028590626555447182,2.612303370573182e-05,0.0063664012810159655,-0.0020777252665433125,-5.222921238866209e-06
0.19114470767237102,0.19143088136858577,0.6313224571270195,0.243766795968455,0.2190728300474297,0.12458498380818028,0.0009636018749635707,0.002838484747723744,2.6051731505121496e-05,0.006382354096691777,-0.002057796533216927,-5.212964796242268e-06
0.19358449029054606,0.1936158204482083,0.6325596471733086,0.2436343165073061,0.2186152906788204,0.12418150693201944,0.001027574943735826,0.0028181054961114757,2.597941000553555e-05,0.006397327334034549,-0.002037931352562838,-5.203183116995263e-06
0.196022894440884,0.1957960536102687,0.6337929517090033,0.24350004401051872,0.2181522388137062,0.1237741671691865,0.001091582227106102,0.0027978902992943466,2.5906055097744308e-05,0.006400748937228516,-0.002021526320526945,-5.193499180741541e-06
0.1984599026477806,0.19797152625741454,0.6350223440783792,0.2433639985039907,0.21768366472149006,0.12336427649032121,0.001155520714513205,0.002777810485135903,2.5831650246390468e-05,0.006393869485819681,-0.002007988509267571,-5.184381529453875e-06
0.20089549757771402,0.20014218403615544,0.6362477869145398,0.24322619596179235,0.21720959406154283,0.12295076186753376,0.0012194148003331245,0.0027578757878139793,2.5756230525629885e-05,0.006389429459135484,-0.0019934772836133234,-5.174757396232548e-06
0.20332966205894315,0.20230797276787288,0.6374692453679467,0.24308664710976438,0.21673005839608966,0.12253385997212814,0.0012833820389232039,0.002738124729752573,2.567986212246834e-05,0.006396744847201824,-0.0019751138174008004,-5.16516186536696e-06
0.205762379133343,0.20446883828801943,0.6386866863094445,0.24294536954212853,0.21624506879656719,0.1221137326507691,0.0013475058217593222,0.0027185845205121417,2.56026030811983e-05,0.006412399364789241,-0.001954029397450919,-5.155464467060807e-06
0.20819363209487757,0.2066247263242817,0.6399000777663146,0.24280238964787793,0.21575460870024507,0.12169050316534114,0.0014117440308546716,0.002699243474478509,2.552445987163917e-05,0.006423842080042139,-0.0019341135445563721,-5.145946776141681e-06
0.2106234044740532,0.20877558254796372,0.6411093885452703,0.24265773531209905,0.21525865669200514,0.12126426888785358,0.0014759718192689673,0.0026800655386916648,2.5445407449276746e-05,0.006422800105982208,-0.0019178029946971245,-5.136184909772287e-06
0.21305167998666974,0.21092135274799526,0.6423145879577452,0.2425114274278989,0.21475721502214148,0.12083509244536547,0.0015401146168579766,0.0026610302947762446,2.5365439166648006e-05,0.006414301116987115,-0.0019035342876010037,-5.126194695646387e-06
0.21547844250249515,0.2130619829415463,0.6435156456655016,0.24236347915384518,0.21425031260744795,0.12040300258399537,0.0016042264871530528,0.002642155652786323,2.5284605792924342e-05,0.006411208465399154,-0.0018874745757117809,-5.115884559515348e-06
0.2179036760675919,0.21519741930440103,0.6447125315769244,0.24221390358501446,0.21373797940926784,0.11996800810432683,0.0016684290650059168,0.0026234791794247513,2.5202989074638455e-05,0.006420279275658716,-0.0018676581919154058,-5.105550769319168e-06
0.22032736495644817,0.21732760799989026,0.6459052158001125,0.24206272154843902,0.21322022027634868,0.11953012234512295,0.0017327787894460414,0.0026050180477586934,2.512063986268563e-05,0.0064349939743398536,-0.0018461245023699377,-5.095375362413595e-06
0.2227494936973699,0.21945249509099635,0.6470936687566976,0.24190996091780007,0.21269701584602868,0.11908938842140847,0.001797203234929721,0.002586751629977617,2.5037546212300105e-05,0.006442466120727278,-0.0018266535998327812,-5.08531945510623e-06
0.22517004704469976,0.2215720266344698,0.6482778609769436,0.2417556485800286,0.21216834983831664,0.11864583668183616,0.0018615758416518436,0.0025686444053697713,2.4953672689502252e-05,0.0064372822944726285,-0.0018107347755060015,-5.07479550405082e-06
0.22758900992842027,0.22368614885802995,0.6494577631851585,0.24159980354366084,0.2116342334252372,0.11819949437016398,0.0019258503167564524,0.0025506841858616842,2.4869018572084505e-05,0.006427469181262158,-0.001796034762382963,-5.064220607464608e-06
0.23000636743469563,0.2257948082313333,0.6506333462997109,0.24144243860404888,0.2110946999105544,0.1177503705321937,0.0019901072944061423,0.0025328948746156286,2.4783651706643847e-05,0.006425719465617084,-0.001778944430231117,-5.053535394022389e-06
0.23242210483757583,0.22789795135747942,0.6518045814518739,0.24128356861833905,0.21054977596207394,0.11729847083846709,0.0020544644684178564,0.002515310173429332,2.4697659783261507e-05,0.006435739108612828,-0.0017584839137894954,-5.043020494322655e-06
0.2348362076465971,0.2299955248053073,0.6529714398989425,0.2411232164346195,0.20999946048927612,0.11684380540258991,0.0021189474292804505,0.0024979368747911203,2.461108076651701e-05,0.00644831779057096,-0.0017373441487304145,-5.032561697166789e-06
0.23724866161808209,0.2320874750638237,0.6541338930752125,0.24096141000605822,0.20944373344906572,0.11638640712479557,0.002183458375009079,0.0024807476538717863,2.452388104833172e-05,0.006451116282072147,-0.0017189368739220483,-5.02217728605824e-06
0.2396594527179582,0.23417374867285642,0.6552919125189995,0.2407981741200255,0.2088825855557401,0.1159263046240217,0.002247878174463548,0.0024637101984791077,2.4436015479271027e-05,0.0064420016700328,-0.001703760826212699,-5.011576639277407e-06
0.24206856707577037,0.23625429239172419,0.6564454699230501,0.24063352559436332,0.20831603668410417,0.11546351638514192,0.0023121921368066106,0.002446820802755731,2.434749727483203e-05,0.006431417970070605,-0.0016889553656093993,-5.000932493398062e-06
0.2444759909774427,0.23832905322627818,0.6575945370771522,0.24046747693145049,0.20774412280230434,0.11499803848375098,0.002376501824304833,0.0024301070779745187,2.4258408898513922e-05,0.00643099047589654,-0.001671388771451201,-4.99051323358719e-06
0.2468817109030695,0.24039797828950052,0.6587390858500134,0.2403000444615307,0.20716686614832866,0.11452986472760367,0.002440912287212019,0.002413596717522397,2.416883669257459e-05,0.006441067985985897,-0.0016510528317964922,-4.980310017961585e-06
0.24928571356696114,0.24246101464871497,0.6598790882532493,0.2401312520866109,0.20658426065056473,0.11405901144144832,0.0025054158993394766,0.002397286484298687,2.407879380599372e-05,0.006450382874251815,-0.0016310406041440788,-4.9704508693133375e-06
0.251687985913067,0.24451810936739501,0.6610145073828316,0.2399611287869746,0.2059962902571611,0.11358460342251726,0.002569900730903979,0.0023811433958014928,2.3988226144068378e-05,0.006448504797223988,-0.001614326635643968,-4.9601513054894955e-06
0.25408851507568,0.24656920956454387,0.6621453183756439,0.23978969386874413,0.20540295114910276,0.11310786082858557,0.002634261847648381,0.002365140401755687,2.3897083760033972e-05,0.006436133306021941,-0.0016003177036662984,-4.950077447240999e-06
0.2564872883372903,0.24861426262235914,0.6632714954540978,0.23961696197009624,0.20480427098694265,0.11262869057678034,0.0026985159372315964,0.002349281758677162,2.3805396979723464e-05,0.006425430573020183,-0.0015858831184192871,-4.940094003513335e-06
0.25888429313299055,0.25065321616677777,0.6643930122564016,0.23944294530727192,0.20420028648028743,0.11214701864747491,0.0027627773844748128,0.0023335965944292036,2.3713263372480656e-05,0.006426166299037169,-0.0015685357362062997,-4.930242307242516e-06
0.2612795170913491,0.25268601790677286,0.6655098420795248,0.23926766116098047,0.20359101478172464,0.11166279957575627,0.0028271308238879862,0.0023181052596446435,2.3620757105467618e-05,0.006435365459097578,-0.0015491532835305074,-4.920814214924393e-06
0.2636729480647921,0.25471261550772367,0.6666219579777307,0.23909113347957853,0.2029764462890742,0.11117601567735387,0.002891535444933526,0.002302795616197918,2.3527864822246416e-05,0.006440483569062783,-0.0015309846479733223,-4.911634444468767e-06
0.2660645741149962,0.2567329566380611,0.6677293329000854,0.23891338706315662,0.20235656659230525,0.11068667532754284,0.0029558638542089644,0.002287634164617775,2.3434514616268185e-05,0.006432862355621726,-0.0015161659714986327,-4.9022093622412495e-06
0.268454383466997,0.2587469891445651,0.6688319397256156,0.23873444071424205,0.20173138423416628,0.11019478349966269,0.003020035534252983,0.0022725995427580322,2.3340664210305917e-05,0.006417189405574665,-0.0015034835173587432,-4.892711614402828e-06
0.2708423644786195,0.2607546611694751,0.6699297512987448,0.23855430662234767,0.2011009338072352,0.10970033012488282,0.003084099130394371,0.002257702366767943,2.3246364756057482e-05,0.0064063809765615215,-0.0014897394420706376,-4.883165955616361e-06
0.27322850565460066,0.26275592104573314,0.6710227492750763,0.23837299418117336,0.20046525018193218,0.10920417994554263,0.00314817711971175,0.0022429738177949863,2.3151730219883322e-05,0.006407820229882705,-0.0014728772364464029,-4.873771841769403e-06
0.27561279568933567,0.26475071722128146,0.6721109036757806,0.23819052394819704,0.19982434707836377,0.10870516147312666,0.003212327609270792,0.00222842466367993,2.3056809226010837e-05,0.006415070179565928,-0.0014549382419201445,-4.865037288098601e-06
0.2779952234851016,0.26673899815356517,0.6731941769736622,0.2380069209777704,0.1991782150770249,0.10820252890599899,0.0032764838360075086,0.002214032207040899,2.296155290830383e-05,0.00641564383445889,-0.001439268994687781,-4.85606946402248e-06
0.280375778125105,0.2687207122935029,0.6742725438800508,0.23782220429833584,0.19852684282740918,0.10769752519120612,0.0033405151653009154,0.002199763460296825,2.2865869756107653e-05,0.006403154047805639,-0.0014268985223956318,-4.847434018194102e-06
0.2827544488274261,0.27069580833174894,0.6753459786093677,0.23763638914209445,0.19787024815130216,0.10719010839086492,0.00340436843413464,0.0021856039190369554,2.2769727626155808e-05,0.006385347966453038,-0.001415978497893684,-4.838921383889087e-06
0.2851312249242119,0.2726642352764963,0.6764144551072728,0.23744948536102,0.1972084704903733,0.10668024111796165,0.003468118550896003,0.0021715692578731655,2.2673194718592153e-05,0.0063750327088085935,-0.001403491002134591,-4.830569040248617e-06
0.2875060958835314,0.27462594235173454,0.6774779471169097,0.23726150403151058,0.19654154338271354,0.10616788685685222,0.003531881910363124,0.0021576843684667567,2.2576374338890674e-05,0.006376356906853562,-0.0013885143238682059,-4.822254296786134e-06
0.28987905134597397,0.2765808788298716,0.6785364283167432,0.2370724621868142,0.19586947411457623,0.10565303540194065,0.0035956866780622746,0.0021439526010318057,2.2479293443639843e-05,0.006380497652402159,-0.001373202621552591,-4.8143100710652965e-06
0.29225008113233863,0.27852899398207315,0.6795898723469952,0.23688238067049938,0.19519225193182685,0.10513569661657388,0.003659437153511705,0.0021303484177031392,2.2381879641011867e-05,0.006375068365882015,-0.0013604447198782353,-4.806303014349058e-06
0.2946191752104475,0.2804702372049256,0.6806382527906937,0.23669127753483937,0.19450987627154712,0.104615881829945,0.0037230121618175094,0.00211684079791926,2.2284035672479445e-05,0.006357521610799137,-0.001350788893185492,-4.798353538180869e-06
0.29698632365266486,0.28240455819037336,0.6816815433130132,0.2364991640739281,0.19382237438219696,0.10409360183581909,0.0037863915235207602,0.002103421955189015,2.2185747168106982e-05,0.006337956912597065,-0.0013419117191650132,-4.790395761029311e-06
0.2993515166249048,0.2843319069603558,0.6827197174878259,0.23630604774496314,0.19312978909974576,0.10356883365560848,0.00384967230398303,0.002090110743303775,2.208709801822152e-05,0.006328098732745337,-0.001331149151486158,-4.7825705726939065e-06
0.3017147444137494,0.28625223373266245,0.683752748929471,0.23611193858624777,0.19243215054303714,0.10304156652900466,0.003912959805748061,0.0020769274029606107,2.1988178200673947e-05,0.0063287707887331734,-0.0013183624986389524,-4.775027571506267e-06
0.3040759974573443,0.28816548876742093,0.6847806114045086,0.2359168523361917,0.19172946213647615,0.10251181613693906,0.003976250386858737,0.0020638669108007835,2.188897880223718e-05,0.006329078651381055,-0.0013060781857246512,-4.76800637564558e-06
0.3064352663417531,0.2900716223621876,0.6858032788044053,0.2357208068677748,0.19102171561709808,0.10197961061306643,0.004039430618908879,0.0020508997232770642,2.178939508503178e-05,0.006318043695289287,-0.0012967482499677064,-4.761242644255947e-06
0.30879254176218807,0.2919705850053987,0.6868207251243027,0.23552381590205831,0.19030891915384215,0.10144497450903596,0.0041023954679950455,0.002037998470282314,2.1689331592401556e-05,0.006296505368154275,-0.0012901553447341638,-4.754272036352978e-06
0.31114781448563306,0.2938623275261455,0.6878329244604611,0.23532588672897067,0.18959110797361486,0.10090791564495664,0.004165157346432992,0.0020251619150928124,2.1588793153574415e-05,0.006276208271030847,-0.0012836861121323033,-4.747407450532864e-06
0.31350107534939603,0.29574680108226964,0.6888398509885749,0.2351270243055111,0.18886832599643946,0.10036842617690647,0.004227827445097309,0.00201241065827779,2.1487878782516895e-05,0.006267030240924668,-0.0012751568027599245,-4.740288166587032e-06
0.3158523152913616,0.2976239570053492,0.6898414789880971,0.2349272372371612,0.1881405989399584,0.09982650435313513,0.004290492138476178,0.001999759451881117,2.138666003837832e-05,0.006266489645265018,-0.0012651522758621305,-4.73342757281806e-06
0.31820152537376845,0.2994937466727103,0.6908377828466248,0.2347265392327911,0.1874079274947963,0.09928216552631138,0.00435311647478335,0.001987195930151038,2.128509673342963e-05,0.006262453879168822,-0.0012563843340394048,-4.7265241380385185e-06
0.32054869677145553,0.30135612159858194,0.6918287288051346,0.23452494663602855,0.18667030972414572,0.09873460966695408,0.004415582705231692,0.0019746854146210214,2.1183056886780548e-05,0.006246643260340198,-0.0012510842670698014,-4.718836782919278e-06
0.32289382072525225,0.3032110335289375,0.6928142859043968,0.2343224679324156,0.18592776170745817,0.09818412645659257,0.004477809485282241,0.0019622027405810072,2.108044400884438e-05,0.0062226982058211635,-0.0012483006921696386,-4.7105189686452835e-06
0.3252368885089717,0.3050584345645388,0.6937944251627237,0.23411910574090403,0.1851803235932632,0.09763090695345883,0.004539837190982971,0.0019497502390820802,2.0977273283638343e-05,0.006202790752000244,-0.0012452840104909887,-4.702354003254329e-06
0.3275778914341224,0.3068982771133728,0.6947691189362579,0.2339148616469755,0.1844280376982474,0.09707506854881374,0.0046017809313602265,0.0019373471707511576,2.087363543206453e-05,0.006194394182214841,-0.0012403412479258251,-4.694471353635681e-06
0.329916820879409,0.3087305137316878,0.6957383404948213,0.23370974139567036,0.18367092508914146,0.09651669339931546,0.004663704690374325,0.0019250016329028976,2.0769576954775046e-05,0.006192395998882904,-0.0012345887446255802,-4.686366948200998e-06
0.3322536683059926,0.31055509702806555,0.6967020637776334,0.2335037548980107,0.18290898523604754,0.09595585564364827,0.00472554980779886,0.0019126949454918842,2.0665022373144176e-05,0.006184531806850355,-0.0012307042642610974,-4.677813916552689e-06
0.3345884252352079,0.3123719797386037,0.697660263159678,0.23329691110586676,0.1821422191998058,0.0953926141514655,0.004787195106831323,0.0019003952025759797,2.0559833100552528e-05,0.006164549959995426,-0.0012300104109699967,-4.668595373559845e-06
0.336921083206367,0.3141811148957675,0.698612913395507,0.2330892133284341,0.18137065142133763,0.09482701315639902,0.004848585170366134,0.0018880848855512575,2.0453930922188496e-05,0.006139026415813264,-0.0012310684379183293,-4.659123374507081e-06
0.3392516337532101,0.315982455911285,0.6995599895592963,0.2328806599782758,0.18059432623337274,0.09425907487525588,0.004909786509023982,0.0018757731530016492,2.0347360796356933e-05,0.006120153923424371,-0.0012312105978934524,-4.64976758423667e-06
0.3415800684178135,0.3177759564877374,0.7005014669526585,0.23267124992383253,0.17981328330168334,0.0936888065880344,0.004970912170139221,0.0018634795622341238,2.0240221603011355e-05,0.006112586144441529,-0.0012293970050539496,-4.6403312673898176e-06
0.3439063787806296,0.31956157045794403,0.701437321118115,0.23246098666490742,0.17902753880491412,0.09311622718775646,0.005031998073041547,0.0018512066571429097,2.013253175910744e-05,0.006108610293819619,-0.001227329019954016,-4.630618315844958e-06
0.3462305564679077,0.3213392517256633,0.7023675278872881,0.23224987683190318,0.17823709195839574,0.09254137567784491,0.005092961462009443,0.0018389311547365136,2.0024179310295202e-05,0.006096358890439821,-0.0012275893638799414,-4.6206658821209345e-06
0.34855259312260617,0.3231089543742702,0.7032920634120773,0.23203792471892679,0.1774419500930797,0.0919642980061591,0.0051536873401284424,0.0018266229363603497,1.991501918349518e-05,0.006072607820372393,-0.0012308616105856313,-4.60997911737442e-06
0.3508724803641777,0.32487063282893264,0.7042109040927047,0.23182512876716627,0.1766421451499701,0.09138502122856011,0.00521414993254938,0.0018142713189268646,1.9804997976109797e-05,0.0060462792727039106,-0.001235202181456121,-4.599005378225851e-06
0.35319020977420934,0.3266242418975751,0.7051240266309872,0.2316114836602219,0.17583772352584678,0.09080356357909437,0.0052744364703391005,0.0018018908091080301,1.969418882117402e-05,0.006028673815981121,-0.0012380920688911425,-4.588072420368909e-06
0.35550577291796653,0.3283697366526242,0.7060314078926164,0.23139698595169902,0.1750287209574884,0.09021992794455566,0.005334650047188864,0.0017894997175904057,1.958268672613792e-05,0.006021377709163404,-0.001239150865638933,-4.577157383147293e-06
0.3578191613728133,0.330107072282382,0.7069330249428721,0.2311816369934002,0.17421514940663807,0.0896341331292617,0.005394796745148761,0.0017770949497097706,1.9470480049450547e-05,0.006014689807579171,-0.001240519133456651,-4.565705436880481e-06
0.3601303667277264,0.33183620407363534,0.7078288550208813,0.23096544019186382,0.1733970095813645,0.08904620841394702,0.005454776061247026,0.0017646497786869002,1.9357432523445e-05,0.005997951630888084,-0.0012445601163629584,-4.553362195592247e-06
0.3624393805489261,0.33355708754682156,0.7087188755726997,0.23074839547749695,0.17257431589388453,0.08845618606223231,0.005514486669178844,0.0017521371525908408,1.9243399796314823e-05,0.005971080846385757,-0.001251306332835527,-4.540403826369065e-06
0.3647461943433295,0.33526967860033685,0.7096030642157043,0.23053049700979975,0.1717471066809999,0.08786408165800866,0.00557393270146352,0.0017395534498836549,1.91283589688839e-05,0.005944623314557565,-0.0012584147119074492,-4.527255505210989e-06
0.367050799553814,0.33697393350986177,0.7104813987473213,0.23031173651387252,0.1709154286702302,0.0872699002466794,0.005633215171706276,0.001726917393250977,1.9012408897473474e-05,0.005928267122878948,-0.0012636507982990515,-4.5141369806441825e-06
0.3693531875868205,0.33866980878863434,0.7113538571187668,0.2300921087807196,0.17007931310458177,0.08667364643653419,0.005692420510070905,0.0017142447422356024,1.8895635166705037e-05,0.005920553930049339,-0.001267310909533792,-4.500915490895216e-06
0.37165334983744575,0.3403572610605318,0.7122204174575559,0.22987161328875166,0.1692387688956344,0.08607534028788061,0.005751525346548743,0.0017015263480415562,1.877798626832687e-05,0.00591050374258057,-0.0012718859173194662,-4.487289070041729e-06
0.3739512776802808,0.34203624708416847,0.7130810580492862,0.22965025028938918,0.16839379993851838,0.08547501009103442,0.00581041884450784,0.0016887330915271376,1.865929577405579e-05,0.005889369917180966,-0.0012793728889359216,-4.473129349425295e-06
0.3762469624312549,0.3437067239046212,0.7139357573397054,0.22942801561548243,0.16754442809164424,0.08487268036218552,0.005869019839477036,0.0016758421387961207,1.853943042581307e-05,0.005860119663386124,-0.0012891432906667135,-4.4584016680986184e-06
0.3785403953163736,0.34536864897076525,0.7147844938962594,0.2292048997061576,0.1666906967247112,0.08426835847845834,0.005927361058231642,0.0016628569802478758,1.8418404717338136e-05,0.005834142080527283,-0.0012985646514079854,-4.443494065506369e-06
0.3808315674807729,0.3470219801446544,0.715627239719652,0.22898089380120756,0.16583265251120652,0.08366137363366985,0.005985552239728997,0.0016497956486859642,1.8296324711765653e-05,0.005819138371801685,-0.0013061827023321574,-4.427887730025061e-06
0.3831204700120553,0.34866667548321795,0.716463969244976,0.22875599067314897,0.16497032192787103,0.08305196050476264,0.006043662310608878,0.0016366681825438702,1.8173255357328575e-05,0.005811027312762795,-0.001312796891057456,-4.411088494771086e-06
0.3854070939590843,0.3503026931408458,0.7172946585428753,0.2285301873168277,0.1641037115431257,0.08244028718480971,0.006101644108010994,0.0016234582053113063,1.804910000478021e-05,0.0057981999799340475,-0.0013210487612882644,-4.393378079308506e-06
0.3876914303135017,0.3519299914306518,0.7181192848722471,0.22830348018241,0.16323282843764672,0.081826484275952,0.006159383330893767,0.0016101338916989962,1.7923662044619045e-05,0.005773942570632382,-0.0013324832226996478,-4.3751063322126005e-06
0.38997346996777127,0.3535485289854979,0.718937826306548,0.2280758604523098,0.16235770028086882,0.08121063868841995,0.0062168199593171485,0.0015966764552067928,1.7796818837774963e-05,0.005743683182014448,-0.0013457963751295316,-4.356516182356688e-06
0.39225320368955474,0.35515826484802243,0.7197502615141173,0.2278473144673121,0.161478373126626,0.0805928027849728,0.006274009975764675,0.0015830952790466073,1.7668618356774345e-05,0.005719022028716353,-0.001358171195749334,-4.337828929501438e-06
0.39453062213524537,0.3567591583974301,0.7205565696285587,0.22761782888552215,0.16059488969270608,0.0799730108551846,0.0063310617374131095,0.0015694132657387045,1.75391969962421e-05,0.005705196566480512,-0.001368255725274695,-4.318782076518127e-06
0.3968057158840674,0.35835116919755944,0.7213567300959053,0.22738739510266195,0.15970727194475864,0.07935128926491969,0.006388018004767066,0.0015556376176502928,1.7408598242834547e-05,0.005695647143314346,-0.0013776200067106986,-4.298976031473873e-06
0.3990784754516258,0.3599342569291031,0.7221507226984739,0.22715600808385933,0.15881552604941612,0.07872767863536233,0.006444808008857988,0.0015417476035968045,1.7276690737631137e-05,0.005679020839028947,-0.0013890574498097016,-4.2781176414868e-06
0.40134889126415424,0.361508381482388,0.722938527482672,0.22692366095590719,0.15791966452373976,0.07810221600869316,0.006501321721977669,0.0015277125477499987,1.7143274409419638e-05,0.005651391789269352,-0.0014035625420753936,-4.256418356495107e-06
0.4036169536169403,0.3630735031107299,0.7237201248467047,0.22669034111763775,0.15701972154472035,0.07747493892159033,0.0065575263279178215,0.0015135208730942663,1.7008261742332544e-05,0.005620481125738653,-0.0014192253690802723,-4.234682997626127e-06
0.4058826526579129,0.36462958248167354,0.7244954954733541,0.22645603214309767,0.1561157448463456,0.07684586737873186,0.006613498110005998,0.0014991891733440808,1.6871748484127594e-05,0.005597198774014372,-0.0014332287983842833,-4.212924151690124e-06
0.40814597841103456,0.3661765805735178,0.7252646203036414,0.22622071945265115,0.15520777343607114,0.07621501695940303,0.006669337250309101,0.0014847411089875032,1.6733882894031654e-05,0.0055839346008189515,-0.0014448661338139661,-4.1907471515182165e-06
0.4104069208115372,0.3677144585326665,0.7260274804357564,0.22598439371503845,0.15429582528230235,0.07558240182518523,0.006725058458399908,0.0014701785153656654,1.6594676506648468e-05,0.005572141377699957,-0.0014563199329625267,-4.167527191255353e-06
0.4126654697074999,0.36924317759492903,0.7267840630543178,0.22574704672000617,0.15337990639501387,0.0749486401900467,0.006780568661453765,0.0014554789049882764,1.6453970240073952e-05,0.0055510408897205404,-0.0014700225384811807,-4.1439934052995415e-06
0.4149216148392294,0.37076269932224676,0.7275343478585684,0.22550867062743185,0.152460037246179,0.07431299174310504,0.006835770697649443,0.0014406130911252528,1.6311560783635047e-05,0.005520224242505999,-0.0014866438885568639,-4.11978053987806e-06
0.4171753457936182,0.3722729856716612,0.7282783153479458,0.22526924988938765,0.1515362578757024,0.073675535802493,0.006890660744638407,0.0014255768855787915,1.6167407998514442e-05,0.005489025358731004,-0.0015036840765991876,-4.095332992406533e-06
0.4194266519979459,0.37377399900757263,0.7290159466247208,0.22502876641959027,0.15060861637818418,0.07303632358884136,0.006945329933171371,0.0014103926401781847,1.6021654606915546e-05,0.00546693952225985,-0.0015184890371432796,-4.070605629459307e-06
0.4216755227515879,0.3752657019777296,0.7297472232287561,0.2247872053998265,0.14967714776699004,0.0723953908656039,0.0069998645959414366,0.00139508249904634,1.5874448392459204e-05,0.005453486927520199,-0.0015310795372237187,-4.04519081074976e-06
0.42392194725942717,0.37674805738866063,0.7304721270482183,0.22454455735608378,0.14874186725338828,0.07175277346430026,0.007054252511079675,0.0013796416772573203,1.5725756297950796e-05,0.005438812144135401,-0.0015441485424624033,-4.018561441860939e-06
0.4261659146282597,0.37822102821505715,0.7311906402965147,0.2243008141733111,0.14780278482171205,0.07110851227465342,0.007108394413441167,0.0013640411052331769,1.557537104998435e-05,0.005414210867935349,-0.0015601245802036876,-3.99095625258317e-06
0.4284074138280941,0.3796845777358704,0.7319027454244872,0.2240559634822659,0.14685992557222305,0.07046263725628586,0.007162209551768866,0.001348256280590563,1.5423112183521697e-05,0.005381534482628539,-0.0015785509230421698,-3.962631568326743e-06
0.43064643365755884,0.3811386696499782,0.7326084251453536,0.22380998735167665,0.14591333360578437,0.06981517196290048,0.007215720280547833,0.0013322918519133784,1.5268999275694973e-05,0.005351093534520955,-0.0015965124056216333,-3.934205795997576e-06
0.4328829627493967,0.3825832680511497,0.7333076622573855,0.22356286686261045,0.14496305560585068,0.06916611635083852,0.00726902506646542,0.0013161752009530777,1.5113218909628162e-05,0.005330499221973309,-0.001611735650184114,-3.905437190804693e-06
0.43511698961347084,0.3840183373382051,0.7340004344278086,0.22331458887057784,0.14400912345269204,0.06851495049713181,0.007322196903040726,0.001299923145406858,1.4955900917197403e-05,0.005317204236743661,-0.0016252770758479016,-3.874604803630035e-06
0.437348502658401,0.38544384204535803,0.7346867212676971,0.2230651435628981,0.14305154959604963,0.0678618711026861,0.007375199926100673,0.001283522017853015,1.4796946844392905e-05,0.005300322839686643,-0.0016401852797951072,-3.8423792959809215e-06
0.43957749017650427,0.38685974689075453,0.7353665037824174,0.22281452099543092,0.14209034645964302,0.06720702508312824,0.007427929689337907,0.0012669383616830115,1.4636104848819116e-05,0.005272996835996158,-0.001658439239628011,-3.809357394764392e-06
0.4418039402989022,0.3882660169252726,0.7360397639480984,0.22256270582464277,0.14112554433668595,0.06655051309875058,0.007480326837526914,0.0012501519840600525,1.4473214049840088e-05,0.005239735320637108,-0.0016787125468596797,-3.775949146494694e-06
0.44402784096666126,0.38966261762233706,0.7367064844594408,0.22230967761916756,0.14015718962791884,0.0658924024900682,0.007532440330312977,0.0012331758473793448,1.430836065918406e-05,0.0052113697490311535,-0.0016976895862380525,-3.742042220298487e-06
0.44624917994789126,0.3910495148161752,0.7373666484902116,0.2220554165513926,0.1391853258041158,0.06523273330396959,0.007584373354309388,0.0012160408859415105,1.4141772000837645e-05,0.0051933228013897265,-0.001713573112227297,-3.707199830113517e-06
0.44846794488174163,0.3924266745571917,0.738020239675767,0.2217999083572151,0.1382099779581589,0.06457154840561559,0.0076361726912148155,0.0011987613283452679,1.3973554465612057e-05,0.005179954002299723,-0.001728033738932775,-3.6711659716282672e-06
0.45068412330103513,0.39379406304159015,0.7386672419464967,0.22154314323166405,0.13723115709198988,0.06390888144538148,0.007687778526383742,0.001181317969539835,1.380356086968151e-05,0.005160603747945419,-0.0017444149273527095,-3.633920376313028e-06
0.45289770260778645,0.39515164668867553,0.7393076395564061,0.22128510974613702,0.1362488794375445,0.06324477136921916,0.007739088527689527,0.0011636777151110822,1.3631529785773313e-05,0.005131020302306869,-0.001764105660226845,-3.5960267353981365e-06
0.45510867002217753,0.3964993922413254,0.7399414218134888,0.2210257892445576,0.13526317936903362,0.06257972604284048,0.007790066337811564,0.001145831362317857,1.3457374583859707e-05,0.005097801123954372,-0.0017847167062888323,-3.558184025300556e-06
0.457317012577948,0.39783726692132787,0.7405685719831354,0.22076516199604954,0.13427410479218613,0.061913136038962244,0.007840780558556696,0.0011278000187852437,1.3281252068454384e-05,0.005071442097479474,-0.0018032169313999358,-3.519587234926964e-06
0.4595227171439794,0.3991652382756153,0.7411890741151009,0.22050320900937326,0.13328169503532059,0.06124507365507511,0.007891327793579221,0.0011096157688277961,1.3103411352567938e-05,0.005054743398506086,-0.0018185086282571604,-3.4798282475048484e-06
0.4617257704705155,0.4004832740411877,0.7418029128209621,0.2202399175091381,0.132285970936052,0.06057559398063625,0.00794172926196043,0.001091286265959573,1.2923913280476343e-05,0.005040166592067516,-0.001833034949543971,-3.4387822059563075e-06
0.46392615920252817,0.4017913421098292,0.7424100731271762,0.2199752780765426,0.13128694374501368,0.05990474316228475,0.007991907731807244,0.0010727860897596674,1.2742553511911521e-05,0.005017866609513626,-0.001850103394867673,-3.396792014402142e-06
0.46612386984596554,0.4030894106317408,0.7430105404284937,0.2197092782047071,0.13028463432931608,0.05923256305881287,0.008041770334793873,0.001054083935487075,1.2559076008226043e-05,0.004986279811332429,-0.0018703024184196595,-3.3540949596414507e-06
0.46831888872320715,0.40437744814749416,0.7436043004364224,0.21944189919103235,0.1292790818636566,0.05855908534488008,0.008091307783926392,0.001035176902169676,1.2373445908812014e-05,0.004953764305746211,-0.0018907915571119093,-3.3111290028910608e-06
0.47051120196654483,0.4056554236063864,0.7441913391076481,0.21917311978127,0.1282703326068867,0.05788432998536394,0.008140601909318231,0.0010160949216747055,1.2185900218252008e-05,0.004929431775538195,-0.0019082874146796867,-3.267262334901577e-06
0.4727007955587057,0.40692330625535356,0.7447716425445019,0.21890292276613796,0.127258421528669,0.05720830749598521,0.008189736527329723,0.0009968696332462467,1.199669174634313e-05,0.004913480845631419,-0.0019226192464777562,-3.222607985140902e-06
0.4748876553780355,0.4081810655175927,0.7453451970536676,0.2186312973120192,0.12624336629411134,0.05653103894069626,0.008238707146902119,0.0009775012405713196,1.1805825607215516e-05,0.004897080800242532,-0.001936930705738156,-3.176512204260791e-06
0.4770717672009412,0.40942867099206215,0.7459119891345017,0.21835823454462638,0.12522517984477782,0.055852547991871046,0.008287425439614844,0.0009579592658363478,1.1613047317548433e-05,0.004871847927971415,-0.0019542900520041827,-3.129682298389107e-06
0.479253116660056,0.4106660925737401,0.7464720054701145,0.21808372114112554,0.12420388798000057,0.05517285638111287,0.008335813850685367,0.0009382165564491708,1.1418123482539518e-05,0.004838859588487134,-0.0019743647567912526,-3.082501264729172e-06
0.4814316892045625,0.4118933005651165,0.747025232901177,0.2178077378803954,0.12317953291992728,0.05449197878229134,0.00838388800698871,0.0009182800816249081,1.1221103145537145e-05,0.004807433919636346,-0.001993742522420555,-3.0349351303065587e-06
0.48360747010690736,0.4131102656585883,0.7475716584597021,0.21753026467094203,0.12215215910248475,0.0538099305543184,0.008431737649141452,0.000898185766026625,1.1022285868228673e-05,0.004784982273424812,-0.002009527696015236,-2.9862914112426957e-06
0.4857804445118129,0.41431695881243996,0.7481112693405572,0.21725128683836215,0.12112179708361458,0.05312672571270601,0.008479429600329704,0.0008779617106480743,1.0821909454050775e-05,0.004769212914629304,-0.0020225026689384973,-2.9365018318181196e-06
0.4879505974768375,0.41551335115272453,0.748644052902279,0.21697079575565048,0.12008846246379791,0.05244238213142426,0.008526935976852983,0.0008575995087570193,1.0619904491152314e-05,0.004750655182818057,-0.0020363183430196882,-2.8856145836332317e-06
0.49011791396235055,0.4166994140060657,0.7491699966510877,0.21668878309060305,0.11905217083488631,0.05175691814481726,0.008574164051409714,0.0008370652726664392,1.0415979784148373e-05,0.004722824735749882,-0.0020535229099568376,-2.8340305979927275e-06
0.4922823787841137,0.4178751190277221,0.7496890882462159,0.21640523501819559,0.11801295264805951,0.05107035080470723,0.008621056135558539,0.0008163379880877091,1.0209946165495521e-05,0.004689225448572696,-0.0020728289895148486,-2.7823017761725755e-06
0.4944439765812445,0.4190404382859813,0.7502013154836555,0.21612013253424014,0.11697085176255376,0.050382692280009383,0.008667650223177765,0.0007954347422012485,1.0001945872341033e-05,0.004659425525224242,-0.0020904262906911945,-2.729966463508589e-06
0.4966026918370015,0.42019534421304955,0.7507066663196418,0.21583345763977863,0.11592590969666132,0.04969395593765827,0.008714037617546778,0.0007743951215402965,9.792319789737089e-06,0.004638755891595309,-0.00210406479070978,-2.6768343993772434e-06
0.49875850893317675,0.42133980947790134,0.7512051288180415,0.21554519874294983,0.11487815277405176,0.04900415169483273,0.008760265009433823,0.0007532412809990556,9.581266925533745e-06,0.004622755310127978,-0.0021154877110665885,-2.622279288032749e-06
0.5009114121824597,0.42247380691497305,0.7516966912221117,0.21525534943409996,0.11382759556578861,0.04831329919650579,0.008806284689048795,0.000731956246286788,9.368641085852792e-06,0.004601983751876369,-0.0021286081223885747,-2.566767321859673e-06
0.5030613858059882,0.4235973095857162,0.7521813419330002,0.21496390188255754,0.11277425687836752,0.04762141659967017,0.008852006176577899,0.0007105048079039826,9.154132807384338e-06,0.004572164224697202,-0.002145249618368783,-2.510445335692414e-06
0.5052084138831469,0.42471029090518664,0.7526590695112578,0.21467084209264217,0.11171817101625713,0.04692852039297901,0.008897394013829833,0.0006888740684872475,8.937619652409443e-06,0.004538798875168304,-0.0021631809070580942,-2.4540770441723666e-06
0.5073524803301858,0.42581272469620784,0.753129862640903,0.21437615206991123,0.11065938202112253,0.04623462157999948,0.008942504693802235,0.0006670906712663299,8.719336247783366e-06,0.004511082797233806,-0.002178447768030567,-2.3970447326473413e-06
0.5094935689390243,0.4269045851502796,0.7535937067412732,0.21407981740108065,0.10959792846676633,0.0455393914368531,0.00898743074340367,0.0006451942752979588,8.499648815596063e-06,0.004492619375523628,-0.0021897485530849616,-2.3380703204220914e-06
0.5116316634220103,0.42798584661506,0.7540505919119326,0.21378182886206154,0.10853383142077791,0.04484329839720369,0.009032195131430127,0.0006231993591171101,8.278692004519255e-06,0.0044764528164029,-0.0021996014207808067,-2.278039919828357e-06
0.5137667474398812,0.42905648360765936,0.7545005080279829,0.21348218212095024,0.10746710499207904,0.04414632158192666,0.009076733426182478,0.0006010814182896735,8.056243258830885e-06,0.004453843092956708,-0.0022119048315192725,-2.2176216801535726e-06
0.5158988045678563,0.4301164708983159,0.7549434449039013,0.21318086977273146,0.10639777116592772,0.043448456213976756,0.009120962407384735,0.0005788067939852308,7.831995567758824e-06,0.004422911350306686,-0.0022275742636992074,-2.1567747062359145e-06
0.5180278182466475,0.43116578362804353,0.7553793922616019,0.21287787811369266,0.10532586689056153,0.04274969301534643,0.009164868924075524,0.000556372385653967,7.605917338052409e-06,0.00439066450174843,-0.0022435537650497294,-2.09556984102893e-06
0.5201537717739436,0.4322043973296199,0.7558083399002665,0.21257319097114538,0.10425143488178383,0.0420500390706781,0.009208522492065439,0.0005338130985226208,7.3783289395766196e-06,0.0043653692053625,-0.0022560425950233494,-2.033636985162809e-06
0.5222766483502772,0.4332322878328775,0.7562302777053509,0.21226679667538645,0.10317450850805376,0.04134950286539684,0.009252000021590288,0.0005111681969656356,7.149593679404968e-06,0.004347764904372626,-0.002264604817907148,-1.9710095631523523e-06
0.5243964311337457,0.434249431154198,0.756645195708706,0.2119586905364717,0.10209510691336746,0.04064809955529655,0.00929530420900001,0.0004884425028999652,6.91976480599012e-06,0.004330430228619077,-0.0022726848189251548,-1.9071801995523229e-06
0.5265131032481185,0.4352558034876623,0.7570530840249714,0.2116488701297554,0.10101324523567451,0.039945838061950664,0.009338361197822278,0.0004656048539738727,6.688558578347032e-06,0.004305709911975509,-0.0022838811825418573,-1.8424690542307012e-06
0.5286266477390928,0.43625138130457825,0.7574539329488411,0.21133732851424875,0.0999289490196139,0.039242736533014584,0.009381101012794211,0.00044262536075359717,6.455694745086959e-06,0.00427399207254205,-0.002298066619042896,-1.7774872234832813e-06
0.5307370475297661,0.4372361414542406,0.7578477329136217,0.21102405277579595,0.09884225710269405,0.03853880864669018,0.009423532961003674,0.0004195114787996827,6.221242043361794e-06,0.004243204928098251,-0.002311506465882887,-1.712147389629074e-06
0.5328442854268727,0.43821006115534533,0.758234474479886,0.21070902937010377,0.09775321000845333,0.037834067422572545,0.009465734491965016,0.00039630438619441493,5.985592166886966e-06,0.004220162709105079,-0.002320828316350295,-1.6460115869533363e-06
0.5349483441757644,0.4391731178889152,0.7586141483809521,0.21039225060340602,0.09666183683529522,0.03712853088652155,0.009507768326064864,0.00037303885960314026,5.749081364909515e-06,0.004203392508503052,-0.0023266723359985585,-1.5789185236929053e-06
0.5370492065092969,0.4401252893077189,0.7589867454846675,0.21007371522087448,0.0955681544727896,0.036422212911271554,0.009549616422760117,0.0003497098721392952,5.51167139104931e-06,0.004184818249523597,-0.0023330190561130135,-1.5107799461259698e-06
0.5391468551419002,0.4410665532566323,0.7593522567511177,0.20975342244401562,0.09447217969766437,0.03571512241449374,0.009591200186133703,0.0003262821244977437,5.273031593032073e-06,0.004158384403888321,-0.0023428958595671473,-1.4419167761462601e-06
0.5412412727191752,0.4419968878800067,0.7597106733440112,0.2094313659325423,0.09337394123365698,0.035007279203248295,0.009632466114213686,0.00030273227379397263,5.0329406979768605e-06,0.004126600359615383,-0.0023551070542233233,-1.3726042328249117e-06
0.5433324417817627,0.4429162717002812,0.7600619865813182,0.20910753424705283,0.09227347860664792,0.03429869891218462,0.009673443290455674,0.0002790784521127498,4.791574025549189e-06,0.004097724646257413,-0.002365504953506908,-1.3029693787600439e-06
0.5454203447863528,0.4438246835811081,0.7604061879540291,0.20878191720139813,0.09117082929333972,0.033589400165462927,0.009714211363876733,0.0002553655693168944,4.549370082493922e-06,0.0040768138148931056,-0.0023714116503748754,-1.232756338574968e-06
0.5475049641665093,0.44472210261691825,0.7607432691043169,0.2084545113853256,0.09006601836933187,0.032879399273375014,0.009754816074152689,0.00023162136650069857,4.306606288796617e-06,0.0040604769392929155,-0.0023745440971854603,-1.1617666754311814e-06
0.5495862823718999,0.4456085080648401,0.7610732218296056,0.20812531875920529,0.08895906134852655,0.03216871160896531,0.009795221365821402,0.00020783107189092362,4.063148272002468e-06,0.004040534516833054,-0.0023791537800412622,-1.0899507915125657e-06
0.5516642818482322,0.4464838793903526,0.7613960381034084,0.2077943399297805,0.08784997711833964,0.03145735353531783,0.009835349286567667,0.00018395785425682077,3.818641854476148e-06,0.004012796864907906,-0.0023874467540115603,-1.0175954764577922e-06
0.5537389449841709,0.44734819637683076,0.7617117100186743,0.20746156941477525,0.08673879701431159,0.030745336178348064,0.009875164964285097,0.00015998694086018025,3.5729455916310345e-06,0.003981571997566982,-0.002397217067199139,-9.448636654258179e-07
0.5558102540864336,0.44820143917756233,0.7620202298361954,0.20712699791642153,0.08562556013560169,0.030032677283164572,0.009914713828427782,0.00013594627985847902,3.3263387823543525e-06,0.00395489006374123,-0.002404192422828526,-8.717732202364889e-07
0.5578781914147156,0.449043588255702,0.7623215899816141,0.20679061919244873,0.08451030036198602,0.029319395531546784,0.009954072485046733,0.00011188148548481294,3.079283348932818e-06,0.003935868723763361,-0.0024066061191314425,-7.978044226490703e-07
0.5599427392486185,0.4498746243019553,0.7626157808366207,0.2064524346639818,0.08339303959104942,0.02860528705023871,0.009993271127613793,8.780953297284851e-05,2.8319664335656175e-06,0.003919866726556485,-0.002407322187625607,-7.222839701969174e-07
0.562003879907065,0.4506945281548811,0.7629027937266536,0.20611244887659816,0.08227379240077977,0.027890444814894735,0.010032259944485497,6.370531048082303e-05,2.584149423284912e-06,0.003898883565062531,-0.002410549550989051,-6.458691688711441e-07
0.5640615957141552,0.45150328087161945,0.763182620646749,0.20577066320745735,0.08115257975219582,0.027174933498197076,0.010070968081700247,3.953237420048237e-05,2.3354733758736683e-06,0.003870815005594414,-0.002417421469423365,-5.690551162442712e-07
0.5661158689420822,0.45230086380649154,0.7634552561267263,0.20542707234972188,0.08002943397866547,0.026459006445300935,0.010109378049390869,1.52873204930094e-05,2.0859029460845603e-06,0.0038409974536031356,-0.002424633767593655,-4.925088459521998e-07
0.5681666818070585,0.45308725867063787,0.7637206943985092,0.20508166955508147,0.07890439249064368,0.0257426361225179,0.010147546123206671,-8.992607822442099e-06,1.8358189227790493e-06,0.0038168074607540857,-0.0024281215867696182,-4.1570670897574615e-07
0.5702140165169141,0.4538624474538671,0.7639789295293513,0.2047344527712091,0.07777748514904101,0.02502580905003231,0.010185540331090582,-3.326346566957204e-05,1.5856736536751985e-06,0.003799420260341185,-0.002427214663143609,-3.3858669838618313e-07
0.572257855331133,0.4546264123260837,0.7642299555467955,0.2043854269282124,0.07664873039994764,0.02430852209984317,0.010223367467727089,-5.7516420127041266e-05,1.3355688739388973e-06,0.0037827125288781055,-0.0024254243871622582,-2.6078972682854837e-07
0.5742981805778443,0.45537913564229265,0.764473764736265,0.20403459963855158,0.07551814386052186,0.023590598513329748,0.010260968079523298,-8.178385168437244e-05,1.0851853443886507e-06,0.003760059436139615,-0.0024268723148152182,-1.8236363144670256e-07
0.5763349746029566,0.45612059999656596,0.7647103501094179,0.20368197334411922,0.07438574921037358,0.02287210814216499,0.010298281801645312,-0.00010609812117843286,8.3420053799927e-07,0.003731369854858167,-0.002431556484222394,-1.034375326199947e-07
0.5783682197223631,0.45685078831190085,0.7649397052008912,0.20332754475903128,0.07325158057838896,0.022153103152775074,0.010335315492851544,-0.00013045278775767968,5.826908204305843e-07,0.003703366146303619,-0.00243559652144714,-2.3859704345150085e-08
0.5803978982264594,0.4575696838358182,0.7651618240131862,0.20297131028947688,0.0721156728935652,0.02143363322505983,0.010372137010309597,-0.0001548049327972665,3.31106615772024e-07,0.0036821481579048525,-0.002435344457331678,5.602212405302144e-08
0.5824239924373228,0.4582772700484757,0.7653767009313136,0.20261327229334414,0.07097805140604183,0.02071373952228644,0.01040880381807172,-0.00017911683989322097,7.98448126687487e-08,0.0036666765815336114,-0.002431320541482174,1.3593696224405923e-07
0.5844464847615204,0.4589735305821071,0.7655843304996728,0.20225343933564813,0.06983873150725124,0.019993437829439388,0.010445302858154228,-0.00020339171618548744,-1.7111645933982274e-07,0.0036498992089143358,-0.002427617342451707,2.1632184420206833e-07
0.5864653576860521,0.4596584492335195,0.7657847075242739,0.2018918201967796,0.06869772891797862,0.019272751324602135,0.010481565677892676,-0.0002276652642653407,-4.2213917798201445e-07,0.0036262765639873116,-0.002427484583291175,2.971068764977715e-07
0.5884805937272081,0.4603320100571923,0.7659778271833312,0.20152841825081888,0.06755506934825412,0.018551714676137747,0.010517543225583145,-0.0002519627417298401,-6.734902828591409e-07,0.0035977487416845966,-0.0024298777223192504,3.77075717779367e-07
0.5904921753917028,0.46099419743841624,0.7661636848444143,0.20116323215304932,0.06641078705532737,0.017830347784018152,0.010553258178918206,-0.0002762669093634326,-9.249934316953299e-07,0.003571488691314571,-0.002430546847197385,4.5602255618527547e-07
0.5925000851962239,0.4616449960647478,0.7663422760896823,0.20079626207626408,0.06526491420274687,0.017108675882154728,0.010588779696286535,-0.000300531927844232,-1.1761715859249744e-06,0.003552144493243863,-0.002426631789316675,5.337082849212353e-07
0.5945043057291957,0.4622843908303827,0.7665135966448786,0.20042751476425447,0.06411747266000464,0.01638671603819889,0.010624148959732559,-0.000324727935083914,-1.4267017944248186e-06,0.0035369185126467536,-0.0024197303457025193,6.113171495259026e-07
0.5965048196926189,0.46291236677469555,0.766677642388993,0.20005700191071182,0.06296847691979907,0.01566448235311679,0.010659335372024136,-0.0003488683335659666,-1.6767159105232183e-06,0.003518632809092028,-0.002414169212530799,6.891102263573559e-07
0.598501609883725,0.46352890912039807,0.7668344093480484,0.19968473369413492,0.06181794478779606,0.01494198580001929,0.010694269016180464,-0.00037299041671373667,-1.9266066300715256e-06,0.0034933553966984485,-0.002412337626095916,7.665356793913371e-07
0.6004946591407911,0.4641340033690641,0.7669838938292565,0.1993107144770456,0.060665904478176325,0.014219252382647419,0.010728915628344248,-0.00039711065113308674,-2.1765541103816826e-06,0.003464651592484843,-0.0024121527965227695,8.428054441239354e-07
0.6024839503159306,0.46472763535180195,0.7671260924019869,0.19893494527295735,0.05951239030879958,0.013496310385272863,0.010763311570021946,-0.00042120237513595374,-2.426280136930285e-06,0.003439583950407666,-0.002409301650977196,9.175833454153936e-07
0.6044694663083066,0.46530979118190197,0.7672610018125502,0.198557430248906,0.05835743204955291,0.012773181793042933,0.01079752298431453,-0.00044521984085565627,-2.6752958065879834e-06,0.0034211306419555843,-0.002401875455479583,9.912110832350402e-07
0.6064511901265799,0.46588045716242055,0.7673886188931818,0.198178180255714,0.0572010494360844,0.012049877134876937,0.010831574078361137,-0.0004691429368477903,-2.923380677399366e-06,0.0034050980630124872,-0.0023924379927296045,1.0642101913488142e-06
0.608429104917283,0.4664396197471278,0.7675089406114325,0.19779720952391897,0.056043257503945405,0.011326407458227076,0.010865420369276051,-0.0004929939479233559,-3.170761973083355e-06,0.003384617191082364,-0.002385229124475871,1.1375842070343956e-06
0.6104031939336366,0.4669872655981198,0.7676219641279234,0.19741452925169034,0.05488407701745769,0.010602787795894148,0.010898995969340764,-0.0005168089642114506,-3.4178258912038547e-06,0.0033575475324939107,-0.0023816294737730114,1.2105591951941882e-06
0.6123734404647373,0.4675233814853489,0.7677277030625482,0.19703014441848732,0.053723536980032405,0.009880656166372879,0.010932267752422464,-0.0005406323693322939,-3.6649831681820757e-06,0.0033271652407623007,-0.002382468367176442,1.28998377847245e-06
0.6143398278255474,0.4680479547514332,0.7678261517267128,0.19664405616471564,0.05256167475023183,0.009158087122302944,0.010965288035413691,-0.0005644160654331339,-3.911639368058046e-06,0.0033020146710708693,-0.0023784971104971616,1.3755825148281796e-06
0.6163023393783202,0.46856097284080717,0.76791731899407,0.19625626996474527,0.051398517444575804,0.008436537104653172,0.010998105849380576,-0.0005881416412421882,-4.157641382740096e-06,0.0032817672204080803,-0.0023726846668010795,1.4554706101605663e-06
0.6182609586030583,0.46906242359732614,0.7680011969330829,0.19586679655436595,0.050234087093950934,0.0077143292103809295,0.011030734652500625,-0.0006117827195546441,-4.402649833003513e-06,0.003262865612714813,-0.002364234286447803,1.5393962296700162e-06
0.6202156690889421,0.4695522948606584,0.7680777929792714,0.19547564830454364,0.04906840017145816,0.006992992926995634,0.011063110285657365,-0.0006353891821180617,-4.647213391413921e-06,0.0032375480653179713,-0.002360772380006832,1.6224869316588805e-06
0.6221664545121738,0.4700305749268036,0.7681470982574659,0.1950828330646698,0.0479014845203832,0.00627089560691967,0.011095182332564553,-0.0006589758593254943,-4.891486830299421e-06,0.0032071888820450175,-0.0023587935908973654,1.7056505779251362e-06
0.6241132985625572,0.4704972522360626,0.7682091199389894,0.19468835335589182,0.046733372954157734,0.005549638239663346,0.011126940694697786,-0.000682558246155969,-5.1356744688738804e-06,0.003175819834289018,-0.0023583644287058633,1.784744869939321e-06
0.6260561849669825,0.47095231577062324,0.768263849143965,0.19429221153097176,0.04556410279266949,0.004827622991594857,0.011158448773599068,-0.0007060768570580842,-5.379033949227256e-06,0.0031507909935151453,-0.00235198625136488,1.8710964849828158e-06
0.6279950975384093,0.47139575475642315,0.7683112789339638,0.19389441621549944,0.044393701280861175,0.004105049874874693,0.01118976512376026,-0.0007294827592603801,-5.62097976721482e-06,0.003131617649994424,-0.0023407144454657314,1.9603960728537525e-06
0.6299300202164596,0.4718275583999213,0.7683514193572508,0.1934949816389512,0.043222185837997064,0.0033836124864928744,0.011220871895438423,-0.0007528026178523305,-5.861852770781269e-06,0.003110659315939863,-0.002332109360169423,2.044315924998843e-06
0.6318609370921736,0.4722477163367007,0.7683842615926469,0.19309392177845008,0.042049578567292877,0.0026614218657974057,0.011251722569790632,-0.000776051830629238,-6.101789147861847e-06,0.003085049094077515,-0.0023250441077674495,2.1308407574342957e-06
0.6337878323522631,0.4726562184684005,0.768409797117767,0.19269124634166349,0.04087590682003749,0.0019385058557453622,0.011282281050614117,-0.0007992429938023822,-6.340927085106279e-06,0.0030558292469506374,-0.002319238549726448,2.216666461674194e-06
0.635710690218982,0.47305305478689536,0.768428037063025,0.19228696057588812,0.03970120242739586,0.0012168266635938058,0.011312555141318478,-0.0008223846312856116,-6.5793828116028e-06,0.0030273897363496238,-0.0023142854575717003,2.2994761723372544e-06
0.637629495004373,0.4734382158226979,0.7684389739065568,0.1918810720410515,0.038525498835073335,0.0004945267956015196,0.01134261160497335,-0.0008454159601808568,-6.816385337901315e-06,0.0030056266020680347,-0.002303253589955538,2.3896480318101525e-06
0.6395442311600084,0.4738116923314463,0.7684425999600722,0.19147359487148008,0.03734881877034177,-0.00022840519753433445,0.011372491699061578,-0.0008682967395674007,-7.0514921301117094e-06,0.00298798926377299,-0.0022881973843714713,2.477250442891243e-06
0.6414548833208074,0.4741734752124009,0.768438909476709,0.19106454784604926,0.03617117914877425,-0.0009517758259508236,0.011402176492194833,-0.0008910297522662948,-7.284736565351495e-06,0.002968458795890626,-0.002273419478164615,2.5633593398123265e-06
0.6433614362977433,0.4745235555337483,0.7684278985745748,0.1906539489740777,0.03499259946573004,-0.0016754030745645572,0.011431612170489967,-0.0009136436435844457,-7.516448488001347e-06,0.002943546921511546,-0.0022615062900346217,2.6478071672319343e-06
0.6452638750338274,0.4748619246094704,0.7684095651893537,0.19024181183046265,0.033813106962180824,-0.0023991079061344723,0.01146077287536737,-0.0009361512719407862,-7.746793346714855e-06,0.0029160491834125265,-0.002250879046657867,2.729135092174081e-06
0.6471621845826815,0.47518857404916265,0.7683839081813645,0.18982814786285768,0.03263273274854995,-0.0031227952425791753,0.011489690590229626,-0.0009585266246002939,-7.975482375249801e-06,0.0028917498218281787,-0.0022376503675999725,2.80828526943261e-06
0.6490563501416463,0.4755034957219809,0.7683509268392382,0.1894129719303404,0.031451503586647174,-0.003846416999024855,0.01151842192550834,-0.0009807264197575199,-8.202050149981609e-06,0.0028731115594599075,-0.0022200932569149774,2.882938326377356e-06
0.6509463571103579,0.47580668167858464,0.7683106208047802,0.18899630476336263,0.03026943834535762,-0.0045699357532956895,0.011546989678044154,-0.0010027308980324029,-8.426316835497947e-06,0.002856753012609334,-0.0022005601303188103,2.9513887604172596e-06
0.6528321911180757,0.4760981241141805,0.7682629902386549,0.18857816969307012,0.02908655262695533,-0.005293303231191849,0.01157535993927363,-0.0010245599260878236,-8.648553689889076e-06,0.0028370035962050058,-0.0021830138493027867,3.0141699093577697e-06
0.6547138379956106,0.47637781541078555,0.7682080359837068,0.1881585871244755,0.02790286666670696,-0.006016457080908529,0.011603478991113315,-0.0010462473291815279,-8.869167043312247e-06,0.002811882341771366,-0.0021688503367192826,3.0740365522896105e-06
0.6565912837268914,0.47664574821437905,0.7681457593908929,0.18773757267932087,0.02671840811600638,-0.006739348915624468,0.01163133098071337,-0.0010678016819489935,-9.088254000400846e-06,0.0027851758021628743,-0.0021555443418073013,3.132796228495913e-06
0.6584645144347631,0.47690191546168764,0.768076162062795,0.18731514077871872,0.025533206665537305,-0.007461950702118905,0.011658952360544051,-0.0010891956541270221,-9.305489750246567e-06,0.0027621145544019753,-0.002139505126865624,3.1909312007629216e-06
0.6603335164169281,0.4771463103295821,0.7679992458806827,0.18689130958326228,0.02434728678847267,-0.008184230379169398,0.011686389896084271,-0.001110394435393194,-9.520449810537232e-06,0.002743729912999817,-0.0021199846204721638,3.2495496757890953e-06
0.6621982761951459,0.4773789261685802,0.7679150128898047,0.18646610200241326,0.023160666417986624,-0.008906171609670319,0.011713648001474963,-0.0011313925141195659,-9.73304313777596e-06,0.0027257867097957725,-0.0020999128814981507,3.309367100029335e-06
0.6640587805243298,0.4775997564901727,0.7678234654331684,0.18603954155416325,0.021973362847232034,-0.009627750003621718,0.011740681125023555,-0.0011522189990581758,-9.943587151588112e-06,0.0027032883149923125,-0.002082752188814254,3.3700618984288195e-06
0.6659150163529457,0.47780879502728824,0.7677246061131783,0.18561164767776064,0.020785399546862246,-0.010348945737791897,0.011767439619103488,-0.0011729061061068597,-1.0152438632187023e-05,0.002675825127867647,-0.0020688132818454767,3.431499379635476e-06
0.6677669707773202,0.4780060358044282,0.7676184376807482,0.18518243547917004,0.01959680651436024,-0.011069745532721467,0.011793919135494333,-0.0011934552932319408,-1.0359598269731389e-05,0.0026479271285161,-0.0020550201613838337,3.4932668003804566e-06
0.6696146310346924,0.4781914731202607,0.7675049651609512,0.18475191991510553,0.018407613976939685,-0.011789919872995278,0.011820162584625768,-0.001213843342671416,-1.0564783282613008e-05,0.002624320216219713,-0.0020389050917843494,3.5546377400250073e-06
0.6714579845450871,0.4783651015499088,0.7673841904759835,0.18432011965411094,0.01721784599525563,-0.012509775135177491,0.011846206445191522,-0.0012340388294803846,-1.0767580709468109e-05,0.002604361235519305,-0.0020196472580425685,3.6188267870766068e-06
0.6732970189487677,0.47852691584411433,0.7672561164272425,0.1838870572158458,0.016027521751816685,-0.013229224916894274,0.011872040941301312,-0.0012540449673903173,-1.096800335702863e-05,0.0025834246777128715,-0.0020007107888405234,3.6841303877841812e-06
0.6751317221036064,0.4786769109429996,0.7671207462468544,0.18345275439683434,0.014836661867505816,-0.013948232392465473,0.011897616245531019,-0.001273893662352764,-1.1166408410351939e-05,0.002557505345326708,-0.001984965112822487,3.7501901326268445e-06
0.6769620820410479,0.4788150820436596,0.7669780835202541,0.18301722857562183,0.01364529363301078,-0.01466676781927811,0.011922892389981149,-0.0012936110531108515,-1.1363092255062821e-05,0.002527589195819601,-0.001971833477719953,3.816385369324688e-06
0.6787880869286682,0.4789414246575709,0.7668281320481082,0.18258049379992697,0.012453449287878813,-0.015384810093935492,0.011947877801682067,-0.0013131905026550848,-1.1557963648565942e-05,0.0024985157706766043,-0.001958038079112212,3.88253739306423e-06
0.6806097250775888,0.47905593460084966,0.7666708957382469,0.18214256526502726,0.011261159386769894,-0.01610234475013429,0.011972615532469004,-0.0013326005285101642,-1.1750628392204507e-05,0.0024737475912943035,-0.0019410941856785708,3.949236724347482e-06
0.6824269849859028,0.4791586079320525,0.7665063786961903,0.18170346243534966,0.010068448503168473,-0.016819349811228998,0.011997133544334128,-0.0013518201399123216,-1.194081065426676e-05,0.002451775660183303,-0.001922051034889435,4.017068472571655e-06
0.6842398553695539,0.4792494409099556,0.7663345851896659,0.18126320732830675,0.008875337704900359,-0.017535812397999447,0.012021412105340976,-0.0013708620517021211,-1.2128645591968241e-05,0.00242783053007065,-0.001904279437565332,4.0852798238047565e-06
0.6860483251461962,0.4793284300163967,0.7661555196994199,0.18082181994414376,0.007681850991131296,-0.01825171813991838,0.012045402560861559,-0.0013897594898363234,-1.2314521187586811e-05,0.002399019895572158,-0.0018898306611438724,4.153312155746868e-06
0.6878523833892369,0.47939557202272604,0.7659691869064095,0.18037931585628897,0.006488018733138854,-0.018967051816721876,0.01206907719650667,-0.00140853171620104,-1.2498658361283553e-05,0.002367437801158244,-0.001877308198793058,4.221214326174673e-06
0.6896520192997267,0.4794508640296055,0.7657755916576324,0.17993570841642892,0.0052938743883318646,-0.01968179609745086,0.012092455682144107,-0.001427165060112772,-1.2680883240617875e-05,0.002337822727133503,-0.0018634185569604738,4.288820138345947e-06
0.691447222218301,0.4794943034042508,0.7655747420671842,0.17949101284683217,0.0040994483076481165,-0.020395621880526387,0.012115583836261169,-0.001445636621320662,-1.286091411203705e-05,0.0023127895521697557,-0.0018472387158705319,4.3557184579764604e-06
0.6932379816760359,0.47952588780928923,0.7653666415756679,0.17904524825199938,0.002904764614604153,-0.02110899494743839,0.012138477601539415,-0.0014639296459401665,-1.3038523507446548e-05,0.002289350689618126,-0.001829383332653925,4.423848647738879e-06
0.6950242874062774,0.4795456151083327,0.7651512947585312,0.178598435043625,0.0017098459319281442,-0.021821806194208784,0.012161108677024857,-0.0014820617263283339,-1.3213908489853085e-05,0.0022630817145165194,-0.0018132872936846248,4.49237585278046e-06
0.6968061293218888,0.4795534834075136,0.7649287068391523,0.17815059093760036,0.0005147189082443418,-0.022533997762966055,0.012183432127854782,-0.0015000639874948472,-1.3387437216561057e-05,0.002232319208870621,-0.0018003039723664344,4.560730104250972e-06
0.6985834974722691,0.47954949112112666,0.7646988833765097,0.1777017296747084,-0.0006805841772654801,-0.02324553976518588,0.012205432523996387,-0.0015179479799901211,-1.3559248438362715e-05,0.002200013687843017,-0.0017884757887097883,4.628147937871913e-06
0.7003563820259903,0.4795336369953223,0.7644618301553793,0.17725186394485262,-0.0018760297948168208,-0.023956407870274563,0.012227137346949867,-0.0015356946493460708,-1.3729096953532324e-05,0.0021704563626101098,-0.0017747420002431785,4.6957333663945944e-06
0.7021247732965592,0.4795059200711196,0.7642175531062948,0.17680100926857373,-0.00307158855344747,-0.0246665840679584,0.01224858483734441,-0.001553276364973909,-1.3896633583123392e-05,0.0021447231637569996,-0.0017582449317145204,4.763333865412668e-06
0.7038886617816548,0.4794663396280978,0.7639660584074676,0.1763491846028541,-0.004267235873878405,-0.025376044146287774,0.012269781642302385,-0.0015706884373593059,-1.4061790961972598e-05,0.0021196546985952484,-0.0017412788635532619,4.8307672329801155e-06
0.7056480381716828,0.4794148951721425,0.7637073524535408,0.17589640901601902,-0.0054629474255286515,-0.02608477228255089,0.012290694799894355,-0.001587955061812365,-1.4224854642489499e-05,0.0020912900062825808,-0.0017267324938626792,4.89817502440007e-06
0.707402893317712,0.47935158647922116,0.7634414418430789,0.1754426981746924,-0.0066586942871745,-0.02679275492712003,0.012311286346343375,-0.0016051051179919488,-1.4386173800528508e-05,0.002059128889896568,-0.0017150743005179263,4.965061149359467e-06
0.7091532181910788,0.4792764136484379,0.7631683333579089,0.17498806428948538,-0.007854443085008623,-0.027499976271046462,0.012331552291640418,-0.0016221431980688059,-1.454579777347431e-05,0.0020265687724748183,-0.001703875349779592,5.031636868295506e-06
0.7108990038760606,0.47918937710919407,0.7628880339159038,0.1745325195707127,-0.009050160785776654,-0.028206420269976724,0.012351524478818862,-0.0016390472256770918,-1.4703453665328446e-05,0.0019971930106277235,-0.0016904685933738348,5.097273378292516e-06
0.7126402416003221,0.4790904775762439,0.7626005506102348,0.17407607935558625,-0.010245818883636742,-0.02891206672079695,0.012371234380896557,-0.0016557946700658543,-1.4858848525921224e-05,0.001970964607770365,-0.0016748085713822534,5.1633464901853885e-06
0.7143769227680065,0.47897971600443884,0.7623058906584341,0.17361876158042394,-0.011441392518199438,-0.02961690524440249,0.012390678690056549,-0.0016723888522947124,-1.5012016894176e-05,0.0019444054274491591,-0.0016594806720907082,5.229018317139906e-06
0.7161090389570787,0.47885709358861034,0.7620040615253896,0.17316058318848138,-0.012636855707562736,-0.030320917800960783,0.012409822036012519,-0.0016888574600504593,-1.5163292770043733e-05,0.0019143091718934915,-0.001646921742341795,5.2945593951213395e-06
0.7178365818824098,0.47872261181256504,0.7616950708226218,0.1727015574335932,-0.013832177765166306,-0.031024095986090402,0.012428634517354428,-0.0017052250725537973,-1.531297528683894e-05,0.001881222732519584,-0.0016368209163919204,5.35971325719742e-06
0.7195595433609863,0.4785762724895283,0.761378926427554,0.17224169488340843,-0.015027324859736601,-0.03172641451264342,0.01244712191194246,-0.0017214897606990691,-1.5461039056687683e-05,0.0018487140902517468,-0.0016265271631257909,5.424089454996547e-06
0.7212779153142763,0.4784180777563852,0.7610556363499421,0.17178100701877433,-0.016222264790826422,-0.0324278573140165,0.012465316881502212,-0.001737628222416775,-1.5607188029950667e-05,0.0018194716787109785,-0.0016139030147894987,5.488160473837343e-06
0.7229916898009091,0.47824803002686134,0.760725208791743,0.17131950844875382,-0.017416969733699883,-0.03312840346054873,0.012483242331161517,-0.001753623669205381,-1.575120696321028e-05,0.0017925198256724376,-0.001599599878188386,5.551899216558136e-06
0.7247008590420925,0.47806613195693953,0.7603876521681097,0.17085721545296567,-0.018611414172177387,-0.033828035122412684,0.012500886108998067,-0.001769486588575898,-1.5893230238529002e-05,0.001764352765531044,-0.0015863455785025704,5.614348001332754e-06
0.7264054154095736,0.4778723864601025,0.760042975021886,0.17039414242855974,-0.01980557035994661,-0.03452674665662857,0.012518213496451644,-0.0017852458444444672,-1.6033622181231202e-05,0.0017327137926249222,-0.0015759779003181882,5.675531822534566e-06
0.7281053513861934,0.4776667967527913,0.759691186161051,0.16993030011105173,-0.02099940621486684,-0.035224516922902974,0.012535203322347638,-0.0018009206826785436,-1.6172623100389076e-05,0.0016989576656316627,-0.0015675349591237936,5.735920274007503e-06
0.7298006595392135,0.47744936638570173,0.7593322945447689,0.1694656974617231,-0.02219288783758547,-0.03592133095956502,0.01255186861398992,-0.0018165034495237742,-1.631013861073412e-05,0.0016665042916837595,-0.001558326584629272,5.7953403545583276e-06
0.7314913325436085,0.47722009928584047,0.7589663041996815,0.1690003457003094,-0.023385983979095575,-0.03661767800075791,0.01256823412572657,-0.0018319635856227274,-1.644578721174424e-05,0.0016365264282431277,-0.001546062036553864,5.853732230717319e-06
0.7331773632013664,0.4769789996263136,0.7585932220289703,0.1685342588755409,-0.024578666223548432,-0.03731326922428933,0.012584312205026028,-0.0018472865557484135,-1.657938439915594e-05,0.0016077833531204708,-0.0015323438489287752,5.911438177080167e-06
0.734858744466745,0.47672607182230947,0.7582130563474991,0.16806745223622901,-0.025770907203629054,-0.038007967986410866,0.012600083242439504,-0.0018624870406753389,-1.6711120440631985e-05,0.001577079305849694,-0.0015200938622586917,5.967708261990791e-06
0.7365354694295672,0.47646132056316914,0.7578258162240735,0.16759993865727027,-0.026962676568990675,-0.038701706265926075,0.01261551354513016,-0.0018775938507062191,-1.6841359338237277e-05,0.0015430059139100458,-0.0015107251363481982,6.0230250507169336e-06
0.7382075312767642,0.47618475086220324,0.7574315111571696,0.16713172761089148,-0.028153940075544823,-0.039394445615181614,0.012630589075966581,-0.0018926210662915087,-1.6970281403960984e-05,0.0015075287804903815,-0.0015027645716670331,6.077271037379159e-06
0.7398749232730406,0.4758963680781681,0.7570301509290897,0.16666282762770013,-0.029344662740099885,-0.04008615691728992,0.012645327328617464,-0.0019075564109244847,-1.7097738410476725e-05,0.0014738010471671266,-0.0014935762678474499,6.130063872823422e-06
0.7415376387780821,0.4755961778915941,0.7566217455399984,0.16619324938532112,-0.03053481248709574,-0.04077681561525876,0.012659755767502577,-0.0019223777023993115,-1.7223445965585706e-05,0.0014428198159680001,-0.0014821695619416997,6.18247400793367e-06
0.7431956712792099,0.4752841862649219,0.7562063052363261,0.16572300614973748,-0.03172436041475192,-0.04146639780858967,0.012673881321677016,-0.0019370807185285484,-1.7347354522821566e-05,0.001412531506487174,-0.0014703406091037547,6.233707086136051e-06
0.7448490143995357,0.4749603994288941,0.7557838406407039,0.16525211095354386,-0.032913277641581785,-0.04215487175834006,0.012687682564859675,-0.001951687011322093,-1.7469741226946624e-05,0.0013801005216291342,-0.0014606670362237258,6.283761711303028e-06
0.7464976618712175,0.47462482391328914,0.7553543625474616,0.16478057376934807,-0.03410153218155876,-0.04284222756149643,0.012701132617486087,-0.00196622483737118,-1.759096050983951e-05,0.001344981516353329,-0.001453819345742651,6.333484944783257e-06
0.7481416074968354,0.4742774665827448,0.7549178820359516,0.16430840148544307,-0.03528908922773582,-0.04352844016010486,0.012714227058784082,-0.001980703316937111,-1.7711124178654325e-05,0.001309420415965447,-0.001447883751003157,6.382919837443749e-06
0.7497808451374048,0.47391833464493566,0.7544744103457233,0.16383560079840395,-0.03647591442629428,-0.04421349215196607,0.012726986913192687,-0.001995107704150276,-1.7830052408005595e-05,0.0012759617990853924,-0.0014404734610280311,6.4309234665412175e-06
0.7514153687337946,0.4735474356211948,0.7540239588784827,0.16336218072376968,-0.03766197649498659,-0.044897365275976694,0.012739434901342004,-0.002009420223870046,-1.7947519459184315e-05,0.0012447752949589215,-0.0014312855147529222,6.47821144403578e-06
0.7530451723335486,0.47316477731221296,0.75356653931568,0.16288815207630736,-0.03884724647107283,-0.045580033689889894,0.012751571255748457,-0.0020236440617028154,-1.806355964058726e-05,0.0012136120408006244,-0.0014224161480423598,6.525454018883479e-06
0.7546702500899181,0.4727703677972182,0.7531021635251984,0.16241352452629104,-0.040031694588625565,-0.04626148532867594,0.012763374485325087,-0.0020378044734644224,-1.8178494407610166e-05,0.0011802996176096994,-0.001416072568653158,6.572099148421479e-06
0.7562905962293199,0.4723642154630656,0.752630843549088,0.16193830441673376,-0.04121528821735513,-0.0469417093715522,0.012774824918341907,-0.002051926762152711,-1.8292644621765072e-05,0.0011450199595258196,-0.001412259493827693,6.618334233279572e-06
0.7579062050170322,0.4719463290311263,0.7521525916568552,0.16146249563952067,-0.04239799298707974,-0.047620685275285554,0.012785925332025992,-0.0020660144650355267,-1.840605632280938e-05,0.0011100180173009538,-0.0014088001771954005,6.663902756635459e-06
0.7595170707530705,0.4715167175548187,0.7516674202521482,0.16098610261811613,-0.043579775772125795,-0.048298397779950694,0.012796696486644962,-0.0020800509962738173,-1.8518515108017517e-05,0.001077092148848187,-0.0014036821395329176,6.709139547074673e-06
0.7611231877960977,0.4710753903887754,0.7511753420060139,0.16050913210424456,-0.044760606187632834,-0.048974818855652275,0.012807154459424715,-0.0020940225486189234,-1.8629844683535178e-05,0.0010457740431098783,-0.0013971832658116793,6.753767595142613e-06
0.7627245505861073,0.4706223571673602,0.7506763696823534,0.16003159199048955,-0.04594045520365233,-0.049649942475264275,0.012817293935659554,-0.002107938053998902,-1.874015751230955e-05,0.0010139244470019893,-0.001391577657031869,6.798016566589566e-06
0.7643211536351585,0.47015762781018355,0.7501705161766815,0.15955348831225843,-0.047119292434671715,-0.05032376234408139,0.012827094863695924,-0.0021218246222005827,-1.8849802554110762e-05,0.0009800696150364463,-0.0013886832529984865,6.8415614626937065e-06
0.7659129914912964,0.46968121254775025,0.7496577946510649,0.15907482376227747,-0.04829708507178793,-0.05099625743135824,0.012836544364477247,-0.002135703299875951,-1.8959048587003018e-05,0.0009449268222556376,-0.0013878936874203863,6.884700971790034e-06
0.7675000587105003,0.46919312194077933,0.749138218419341,0.15859559935678538,-0.049473799516346735,-0.05166741352777148,0.012845649453275649,-0.002149571743472203,-1.906786686130884e-05,0.0009104855640524113,-0.0013868697506752702,6.9272081087747765e-06
0.7690823498601774,0.4686933668690988,0.7486118010416184,0.15811581730726124,-0.05064940374371323,-0.05233720391381266,0.012854427898381808,-0.0021634119679916656,-1.9176020312545954e-05,0.0008778211874353735,-0.0013840471596977969,6.969825537253349e-06
0.7706598595463117,0.4681819585078832,0.7480785561907882,0.15763548210601697,-0.0518238678609554,-0.05300561694940039,0.012862888701842915,-0.0021772145647546413,-1.9283387018526583e-05,0.0008460570441942848,-0.0013802836233718315,7.012040750149479e-06
0.7722325824294,0.46765890831307644,0.7475384977093545,0.15715459861230982,-0.05299716241507733,-0.05367263993328943,0.012871022785483292,-0.0021909936883841422,-1.939015078489734e-05,0.0008133850457433269,-0.0013779356703188003,7.053580780257067e-06
0.7738005131836081,0.4671242279385249,0.746991647477667,0.1566731681654842,-0.054169256031814564,-0.05433747662652001,0.012878820077097116,-0.002204784336683287,-1.9496752166883663e-05,0.0007797057316040746,-0.0013790877764674361,7.095631872633347e-06
0.7753636464905322,0.4665779293975188,0.7464380233819076,0.15619118965615894,-0.05534011700860625,-0.0550005311659135,0.01288627721804221,-0.0022186052689507903,-1.960343050987953e-05,0.0007456905005388545,-0.0013821159669878198,7.13746774456715e-06
0.7769219770335224,0.46602002513739976,0.7458776335268706,0.1557086618459427,-0.05650971400708574,-0.05566278103018867,0.012893397254777663,-0.0022324428701256016,-1.9710012214168905e-05,0.000711979953552175,-0.0013837825426204003,7.17869014581002e-06
0.7784754994716946,0.46545052787070074,0.7453104896721254,0.1552255843139152,-0.05767801571480549,-0.056323858392157054,0.012900190944471335,-0.0022462761387008466,-1.9816220737017096e-05,0.0006793451854830687,-0.0013833487874443467,7.220044698209424e-06
0.780024208475724,0.4648694505803605,0.744736605367743,0.15474195900895577,-0.05884499221462237,-0.05698358471179131,0.012906660120248784,-0.002260099241450895,-1.9921984184323947e-05,0.0006468937472774127,-0.0013823316673559599,7.260605315516981e-06
0.7815680987417774,0.46427680652790243,0.744155994940906,0.15425778769966655,-0.06001061337629018,-0.057641887191592474,0.01291279433594645,-0.0022739300730305937,-2.0027528752551312e-05,0.0006133976426796031,-0.001383104157572428,7.301180138346151e-06
0.7831071649697956,0.4636726092697918,0.7435686732456139,0.15377306943444455,-0.06117484762014035,-0.05829871938831608,0.012918581239457466,-0.0022877942133706043,-2.013317655918545e-05,0.000578666254315734,-0.0013864348455742861,7.3421209513560374e-06
0.784641401830411,0.4630568726784747,0.7429746552871328,0.1532878007422012,-0.062337662293531076,-0.05895406938418949,0.012924018277196584,-0.0023017013208835903,-2.0239054993496472e-05,0.0005436794775059789,-0.0013907314609496832,7.382358764014597e-06
0.786170803951398,0.4624296109446393,0.7423739562582149,0.15280197813181964,-0.06349902506340604,-0.05960791753255496,0.01292911289218217,-0.002315638393607806,-2.034499510493479e-05,0.0005094370405071563,-0.0013937277725478258,7.422248920646186e-06
0.7876953659086733,0.46179083846086044,0.7417666002468875,0.152315599072994,-0.06465890433187088,-0.06025937346698148,0.012933878173251988,-0.002329595800817572,-2.045086902191176e-05,0.0004765035165468055,-0.0013957609288743245,7.462033941013145e-06
0.7892150823163142,0.4611405700715031,0.74115259816132,0.15182866461710867,-0.06581727102288068,-0.060909756402431826,0.01293830962113737,-0.0023435691900501677,-2.055662123589036e-05,0.00044312007868396654,-0.0013973588056723617,7.501295669351582e-06
0.79072994778169,0.460478820882867,0.7405319637396052,0.15134117356711327,-0.06697409399391563,-0.06155878848454097,0.012942397111780895,-0.0023575781458643236,-2.0662498972861594e-05,0.00040872417703290457,-0.0014009152965048389,7.540719938123466e-06
0.7922399568841763,0.4598056062936985,0.7399047120812133,0.15085312202990306,-0.06812934108868278,-0.062206339008281,0.012946133165379218,-0.0023716452171663746,-2.076878890380547e-05,0.0003735802264147493,-0.001406726862449655,7.580208648642647e-06
0.793745104145898,0.45912094201103343,0.7392708591044432,0.1503645042047273,-0.06928297974988458,-0.06285232810409808,0.012949518251788795,-0.002385773901606822,-2.0875535713969715e-05,0.0003384832490168545,-0.0014128882243758284,7.619307179039404e-06
0.7952453840281833,0.4584248440537509,0.7386304211271384,0.1498753150916509,-0.07043497793992906,-0.0634967144799923,0.012952558009430761,-0.0023999478525180812,-2.0982524644186547e-05,0.00030395016325797305,-0.001417414780908699,7.658259567279786e-06
0.7967407909553942,0.4577173287448142,0.7379834147658584,0.14938555203585532,-0.07158530437201822,-0.0641394672536001,0.012955255376568178,-0.002414151634485575,-2.1089551558430016e-05,0.000269710951855879,-0.0014203976634706546,7.697169592471935e-06
0.7982313193395149,0.45699841270951935,0.7373298566854326,0.14889521348238202,-0.07273392788712907,-0.06478058411111941,0.012957607377336183,-0.002428390488587007,-2.11966756055851e-05,0.00023517413919031804,-0.001423904688895552,7.736483265954071e-06
0.799716963575014,0.45626811287658314,0.7366697638082222,0.1484042961812318,-0.0738808167993975,-0.06542004474189793,0.012959608870786522,-0.0024426883016372787,-2.1304203629180264e-05,0.0002001231561847289,-0.0014298005953834092,7.775589438157598e-06
0.801197718007804,0.4555264464862207,0.736003153203493,0.1479127939420684,-0.07502593896663648,-0.06605783906553195,0.012961258011021829,-0.002457065173540219,-2.141239199889676e-05,0.00016488751874006762,-0.0014377066582831751,7.814631617074703e-06
0.8026735768742644,0.4547734309745929,0.735330051872175,0.14742069787459583,-0.0761692618108756,-0.06669297534366349,0.01296256336034468,-0.002471525777299037,-2.1521295646032483e-05,0.0001305080952375373,-0.0014460800560435812,7.853763773517851e-06
0.8041445343492676,0.4540090841432261,0.7346504817969722,0.14692800156090416,-0.07731075494002242,-0.06732595426663882,0.012963529390737989,-0.0024860548784434696,-2.1630707428123284e-05,9.657591847178013e-05,-0.0014529298688483582,7.89338838380197e-06
0.8056105845604044,0.45323342411964873,0.7339644627369297,0.14643470035421624,-0.07845038800915867,-0.06795699815546867,0.012964156398118647,-0.0025006425522464833,-2.1740490949194224e-05,6.267336523422537e-05,-0.001458787118132509,7.933305954585345e-06
0.8070717216001927,0.4524464693409045,0.7332720135706963,0.14594078968739482,-0.07958813047268597,-0.06858619831829917,0.012964443030296192,-0.0025153006253347465,-2.1850792611020483e-05,2.8635554439805444e-05,-0.0014658271231376598,7.973428387200568e-06
0.8085279395099624,0.45164823854759406,0.7325731529585429,0.14544626260641136,-0.08072395165145071,-0.06921358159367465,0.012964389791464035,-0.0025300540523087466,-2.196192952881865e-05,-5.35191944433148e-06,-0.0014753627922787966,8.013698825285422e-06
0.8099792322459128,0.4508387507807453,0.73186789952283,0.14495110944520162,-0.08185782108773958,-0.06983915509385555,0.012963999154475355,-0.002544917777486692,-2.2074089274028388e-05,-3.909215921478065e-05,-0.0014863930135391025,8.054086717200968e-06
0.8114255936584546,0.4500180253783103,0.731156271753627,0.14445532005824366,-0.08298970866590459,-0.07046293210154031,0.012963271599798303,-0.0025598833723075344,-2.2187156708051364e-05,-7.278432701238489e-05,-0.0014965803030071961,8.09455153986482e-06
0.8128670175028787,0.44918608197056514,0.7304382882298484,0.1439588862845535,-0.08411958419789915,-0.07108490239081426,0.012962204073730402,-0.0025749305980902904,-2.230085933034674e-05,-0.00010678179884838983,-0.0015047435439868135,8.135508564024813e-06
0.8143034974692069,0.4483429404854738,0.7297139674550627,0.14346180208257645,-0.08524741711162662,-0.07170507403468887,0.012960792745283299,-0.0025900514223463314,-2.2415089110084398e-05,-0.00014116234441557444,-0.0015121034664258705,8.17632482347323e-06
0.8157350271952247,0.4474886211527904,0.7289833279591322,0.14296406109885454,-0.08637317658877221,-0.07232344790532663,0.012959037941926928,-0.002605260784290781,-2.253003017038412e-05,-0.00017551019333846753,-0.0015209574264614463,8.217550552271803e-06
0.8171616002470661,0.4466231445017569,0.7282463884315172,0.1424656544022802,-0.08749683215093816,-0.07294001240838095,0.012956943805083774,-0.002620582332125796,-2.2645981362471715e-05,-0.00020944398141731712,-0.0015321763983707577,8.258985925162494e-06
0.8185832100864636,0.4457465313540726,0.7275031677520323,0.1419665708686623,-0.0886183538759337,-0.07355475075005523,0.012954512834111757,-0.00263602435448948,-2.276304352702033e-05,-0.0002431278646547476,-0.001544224298141728,8.30051138200584e-06
0.8199998500212062,0.4448588026943071,0.7267536954257985,0.14146679839135698,-0.08973771123926101,-0.074166600253126,0.01295174677411977,-0.002651578652661025,-2.2881099376363007e-05,-0.00027663721078559014,-0.0015554522456901064,8.34256761785487e-06
0.8214115133147775,0.44395997998782816,0.7259979848336328,0.1409663300199042,-0.09085487562539392,-0.07477717223800763,0.012948634568824668,-0.0026672204559061398,-2.2999824162969443e-05,-0.00031125210313797503,-0.0015642029100617885,8.38442611626045e-06
0.822818193150285,0.44305008496130316,0.7252360527095142,0.1404651589036421,-0.09196981555409398,-0.07538613246441975,0.012945171045463099,-0.002682944621930503,-2.3119145359246073e-05,-0.0003463842555240097,-0.0015724392973988507,8.42627928147396e-06
0.8242198826451286,0.44212913963026795,0.7244679173833741,0.13996327744782658,-0.09308249973418868,-0.07599332489793402,0.012941359940419093,-0.0026987693144543403,-2.3239295646505e-05,-0.00038114283508613913,-0.0015824922090210691,8.467768961466432e-06
0.8256165748295835,0.4411971663035419,0.7236935979621908,0.13946067541796708,-0.09419289781788193,-0.07659867538878248,0.01293720903054323,-0.0027147158587559114,-2.3360542126157605e-05,-0.00041512380584753057,-0.0015946778187985431,8.509522983870312e-06
0.8270082626182852,0.44025418757586415,0.7229131139328233,0.13895734107219554,-0.09530098025617754,-0.07720214728928408,0.01293271994242421,-0.0027307861790178407,-2.3482901942686038e-05,-0.0004489421273930371,-0.0016070558561733317,8.55140984343306e-06
0.8283949388069433,0.43930022632601795,0.7221264849545166,0.13845326396595714,-0.09640671715802,-0.07780372268149645,0.012927883939470449,-0.00274696056105344,-2.3606112778030178e-05,-0.0004836340412223847,-0.0016174623038403106,8.593374228602743e-06
0.8297765960989474,0.4383353057263512,0.7213337309707627,0.13794843640660995,-0.09751007735794219,-0.07840337273543892,0.012922690221374203,-0.00276321914919695,-2.3729906057804735e-05,-0.0005194059157435794,-0.0016258830071255155,8.635859854022884e-06
0.8311532271347334,0.43735944925915565,0.7205348720837342,0.13744285194471254,-0.09861102893086258,-0.07900108334010823,0.012917137323108835,-0.002779563719879713,-2.3854294834844265e-05,-0.0005553242994934624,-0.0016344813591594625,8.678665122049609e-06
0.8325248244906752,0.43637268071763696,0.7197299287024723,0.13693650244180874,-0.099709540596502,-0.0795968271791507,0.012911235492447562,-0.002796016369395352,-2.3979555572935925e-05,-0.0005902179861473623,-0.001645289516915058,8.721687062853654e-06
0.8338913806498292,0.4353750241940556,0.7189189213458911,0.1364293769966305,-0.10080558261234282,-0.08019059597262117,0.012904995825864784,-0.002812595853229124,-2.4105918085865463e-05,-0.0006240020941506901,-0.0016579733671396354,8.765246288533411e-06
0.8352528880559552,0.4343665043120999,0.7181018500068023,0.13592146637968464,-0.10189912781803415,-0.08078444250649797,0.01289841929905971,-0.0028292944104831214,-2.4233357801879494e-05,-0.0006576886305064984,-0.0016698811640237273,8.80053229398357e-06
0.8366093389306978,0.4333471456360154,0.7172787428629913,0.13541275790138985,-0.10299014405344901,-0.08137554785253608,0.012891491460252369,-0.0028460909110697777,-2.4361546020280513e-05,-0.0006928202565646697,-0.0016796757075391525,8.840707830675016e-06
0.8379607254152122,0.4323169730357699,0.7164496276469678,0.13490324465576467,-0.10407859977997305,-0.08196395690699122,0.012884200345833818,-0.0028629694001401406,-2.449024665813704e-05,-0.0007291481797929306,-0.0016878745981996012,8.883191917531088e-06
0.8393070396893554,0.43127601199284626,0.7156145077117556,0.1343929231147472,-0.10516446530174682,-0.08255210895443346,0.012876553843937882,-0.002879934440889246,-2.461959001100888e-05,-0.0007646873298682305,-0.0016965299422291654,8.917798967499634e-06
0.8406482737607138,0.43022428796524964,0.7147734139237527,0.1338817816887377,-0.10624770812273587,-0.08313725576811094,0.01286856607484387,-0.0028970123635449958,-2.474985202514075e-05,-0.0007988145351898565,-0.0017078184498315592,8.957983363338589e-06
0.8419844195441055,0.42916182672064834,0.713926375432495,0.13336980925153455,-0.10732829988866652,-0.08371957111387919,0.01286024807382499,-0.002914218724337432,-2.4881195614919592e-05,-0.000831838265237075,-0.0017206626650444273,9.00113569385835e-06
0.8433154688142112,0.428088654238819,0.7130734265902219,0.13285699360797493,-0.10840621216925266,-0.0842985352183656,0.012851599451968997,-0.0029315490985263393,-2.5013533130614717e-05,-0.0008649008662690659,-0.0017330643339255017,9.046581768985196e-06
0.8446414133323644,0.42700479707366057,0.7122145766099212,0.13234332796797582,-0.10948141860272416,-0.08487666114180678,0.01284261135165722,-0.0029489799387359835,-2.514655899692978e-05,-0.0008988491442498962,-0.0017431110709294477,9.091536777159756e-06
0.8459622447970934,0.4259102821211615,0.711349829726659,0.13182880598035354,-0.11055388972002717,-0.0854544469135527,0.012833271063349758,-0.002966493270954178,-2.528003364777797e-05,-0.0009340683089811104,-0.0017513602513725714,9.136588541358278e-06
0.8472779547617385,0.42480513631737105,0.7104792128311203,0.13131341834217006,-0.11162359318703413,-0.08602962851429913,0.012823593936414919,-0.002984105584138751,-2.5414139508827865e-05,-0.0009677525939419468,-0.0017612584300726107,9.183794098608594e-06
0.8485885346341998,0.42368938668497774,0.7096027694542616,0.13079715312885917,-0.112690499943485,-0.08660054461221675,0.012813596443213806,-0.003001843912899486,-2.5549195075694366e-05,-0.0009997897418487455,-0.0017738602599836409,9.23303624844549e-06
0.8498939758043775,0.42256306079024125,0.7087205193066685,0.13028000087562697,-0.11375458591922973,-0.08716957888484772,0.012803280930120602,-0.0030197137919930695,-2.5685257682522793e-05,-0.0010315922747093445,-0.0017870155976993894,9.282816303240139e-06
0.85119426948183,0.4214261862886675,0.7078324963429663,0.12976194894337176,-0.11481582254471011,-0.08773530725959575,0.01279263666372271,-0.0030377016450713855,-2.5822137722804685e-05,-0.0010644680966992194,-0.0017988131733438133,9.333331534708392e-06
0.8524894068712634,0.42027879139561924,0.7069387100301674,0.12924299155407754,-0.1158741834271786,-0.08830017814093777,0.01278164938316168,-0.0030557824221678037,-2.5959503973304322e-05,-0.0010987699080022726,-0.0018081055379984214,9.38407993987625e-06
0.8537793791259973,0.4191209046720744,0.706039164776241,0.1287231230535117,-0.11692963901913765,-0.0888646981329979,0.012770308993427673,-0.0030739431883886957,-2.609718609457315e-05,-0.0011340811710284478,-0.0018161043058271065,9.434502115894478e-06
0.8550641772238021,0.4179525546308549,0.7051338947782374,0.1282023334478407,-0.1179821563055319,-0.08942589051434074,0.012758623992966506,-0.0030922011124594364,-2.6235393689484992e-05,-0.001168542656461597,-0.001825820078524286,9.485065241136232e-06
0.8563437921701723,0.4167737703749123,0.7042229091759292,0.12768061586404675,-0.11903171013610417,-0.08998626184645628,0.012746620843026127,-0.0031105769709228958,-2.6374380684707185e-05,-0.0012003580992577696,-0.0018376136649457283,9.535900755861165e-06
0.8576182147498886,0.41558458093852707,0.7033062442653908,0.12715795636576302,-0.1200782721902491,-0.09054309767078413,0.012734298412054498,-0.003129073099758069,-2.6514168809162863e-05,-0.001232286708557379,-0.0018496408625008557,9.586670846730311e-06
0.8588874356115395,0.4143850155407559,0.7023839423400895,0.12663434483108502,-0.1211218143789629,-0.09109579900681604,0.01272163932423258,-0.003147671788973668,-2.6654518878686693e-05,-0.0012659528292152187,-0.0018598969046225967,9.637913568242185e-06
0.8601514454107693,0.41317510394218604,0.7014560225628841,0.126109777243461,-0.12216230888928237,-0.09164668018406762,0.012708614559051193,-0.0031663453188614885,-2.6795071420736865e-05,-0.0013025208906422112,-0.0018673807479090698,9.68894251693051e-06
0.8614102348206284,0.41195487640402345,0.7005224883186769,0.12558425078556432,-0.12319972533268106,-0.0921973194637178,0.012695226057671793,-0.003185088474720999,-2.6935816648564824e-05,-0.0013388948345849738,-0.0018743431559437268,9.733450585948091e-06
0.8626637944784823,0.41072436351919345,0.6995833411446205,0.1250577597485057,-0.12423403421928926,-0.09274790223493451,0.012681494597279186,-0.00320391688523174,-2.70769568197672e-05,-0.0013731911264710196,-0.0018828685677081437,9.776715683873277e-06
0.8639121148476513,0.4094835958666421,0.6986386085678283,0.12453029283428252,-0.12526520626533277,-0.09329582948574539,0.012667450154624353,-0.003222853364252235,-2.721872665547805e-05,-0.0014044898215360363,-0.0018936754843072838,9.824573747996832e-06
0.8651551862146328,0.408232604055463,0.6976883361502328,0.12400183842553364,-0.12629321459521922,-0.09383929902330822,0.012653085870674263,-0.0032418952983005013,-2.7361065085288753e-05,-0.0014364744040623425,-0.0019042210011519798,9.87432692877062e-06
0.8663929989020167,0.4069714193082741,0.6967325382915887,0.123472392638301,-0.12731803477479078,-0.09438142772310647,0.012638379029001143,-0.0032610152720848077,-2.750360120922179e-05,-0.0014707305122400806,-0.0019120247440904293,9.925565489161188e-06
0.86762554309132,0.40570007290581084,0.6957712489199838,0.1229419492341659,-0.12833963460631165,-0.09492026339851273,0.012623316548369323,-0.0032801973472040727,-2.764611126264693e-05,-0.0015062946725555172,-0.001918234496806573,9.978150531887389e-06
0.8688528088616809,0.4044185962508563,0.6948045174450161,0.12241050233857843,-0.1293579823936506,-0.09545425940272155,0.012607903131842655,-0.0032994502634464337,-2.778868791544132e-05,-0.001541388557819139,-0.0019253182812248113,1.0031630125873942e-05
0.8700747863628624,0.40312702135560213,0.6938323662349654,0.12187804814950014,-0.13037305332098287,-0.09598612052537144,0.01259216385195913,-0.003318795443939773,-2.7931592085965384e-05,-0.0015739752770441038,-0.0019345445426100362,1.0085142799874148e-05
0.8712914657447322,0.40182538069706075,0.6928548003414153,0.1213445796971007,-0.13138482482060818,-0.09651757751655213,0.012576125152403165,-0.0033382451009732,-2.8074981028994032e-05,-0.0016039176828433867,-0.0019449921393992892,1.013740393432781e-05
0.872502836925827,0.4005137066148991,0.6918718560096552,0.12081008537569078,-0.13239326943430305,-0.09704551218590124,0.012559770966792626,-0.0033577869271642947,-2.8218683083124478e-05,-0.00163546667267778,-0.001954208884681586,1.0190429119869635e-05
0.8737088898534099,0.399192031983717,0.6908835442482341,0.12027456256741048,-0.13339836225275373,-0.09757244935712502,0.012543073107744274,-0.0033773904586359735,-2.8362300401676774e-05,-0.00166983426918839,-0.0019603789884803727,1.024405447389374e-05
0.8749096143111399,0.39786038963505405,0.6898899042616614,0.11973800597964007,-0.13440006944224084,-0.09809557160513181,0.012526007808156282,-0.0033970401372693934,-2.8505627006076832e-05,-0.0017065785065543129,-0.0019649931504025415,1.0297871927632036e-05
0.8761050001857714,0.39651881303392883,0.6888909478048392,0.11920041563823179,-0.13539836386831858,-0.09861762347205748,0.012508597905317543,-0.00341674668232528,-2.8648784741152852e-05,-0.0017410390561381464,-0.001970679312993572,1.0352066191723645e-05
0.8772950372096141,0.3951673356153644,0.687886714361864,0.11866178305430049,-0.13639321666035573,-0.09913583147062467,0.012490876147855745,-0.003436535815486342,-2.8792086257538192e-05,-0.0017722248504184548,-0.0019789378395746408,1.040630388604384e-05
0.8784797151662644,0.3938059913674681,0.6868772162824708,0.11812210328701123,-0.13738460829467716,-0.0996529079570261,0.012472864762635219,-0.0034564154743370722,-2.8935619660042045e-05,-0.0018011879904420377,-0.0019879901783976927,1.0460751418362208e-05
0.8796590236331635,0.3924348141700026,0.6858624936707793,0.11758136717911866,-0.13837251204304554,-0.10016607938546963,0.012454537692161925,-0.003476366891698168,-2.9079142470453194e-05,-0.0018327567979013611,-0.0019951656486049607,1.0515126626530577e-05
0.880832952250903,0.39105383845745145,0.6848425592731954,0.11703957467815689,-0.13935690298079514,-0.10067808344692758,0.012435863058097652,-0.0034963595347106535,-2.922226317486087e-05,-0.0018675133034553753,-0.0019992875882666804,1.056972742313396e-05
0.8820014905183817,0.3896630986350865,0.683817453726593,0.11649672238793023,-0.14033774730133847,-0.10118613310500381,0.012416824733475528,-0.003516383949384733,-2.936485515768432e-05,-0.0019038824602169665,-0.0020024640510862574,1.0624376191968066e-05
0.8831646280557826,0.38826262973561826,0.6827871900190735,0.11595281116984127,-0.14131501969427065,-0.10169299166523797,0.012397456912347418,-0.0035364566381920785,-2.9507111797101213e-05,-0.0019368322784381704,-0.0020072908804492215,1.0679348143509591e-05
0.8843223544310107,0.3868524669934508,0.6817517870495821,0.11540783553048865,-0.14228869661269566,-0.10219806553797717,0.012377802315319918,-0.003556600768052399,-2.9649310127095147e-05,-0.001965510133753243,-0.0020144345733587774,1.073451120621688e-05
0.8854746590325269,0.3854326455545111,0.6807112900967707,0.11486178667790493,-0.14325875424836124,-0.10269871718743673,0.012357863575220226,-0.003576819119007638,-2.9791476990888454e-05,-0.001993924716724276,-0.0020218562883899125,1.0789572560609413e-05
0.8866215313184351,0.3840032011052427,0.6796657143811459,0.11431466360139593,-0.14422517271604685,-0.10319795419026495,0.012337613932168888,-0.003597085729595309,-2.9933285303895617e-05,-0.002025015171061364,-0.0020266816574140687,1.0844386353917354e-05
0.8877629606907019,0.3825641695109039,0.6786150803333316,0.11376646551498662,-0.14518792369640732,-0.10369525820888777,0.012317018231048424,-0.003617372369735528,-3.0074378678542184e-05,-0.0020596210076207514,-0.002028683800224401,1.0899175506994026e-05
0.8888989365411608,0.38111558688566644,0.6775594120152596,0.11321719317842335,-0.1461469774371718,-0.1041902667346832,0.012296076429451052,-0.003637675556671903,-3.0214705143251273e-05,-0.0020942310634633676,-0.0020303376366845303,1.0954090871809388e-05
0.8900294482639096,0.379657489614307,0.6764987355610019,0.11266684543199912,-0.14710230810176358,-0.104682770205434,0.012274827991768598,-0.003658016879672093,-3.0354516989745015e-05,-0.002124894769424268,-0.0020341505536771716,1.1009569987301157e-05
0.8911544852289628,0.37818991430913895,0.675433078270355,0.11211541825150897,-0.1480538953144655,-0.105172649364476,0.012253311856432718,-0.003678416715237229,-3.0494058064342363e-05,-0.0021516647202474656,-0.0020400012730109668,1.1064909627744738e-05
0.8922740367556545,0.37671289776409683,0.6743624677032183,0.11156290738407446,-0.1490017201340677,-0.10565987843174225,0.012231525743184844,-0.003698868984513858,-3.0633246737505484e-05,-0.002178662666487226,-0.002045244058904949,1.1120169557397601e-05
0.8933880921173777,0.375226476953347,0.6732869318002219,0.11100931159728562,-0.14994575953389305,-0.10614442274083567,0.012209428942600289,-0.00371934418551972,-3.077171865464358e-05,-0.0022097314191376026,-0.0020475364282080896,1.1174987701641866e-05
0.8944966405811321,0.37373068908700885,0.6722064988792077,0.11045463307978276,-0.15088598552212618,-0.10662624793224033,0.012186987051773228,-0.003739818371381044,-3.090917482091939e-05,-0.0022442403480758912,-0.002047433930655182,1.122972001595897e-05
0.8955996714413016,0.3722255716627922,0.671121197516878,0.1098988744360058,-0.15182236986930228,-0.10710532791314406,0.01216421085244321,-0.0037602952935246953,-3.104565735653899e-05,-0.002277671114706544,-0.0020477066065511204,1.128411720926144e-05
0.8966971740151413,0.3707111624550127,0.670031056495084,0.10934203559686492,-0.15275488938936405,-0.10758163865214028,0.012141146915688912,-0.0037807991092794215,-3.118144598630698e-05,-0.0023064448751550426,-0.0020503951838994525,1.1339251788495233e-05
0.8977891376818241,0.3691874996205445,0.6689360889275935,0.10878411558842928,-0.15368352786505335,-0.10805674445450313,0.012117825470260442,-0.0038013422455217653,-3.131668415805941e-05,-0.0023321958125762667,-0.0020543265381859086,1.1394432575395603e-05
0.8988755517473592,0.3676546213886276,0.6678363167650265,0.10822511210267535,-0.15460826518790988,-0.10852976319098326,0.012094228967390706,-0.0038219098753468563,-3.145119352840246e-05,-0.0023597015569010696,-0.0020567751014450154,1.144876678058581e-05
0.8999564054092546,0.3661125659635168,0.6667317819534793,0.10766502521876781,-0.15552907453293097,-0.1089986997364199,0.012070312002657844,-0.0038424731126490124,-3.1584622514235765e-05,-0.0023917476058172922,-0.002056334847300133,1.1502628312111928e-05
0.9010316879961648,0.36456137204457856,0.6656225035221577,0.10710386190104305,-0.1564459301299556,-0.10946584970777357,0.01204604065622662,-0.0038630096435918254,-3.171670173209115e-05,-0.002427185529822869,-0.002053663054536013,1.1555847475360883e-05
0.9021013887903367,0.363001078402922,0.6645085222545891,0.10654162460331991,-0.15735880139137381,-0.10992903560457422,0.01202144312168551,-0.0038835331402052795,-3.1847586448867355e-05,-0.0024598041493106,-0.002052358560327454,1.1609424177971685e-05
0.9031654971394536,0.36143172414112684,0.6633898728022561,0.10597831486035009,-0.1582676683141508,-0.11038886580882624,0.011996573232887801,-0.0039040696811950652,-3.197758637812993e-05,-0.002487039499162644,-0.0020536621278999414,1.1662799099419156e-05
0.9042240024023664,0.3598533485795108,0.6622665873834028,0.10541393195158387,-0.15917251474741076,-0.1108455812055099,0.011971456526438612,-0.0039246289472040395,-3.2106812488283223e-05,-0.0025117212285354082,-0.002055933830161158,1.1716081156313912e-05
0.9052768939254568,0.35826599120083147,0.6611386973569066,0.10484847662934803,-0.1600733221843101,-0.11129927071869879,0.011946064337542143,-0.003945191394623465,-3.2235025017662365e-05,-0.0025392693401317576,-0.002056251031597671,1.1769315249002498e-05
0.9063241610663288,0.3566696916852769,0.6600062334321893,0.10428195336497981,-0.16097006581388204,-0.1117500049182067,0.011920345637444341,-0.003965726403602491,-3.236185597857364e-05,-0.002571920177256303,-0.002053506034406954,1.1822171728472542e-05
0.9073657932329119,0.35506448997615436,0.6588692262626072,0.10371436867965071,-0.16186271728019436,-0.11219779184621662,0.011894283457597313,-0.0039862224702630405,-3.248715910382315e-05,-0.002606267804921605,-0.002049610564826261,1.1875409361481796e-05
0.9084017799002193,0.35345042630848866,0.6577277063606274,0.1031457275973278,-0.16275125163475096,-0.11264264209025425,0.011867915800139071,-0.004006696135842906,-3.2611127414205824e-05,-0.0026368152892755465,-0.002047369339606571,1.1928536685100454e-05
0.9094321105868346,0.3518275411583609,0.656581704146654,0.10257603200889712,-0.16363565081324385,-0.11308455919098706,0.011841296632746873,-0.004027170766598458,-3.273404171534545e-05,-0.002661966113100981,-0.0020474649162467253,1.1980832716512902e-05
0.9104567748203852,0.35019587516653977,0.655431249940689,0.1020052827628837,-0.16451589980651385,-0.11352355175635301,0.011814438604366949,-0.004047648095455357,-3.2855921417144505e-05,-0.0026858520458460052,-0.0020477338034468654,1.203273044284334e-05
0.9114757621312416,0.34855546911553115,0.6542763741049797,0.10143348319643072,-0.16539197953514656,-0.11395962034798554,0.011787299754679834,-0.004068102957142982,-3.2976461799098463e-05,-0.00271393388253046,-0.002045485986603187,1.2084854790937497e-05
0.9124890620852849,0.3469063639861037,0.6531171070212669,0.1008606403278079,-0.16626386423443354,-0.11439276919448226,0.011759829454767747,-0.00408850695744663,-3.309532580479962e-05,-0.0027470784676141935,-0.0020403985562837536,1.213674868020629e-05
0.9134966643228524,0.34524860102933846,0.6519534791108179,0.10028676237424256,-0.16713152621780927,-0.11482299541509697,0.011732023998244398,-0.004108855663636053,-3.3212457092575114e-05,-0.002780593660762098,-0.0020348678257675113,1.2188669195511736e-05
0.9144985585649216,0.3435822217757801,0.650785520872666,0.09971185532073659,-0.16799494298920412,-0.11525028585228542,0.011703933052175805,-0.004129169585018709,-3.332809984736989e-05,-0.0028091422403049952,-0.002031388179548145,1.2239881260493271e-05
0.9154947345841307,0.34190726796904636,0.6496132628117953,0.09913592228393803,-0.16885409903970225,-0.1156746338769066,0.011675607779318675,-0.004149468405844954,-3.344247970727606e-05,-0.002832574631238335,-0.002029877095281636,1.2291208581720351e-05
0.9164851821747114,0.34022378149148913,0.6484367354937132,0.09855896629179728,-0.16970898011407246,-0.11609603366232,0.011647045877414646,-0.00416974659326902,-3.355553195891212e-05,-0.002856237215760276,-0.002027812696012314,1.2342162465634651e-05
0.9174698911567706,0.3385318043632641,0.6472559695691762,0.09798099349952065,-0.17055956615022028,-0.1165144832663294,0.011618194645351427,-0.004189975622429214,-3.3666926292785496e-05,-0.002885169767670769,-0.002022895627145534,1.239254833322435e-05
0.9184488514140926,0.3368313788141317,0.6460709957865057,0.09740201336859415,-0.17140583060507122,-0.11692997912457433,0.01158900818174283,-0.004210131469589227,-3.3776386173697176e-05,-0.0029186923346699047,-0.0020155760339631203,1.244236216669823e-05
0.9194220529278844,0.33512254735145347,0.6448818448808857,0.09682203558896173,-0.17224774697745457,-0.11734252166979124,0.011559498386407041,-0.004230216854109969,-3.388394611448499e-05,-0.0029510249258269,-0.0020085284073151207,1.2491635874279534e-05
0.9203894857723401,0.3334053527465344,0.6436885477294083,0.09624106709310513,-0.17308529556119684,-0.11775208949086806,0.0115297245693971,-0.004250254651068584,-3.398986984619004e-05,-0.0029774266152376976,-0.002003768448720782,1.2540772134594384e-05
0.9213511400819355,0.33167983795365963,0.6424911352728792,0.09565911243222988,-0.17391846310184944,-0.11815867055535989,0.011499730486601172,-0.004270259614573696,-3.4094325738482455e-05,-0.002999452780578653,-0.0020004840047765232,1.2589859401263025e-05
0.922307006028243,0.3299460460459609,0.6412896385090538,0.09507617702652844,-0.17474723546152562,-0.1185622615359541,0.01146949764824766,-0.004290219396513522,-3.4197173668022425e-05,-0.0030233278568240272,-0.001995964677793743,1.2638514845582677e-05
0.9232570738338408,0.3282040202366509,0.6400840885486238,0.09449226977783465,-0.17557159128105537,-0.11896285938710079,0.011438965454645228,-0.0043101044359462595,-3.429807395401189e-05,-0.003053262749103364,-0.0019884890696430075,1.2687013141904708e-05
0.9242013338122826,0.32645380396358864,0.6388745165832931,0.09390740224050631,-0.176391503589195,-0.11936046143054083,0.011408097587370113,-0.004329896711839558,-3.439682250374906e-05,-0.0030868293870030504,-0.0019792112515425965,1.2735158484745334e-05
0.9251397763937463,0.3246954409447398,0.6376609537842792,0.0933215852225516,-0.17720694773073553,-0.11975506639222519,0.011376922838527322,-0.004349605712630268,-3.449353101716004e-05,-0.0031175168534886906,-0.001970882351748132,1.2782880880747428e-05
0.9260723921107492,0.3229289751404006,0.636443431490508,0.09273482651855035,-0.17801790703382764,-0.12014664880542258,0.01134550636353726,-0.004369254667997182,-3.458846829645774e-05,-0.0031416888863780444,-0.001964876583691686,1.283009460326958e-05
0.92699917156504,0.32115445066371534,0.6352219810572369,0.09214713225121503,-0.17882437008416993,-0.12053520250848991,0.01131388038020938,-0.004388852365696324,-3.468173944443913e-05,-0.0031626391768546157,-0.001959749661707116,1.2876688803256069e-05
0.9279201054121283,0.3193719117309833,0.633996633933736,0.09155851026100699,-0.17962632226311076,-0.12092072301272638,0.011282009785453004,-0.004408380755066298,-3.4773141942910395e-05,-0.00318709968023222,-0.0019528175678179794,1.2923019612519104e-05
0.9288351843839872,0.31758140270734975,0.6327674216404003,0.09096897193224095,-0.1804237408436229,-0.12130321261604002,0.011249830485166826,-0.00442781142784254,-3.486235928557294e-05,-0.003217969445847538,-0.0019430444797019152,1.2968896686704696e-05
0.9297443994153769,0.31578296836045655,0.6315343585257995,0.0903785321256943,-0.18121660109530635,-0.12168439340385151,0.011217312165391109,-0.0044471285422214195,-3.494921954929821e-05,-0.0032518705217131454,-0.001931687127217714,1.3014169016836022e-05
0.9306477415282808,0.313976653649931,0.6302974684879923,0.08978720242586409,-0.18200487814244307,-0.12206330461374378,0.011184497886968967,-0.0044663452985694236,-3.503387644555371e-05,-0.003281465571735229,-0.0019216499098640974,1.3058981695209011e-05
0.9315452017500558,0.312162503556413,0.6290567970392104,0.08919499021744529,-0.18278855444738668,-0.12243777454760017,0.01115145930825835,-0.004485486981306144,-3.511661838131264e-05,-0.0033038949058360402,-0.0019141413072833017,1.3103351228904679e-05
0.9324367712274729,0.31034056325980913,0.6278123821392255,0.0886019038974196,-0.18356762100854745,-0.12280855568959657,0.011118215442356577,-0.004504557534024581,-3.519749596585909e-05,-0.0033244229450154245,-0.0019070271037451012,1.3147136146722661e-05
0.9333224411976708,0.3085108780688183,0.6265642584407105,0.08800795391768154,-0.18434206266233014,-0.12317598625943545,0.011084716816329322,-0.004523535708415574,-3.527628400206721e-05,-0.00334989816820434,-0.0018977879582754216,1.3189885410239059e-05
0.9342022030067487,0.30667349347011896,0.6253124591101078,0.08741315385754911,-0.185111855594625,-0.1235402247628576,0.011050900935725746,-0.004542396706674493,-3.5352712285544616e-05,-0.0033816227052423722,-0.0018860688939512774,1.3232284487237309e-05
0.935076048137926,0.30482845520667523,0.6240570170286742,0.08681751803169503,-0.18587697379239287,-0.1239013012178573,0.01101676228412881,-0.004561137124028058,-3.542674873001241e-05,-0.0034138988595727704,-0.0018740093468858886,1.327432429044768e-05
0.9359439682147569,0.3029758092872436,0.6227979651565027,0.08622105844371422,-0.18663739803489338,-0.12425919897265705,0.0109823609259459,-0.004579776092939721,-3.549861445623517e-05,-0.0034401686644344627,-0.0018638631825880184,1.3315572441619635e-05
0.9368059549757378,0.3011156019083205,0.6215353362257234,0.08562378442225654,-0.18739311771953202,-0.12461393111540493,0.010947760009940466,-0.004598332461480823,-3.556851698363269e-05,-0.003460123679425151,-0.0018556019477833784,1.3357003669335004e-05
0.9376620002455877,0.29924787936256064,0.6202691628353701,0.08502570527156439,-0.18814412335749836,-0.12496551105492158,0.010912958425435888,-0.0046168024190202505,-3.5636423632342926e-05,-0.0034801897391443593,-0.0018469596446804722,1.3397737928387516e-05
0.9385120960306405,0.29737268819793655,0.6189994598173955,0.0844268347030117,-0.1888904005568892,-0.12531572596652446,0.010877889861866368,-0.004635157899390075,-3.570203651654908e-05,-0.0035068867095929103,-0.0018355105750351426,1.343784994324839e-05
0.9393562343182116,0.2954900748920571,0.6177262693147133,0.08382718596500362,-0.18963191976664523,-0.12566185395809956,0.010842499853584132,-0.004653381058373492,-3.5765169817733904e-05,-0.0035390301492942786,-0.0018222769961819107,1.3477426990821307e-05
0.9401944072734624,0.29360008623264156,0.6164496282139947,0.08322677421146554,-0.19036865747900408,-0.1260044192112621,0.010806802005226525,-0.004671476160758541,-3.58258736556825e-05,-0.003569813138768591,-0.001809469934733056,1.3516971992175777e-05
0.9410266072192971,0.2917027692776173,0.6151695710124694,0.08262561174227953,-0.19110059827875192,-0.12634364958392036,0.010770867231116416,-0.004689464437424095,-3.5884391995725035e-05,-0.003593504800632706,-0.0017987861096348265,1.3555448368142972e-05
0.9418528265992,0.28979817124513546,0.6138861311629144,0.0820237086294226,-0.19182773414512264,-0.12667964082791425,0.010734748869178672,-0.004707359994814833,-3.594089248281794e-05,-0.0036118627403276785,-0.001789513035662945,1.3592718828847816e-05
0.9426730579521811,0.28788633942939673,0.6125993417349828,0.08142107571296081,-0.19255005537448547,-0.12701243468350792,0.010698425829581321,-0.004725153403223773,-3.599528612895854e-05,-0.0036323296134792285,-0.0017792969574572934,1.3629104779417196e-05
0.9434872939216441,0.2859673212218263,0.611309235829906,0.08081772678759738,-0.19326754319382128,-0.1273420401807307,0.010661826129550455,-0.0047428205899835915,-3.604732161766577e-05,-0.0036599946369352578,-0.0017666734896965115,1.3665225525151133e-05
0.944295527288552,0.2840411642114227,0.6100158465049268,0.08021367769001282,-0.19398017223775135,-0.12766846983832134,0.010624904821185704,-0.004760347417687625,-3.609685979359174e-05,-0.003692154375285148,-0.0017526362223556037,1.370061000397388e-05
0.9450977509914069,0.2821079162519727,0.6087192067702366,0.07960894329787732,-0.19468792026176043,-0.1279917235149267,0.01058769424334659,-0.004777742954991882,-3.6144007104363496e-05,-0.0037210802690201723,-0.00173950589171063,1.3735469721071922e-05
0.9458939581134675,0.2801676254210785,0.6074193496750041,0.07900353573053026,-0.19539077478472502,-0.12831178452536668,0.010550271239534986,-0.004795028015019013,-3.6188993514644706e-05,-0.0037423219137453514,-0.0017284570085913634,1.376987175996869e-05
0.9466841418536122,0.2782203399139354,0.6061163081679757,0.07839746565295883,-0.1960887293122511,-0.1286286562219786,0.010512674676344978,-0.004812211328228473,-3.6231920919986156e-05,-0.0037596769400569403,-0.001718281237981037,1.3803772369045452e-05
0.9474682955111338,0.27626610798274565,0.6048101152972276,0.07779074520573229,-0.19678177299694383,-0.12894233566718688,0.010474863902746682,-0.00482927904072228,-3.62726577530064e-05,-0.0037810969983935925,-0.0017067200234638976,1.3836723335234194e-05
0.9482464125038511,0.27430497799005593,0.6035008041247916,0.07718338943505111,-0.19746988513622432,-0.12925283497118395,0.010436762944678536,-0.004846208626002212,-3.6310979754491245e-05,-0.0038101143464058652,-0.0016929060562264565,1.3868990145327193e-05
0.9490184863993406,0.2723369985154803,0.6021884077198844,0.07657541462235838,-0.19815304036832454,-0.12956015911077107,0.010398342866078646,-0.00486299229189916,-3.6346815869910484e-05,-0.0038420252573952633,-0.0016783128495053863,1.3900781633881818e-05
0.9497845109259965,0.2703622184012439,0.6008729591864861,0.07596683541174552,-0.19883121914653912,-0.12986429609650388,0.010359655027926523,-0.0048796435309590765,-3.6380320485809075e-05,-0.00386880013679385,-0.0016650689939615836,1.3931767606827262e-05
0.9505444799537598,0.26838068668336734,0.5995544917918635,0.07535766383230479,-0.19950441215497527,-0.13016521601552278,0.010320777017596816,-0.004896181460292762,-3.6411703550515305e-05,-0.003887816373168462,-0.0016537369724814173,1.3962170249538842e-05
0.9512983874674851,0.26639245248351806,0.5982330387580905,0.07474791122028719,-0.20017261373047288,-0.1304629196829862,0.01028172911893774,-0.004912609128244445,-3.644100793682444e-05,-0.003904804238375125,-0.001642709820813858,1.3992009293673311e-05
0.9520462275607912,0.26439756497517,0.5969086333138628,0.07413759088652412,-0.20083581128103023,-0.13075741697061558,0.010242452947618155,-0.004928909934885028,-3.646807786582062e-05,-0.003927630452871218,-0.0016300226114305692,1.402092497247694e-05
0.9527879944572089,0.26239607346038973,0.5955813088363767,0.07352671866336362,-0.20149398226583784,-0.13104870683136186,0.010202874387695718,-0.0049450648341331374,-3.649273050788958e-05,-0.003957868163688741,-0.0016154307150656904,1.4049217174959072e-05
0.9535236825373724,0.26038802747618073,0.5942510987709603,0.07291531078529467,-0.20214710205395048,-0.13133678473890512,0.010162984350465842,-0.004961072265037593,-3.6514960816325844e-05,-0.00398901473429633,-0.0016006827356454959,1.4077083809370215e-05
0.954253286342183,0.2583734768135457,0.592918036566465,0.0723033813883151,-0.2027951542787653,-0.1316216383980116,0.010122850550345083,-0.004976948769215785,-3.653495149072765e-05,-0.004013389945960451,-0.0015875890268860161,1.4104191084087883e-05
0.9549768005489951,0.2563524714246789,0.5915821558205195,0.0716909423316815,-0.20343813243471345,-0.13190323963356107,0.010082545589979506,-0.004992710484936569,-3.655287836434709e-05,-0.004030504973307585,-0.0015761092479730091,1.4130741025657059e-05
0.9556942199488845,0.2543250613196993,0.590243490137017,0.07107800548683013,-0.2040760308530909,-0.1321815879018146,0.010042068533451562,-0.005008355576913839,-3.6568734679713265e-05,-0.004047713582316649,-0.0015644459500937745,1.4156774855849603e-05
0.9564055394475357,0.25229129656217447,0.5889020731787439,0.07046458494447841,-0.20470883471883358,-0.13245669102465765,0.010001346395409328,-0.005023866334992964,-3.658236195065345e-05,-0.004072220640347979,-0.0015510115745137705,1.418152628782482e-05
0.9571107540896575,0.25025122736923155,0.5875579386050009,0.06985069680772245,-0.20533652009699072,-0.13272856221561044,0.009960312992097101,-0.005039228155892619,-3.659362440622934e-05,-0.0041033459985321,-0.0015361168165944647,1.4205942056418012e-05
0.9578098590793127,0.2482049042065708,0.5862111201926722,0.06923635677996497,-0.2059590639045786,-0.13299718786234302,0.009918981386621568,-0.0050544452861761464,-3.660257847519385e-05,-0.004133165067094748,-0.00152164675906857,1.4229690312727821e-05
0.9585028497749774,0.24615237777667687,0.5848616517735913,0.06862157821926466,-0.20657645327037386,-0.13326254760737263,0.009877431798679427,-0.005069535580010998,-3.6609417490086015e-05,-0.00415496225670009,-0.0015089622304488924,1.425258146886985e-05
0.9591897216646853,0.24409369890832736,0.583509567233521,0.06800637271286938,-0.2071886839703475,-0.13352462431568363,0.009835725774559163,-0.005084511378307554,-3.6614276698643373e-05,-0.004170604879651083,-0.0014975118734301162,1.4274883584562954e-05
0.9598704703475548,0.24202891846592955,0.5821549005678806,0.06739075246809609,-0.20779574947971272,-0.1337834114353963,0.009793839791250538,-0.005099366688222273,-3.661711343296648e-05,-0.0041885997759181885,-0.001485462225940341,1.42962738266962e-05
0.9605450915417735,0.23995808737820923,0.5807976857601478,0.06677473195684872,-0.2083976325852225,-0.13403892622606287,0.00975169124329726,-0.005114084148700611,-3.661777503599771e-05,-0.004214855133812593,-0.001471676414311754,1.4316643803329668e-05
0.9612135811084942,0.2378812567520599,0.5794379568469921,0.06615832700368827,-0.20899430858791568,-0.13429117403579285,0.009709227622206202,-0.005128654474437001,-3.661618838715676e-05,-0.004246361297165794,-0.001456962053436673,1.433602791986618e-05
0.9618759350655407,0.23579847795079345,0.5780757479205226,0.06554155237028542,-0.20958575678866564,-0.13454014290145988,0.009666484665740873,-0.005143086516675851,-3.661245278123121e-05,-0.00427429372863415,-0.001443132880225373,1.4354874342493165e-05
0.9625321495759807,0.2337098025500101,0.576711093099593,0.06492442046862776,-0.21017196792128784,-0.13478581329377734,0.009623549677079759,-0.005157397888494999,-3.66067502458325e-05,-0.004293495929840222,-0.001431065116099361,1.4373348139471493e-05
0.9631822209232533,0.2316152822152935,0.5753440265728892,0.06430694251539135,-0.21075293930548522,-0.13502816925969668,0.009580467799249776,-0.005171596673617059,-3.659917815910719e-05,-0.004308183873078309,-0.0014198057871597771,1.439064005318524e-05
0.9638261456039846,0.22951496877946642,0.5739745638736654,0.06368913227880518,-0.2113286662487248,-0.13526908489550338,0.009537194027954731,-0.005185668841999139,-3.658961709964995e-05,-0.004327372178880359,-0.0014071434104784071,1.4407192421201087e-05
0.9644639201819489,0.22740891407260055,0.5726027308624283,0.0630710044625734,-0.21189912699959743,-0.1355075454953837,0.009493637761536522,-0.005199596208554925,-3.657790371722735e-05,-0.004355620560208241,-0.0013926624595801177,1.4423537951011632e-05
0.965095541344675,0.22529717009400646,0.571228558040815,0.062452574843821315,-0.2124642951758721,-0.13574309503884438,0.00944976068563414,-0.005213373080351752,-3.656399929669686e-05,-0.0043877003516592785,-0.001377612212740196,1.4439204321433321e-05
0.9657210059260108,0.22317978909143885,0.5698520780576322,0.06183385781747449,-0.21302415182113008,-0.13597550784874196,0.009405619723361638,-0.005227011145153504,-3.654803064997495e-05,-0.004414087892064232,-0.0013637308181861643,1.4454126482992385e-05
0.9663403108972792,0.22105682349624817,0.5684733244989492,0.06121486562106925,-0.21357869055600776,-0.13620467165701833,0.00936130750679566,-0.005240526766213238,-3.6530163814492364e-05,-0.004431212306277571,-0.0013514858398494679,1.4468728158632274e-05
0.9669534533465425,0.21892832579530042,0.5670923315166869,0.06059560983191919,-0.2141279094953385,-0.13643052398606964,0.009316852426382657,-0.005253924437385287,-3.651045595546802e-05,-0.0044454977009216485,-0.0013396902869921748,1.448268319521792e-05
0.9675604304735962,0.21679434848813,0.5657091334835821,0.05997610346985774,-0.21467179851108853,-0.13665305604809896,0.009272188573371391,-0.005267193078166421,-3.648881767337566e-05,-0.004466373918975933,-0.0013267866550577046,1.4496092621112555e-05
0.9681612396041072,0.2146549441733094,0.5643237652213223,0.059356361345540495,-0.21521033547359045,-0.13687224126795627,0.009227227366339585,-0.005280319802964273,-3.6465151031134834e-05,-0.004496108222785347,-0.0013125944359760277,1.4508194038376667e-05
0.9687558782089799,0.21251016567504907,0.562936261930894,0.05873639829049999,-0.2157434956952567,-0.13708804528694055,0.009181953908892164,-0.0052933054960386024,-3.6439479540750114e-05,-0.004527332173542484,-0.0012984906689698689,1.4519634525926447e-05
0.9693443439052235,0.21036006607212046,0.5615466590456434,0.058116227217805634,-0.21627126439865166,-0.1373004293439634,0.009136445567175237,-0.0053061650587513795,-3.6411951292868664e-05,-0.004550819583304365,-0.0012858771189992243,1.4530836327712135e-05
0.9699266344361372,0.2082046985938789,0.5601549922216539,0.05749585907851026,-0.21679363873993632,-0.1375093530171027,0.009090790268580553,-0.005318913114065508,-3.638270921001457e-05,-0.004565514325364951,-0.0012747259413380492,1.4541975291781402e-05
0.9705027476514141,0.20604411649461252,0.5587612973001018,0.05687530465209166,-0.21731061699008186,-0.13771479678158038,0.009044991963967791,-0.005331550852395782,-3.635177766967376e-05,-0.004579813990391495,-0.0012636938281859955,1.4552589477556685e-05
0.9710726815063317,0.20387837304316686,0.5573656101422745,0.05625457622085367,-0.21782218658472383,-0.13791677590312393,0.008998967370985295,-0.005344067329410613,-3.631907426739156e-05,-0.004602441842693247,-0.0012515672584223513,1.456234747124051e-05
0.9716364341890549,0.20170752177568813,0.5559679470194568,0.055633688794190075,-0.21832832753354875,-0.13811726627874815,0.008952635770023882,-0.00535644800861046,-3.628448331598278e-05,-0.004633141590007703,-0.0012379870008978398,1.457140906430892e-05
0.972194003965861,0.19953161639242956,0.5545683350873538,0.055012655842634574,-0.21882901464730006,-0.13831517841327007,0.008906003532899063,-0.005368695234368632,-3.6248039056035034e-05,-0.004663204169925477,-0.0012246412098963757,1.4580022349367688e-05
0.972745389212501,0.1973507107999965,0.5531668063666552,0.05439148911932546,-0.2193242355791437,-0.13851000715334116,0.008859160218438215,-0.005380823367298962,-3.62098837931391e-05,-0.00468431093950477,-0.001212731557263101,1.458809237409836e-05
0.9732905884096251,0.1951648590079109,0.5517633951527233,0.05377019890233627,-0.2198139891769511,-0.13870150843124052,0.008812183876251182,-0.005392844105644235,-3.6170130749283614e-05,-0.004697612805367064,-0.0012019917892476504,1.459608352340945e-05
0.9738296001334561,0.1929741150239854,0.5503581368178017,0.053148795734907044,-0.22029827267978241,-0.13888957793956735,0.008765057325078998,-0.005404755864397925,-3.6128774798641665e-05,-0.0047126327909483,-0.0011910935277073564,1.4604033155192653e-05
0.9743624230619353,0.1907785328769899,0.5489510671838005,0.052527291641089734,-0.22077707113574,-0.13907419033035412,0.00871768801853891,-0.005416548424358821,-3.6085740813465847e-05,-0.004736907370815902,-0.0011791733257238536,1.4611355978011684e-05
0.9748890559912248,0.18857816674608638,0.5475422223027105,0.051905699443206096,-0.2212503602965055,-0.1392553372266414,0.008670008629150782,-0.005428216886122876,-3.604100765166753e-05,-0.00476791468380303,-0.0011667631908908013,1.4617337256739108e-05
0.9754094979582049,0.18637307119398377,0.5461316185276515,0.051284032401035996,-0.22171812338060562,-0.1394349821111997,0.008622049633104131,-0.005439763316911853,-3.599461025613957e-05,-0.004795874393409568,-0.001154559808289706,1.4622450957983627e-05
0.975923747945057,0.18416330078928,0.5447193032968404,0.05066229951600118,-0.22218034731029052,-0.1396099949626106,0.008573911930679391,-0.005451206307884247,-3.594672249955948e-05,-0.004813744166327127,-0.0011442156288487193,1.4627068085318114e-05
0.9764318050666394,0.18194891021393153,0.5433053184451277,0.05004050973366099,-0.2226370346293258,-0.13978092286005953,0.008525656472947087,-0.005462556429919384,-3.5897447781847055e-05,-0.004825518885671197,-0.0011349285924085475,1.4631209499866519e-05
0.9769336685393047,0.17972995415195306,0.5418897033140583,0.04941867236910617,-0.22308818180094991,-0.13994802412687965,0.008477240522158496,-0.005473811245217082,-3.584677484650615e-05,-0.004841567371050543,-0.0011253977803058004,1.4635142669622864e-05
0.9774293376769466,0.17750648733400637,0.5404724962081373,0.04879679789362641,-0.2235337716828242,-0.1401114238330169,0.008428565342659063,-0.005484962863988213,-3.579465078937065e-05,-0.004867489390258045,-0.001115077978885576,1.4638384103986486e-05
0.9779188119007903,0.17527856467245245,0.539053734906948,0.048174896965510014,-0.2239737804063676,-0.14027118487806817,0.008379584150032208,-0.005496011034964963,-3.574108924801243e-05,-0.0048980898559178995,-0.001104733070164015,1.464074043736617e-05
0.9784020907392192,0.17304624133063642,0.5376334570750826,0.04755297883367963,-0.22440819150210398,-0.14042730634950668,0.008330354858863602,-0.0055069669929873315,-3.5686199350190235e-05,-0.004922898920390207,-0.0010955117043738487,1.464227816541221e-05
0.9788791738132936,0.17080957264739569,0.5362117003575332,0.046931050900914935,-0.22483700228739054,-0.14057976769188818,0.008280980033812356,-0.005517845105022525,-3.563010949120891e-05,-0.0049374515872763645,-0.0010877270981042905,1.46436014451482e-05
0.9793500608160898,0.1685686139905044,0.534788502711283,0.046309119789464046,-0.22526021532425158,-0.14072852920534337,0.008231496840492796,-0.005528651838362591,-3.5572882827111766e-05,-0.004948287725418648,-0.0010805892558108808,1.4644579439070238e-05
0.9798147515062686,0.16632342070082062,0.5333639020811338,0.045687192826832576,-0.2256778243718641,-0.14087360650028843,0.008181838206695114,-0.005539382784018006,-3.551449074087649e-05,-0.004965831066672625,-0.0010730105107807418,1.4645354053786604e-05
0.9802732457161601,0.16407404818216986,0.5319379362848162,0.04506527829979418,-0.22608980988583446,-0.14101503381511626,0.008131906047372968,-0.00555003201426938,-3.545489269933876e-05,-0.004993182888051225,-0.001064838986507699,1.4645858899690543e-05
0.9807255433615353,0.16182055204044546,0.5305106430544195,0.04444338423240783,-0.22649614906076,-0.14115282470346016,0.008081678331666677,-0.005560602571074332,-3.5394133493546993e-05,-0.005022737818191855,-0.0010569716912109928,1.464486404920483e-05
0.9811716444390862,0.15956298812158,0.5290820600874216,0.043821517067249786,-0.22689682971239283,-0.1412869648478089,0.0080312354169428,-0.005571107060278358,-3.533232211147872e-05,-0.005044257070317456,-0.0010503650336872975,1.4643646752815522e-05
0.9816115490106339,0.15730141240399623,0.527652225008773,0.043199681679193074,-0.22729185292821438,-0.14141743952197555,0.007980674909335852,-0.005581557804677715,-3.526956592373654e-05,-0.005056015767017366,-0.0010449907072647025,1.4642049822493651e-05
0.9820452571866461,0.15503588085870992,0.5262211754366967,0.04257788265286535,-0.22768122134750166,-0.14154424671521518,0.007930006539599167,-0.00559195773812052,-3.520589362780896e-05,-0.005066801402767786,-0.0010399097833798106,1.4640342889764105e-05
0.982472769123061,0.15276644942944362,0.5247889489508877,0.04195612546138499,-0.22806492585795207,-0.14166740936217936,0.007879142821958118,-0.005602301143417555,-3.5141269486235066e-05,-0.005086335594422402,-0.0010342571349237833,1.4638047866595119e-05
0.9828940850300757,0.15049317415107547,0.5233555831690538,0.04133441627777331,-0.22844294505766682,-0.1417869436059305,0.007827993837820525,-0.00561258387915913,-3.507567309229534e-05,-0.00511486163226611,-0.0010281903482251113,1.4634867741564827e-05
0.9833092051803115,0.1482161112800791,0.5219211156398443,0.04071276065741396,-0.22881525816021944,-0.14190285498293023,0.007776565597365141,-0.005622811495239815,-3.5009164494697875e-05,-0.005142786684348695,-0.0010226785874518553,1.4630343573734211e-05
0.9837181299032643,0.14593531729413736,0.5204855837673172,0.040091162560595625,-0.22918185749178618,-0.14201513583088707,0.007724955705123716,-0.0056329965265565635,-3.494184994923074e-05,-0.005160951341508058,-0.0010184203667047286,1.4625240715761441e-05
0.9841208596876064,0.14365084887224908,0.5190490044909334,0.03946962603180803,-0.2295427503597424,-0.14212581415619163,0.007673243152042848,-0.005643142163109155,-3.487376126780295e-05,-0.005171216920571762,-0.0010144811652493164,1.4619707419886317e-05
0.9845173949893958,0.14136276259895775,0.5176114060381949,0.03884815462624471,-0.2298979352537996,-0.14223376447676392,0.007621409850817372,-0.005653245811302238,-3.480488699226917e-05,-0.00518329122238797,-0.001010282606869509,1.4613630655811204e-05
0.984907736271629,0.13907111501968164,0.5161728217025853,0.03822675298373091,-0.23024739895761998,-0.1423385013914333,0.0075693596526922365,-0.00566330060065824,-3.4735176776229124e-05,-0.005204980369954325,-0.0010053969868794874,1.4607634888909377e-05
0.9852918841510191,0.13677596290548696,0.5147332665633313,0.037605427415093394,-0.2305911234460119,-0.14244186116335975,0.007517025190026263,-0.005673298404783778,-3.466457468531373e-05,-0.00523340624862651,-0.000999698714255449,1.4601359330799087e-05
0.9856698392296304,0.1344773631809744,0.5132927679463727,0.03698418282603111,-0.23092908925362268,-0.1425426110380849,0.007464440760679224,-0.005683243805461676,-3.459312541614954e-05,-0.005258402365301388,-0.0009944586465368572,1.459437569680619e-05
0.9860416021279659,0.13217537292037118,0.5118513587420523,0.03636302288088009,-0.23126129170067422,-0.14264017174626242,0.007411704931991485,-0.005693146940276682,-3.452091636824138e-05,-0.005273541796300693,-0.0009902323792164854,1.4586544129761267e-05
0.9864071734897438,0.1298700492274687,0.5104090743113759,0.035741950596326,-0.23158773448002307,-0.14273428281878733,0.007358873752251371,-0.005703013601744656,-3.444800577086224e-05,-0.005283076430421411,-0.0009865853944312042,1.4577491285971624e-05
0.9867665539830338,0.12756144915979653,0.5089659510328046,0.03512096945748562,-0.23190841528836093,-0.14282485255894564,0.007305900233917209,-0.005712841330914791,-3.437438781464247e-05,-0.005297309814287756,-0.0009826925204612263,1.4567484589949464e-05
0.9871197444275006,0.12524962989774938,0.5075220053635805,0.03450008495899494,-0.23222332202425053,-0.1429138961294688,0.007252680856181084,-0.0057226188179616555,-3.429998961066162e-05,-0.005321895236215403,-0.000977668645395274,1.4556755730154707e-05
0.9874667456244475,0.12293464872563205,0.5060772652106617,0.03387930213571891,-0.23253243043579802,-0.1430002774695866,0.0071991750084405195,-0.005732344346053667,-3.422480570829618e-05,-0.005350541714126858,-0.0009724730932322763,1.454560600003371e-05
0.9878075583970203,0.12061656312930115,0.5046317635987324,0.03325862506042659,-0.23283572655703969,-0.14308346926637444,0.007145448943930572,-0.005742025909418447,-3.4148895438006796e-05,-0.00537256290139844,-0.000968076991112597,1.4534566611423484e-05
0.9881421835941461,0.11829543072201426,0.5031855362648785,0.03263805656553017,-0.23313321089907352,-0.1431631761259334,0.007091605379531985,-0.005751673381199509,-3.40723369277673e-05,-0.005384312444377226,-0.0009646682380192404,1.4523051628540932e-05
0.9884706220859092,0.11597130910627479,0.501738620280286,0.03201759912196591,-0.23342488818088894,-0.1432392574159936,0.0070376725308635415,-0.0057612904409412155,-3.3995165740962684e-05,-0.005393240444943606,-0.0009616274583751598,1.4510847225568391e-05
0.9887928748868188,0.11364425593597939,0.5002910324076039,0.03139725694916732,-0.23371075689804938,-0.14331376105710514,0.006983572812116285,-0.005770867449105376,-3.391732186361988e-05,-0.005409926990898101,-0.0009576227098803335,1.4498091098916848e-05
0.989108942852874,0.11131432875385928,0.49884282243738465,0.03077703331503416,-0.2339907916458132,-0.1433834061361297,0.0069292095431557,-0.005780404618789204,-3.383880993640401e-05,-0.005436281552017813,-0.0009536392783799951,1.44852466131947e-05
0.9894188269139083,0.10898158532439485,0.4973940343918667,0.03015693158594249,-0.2342649731629879,-0.14344877212632096,0.006874570167466232,-0.005789907725581428,-3.375967678083329e-05,-0.005463891790795038,-0.0009502334296496979,1.4471882228393473e-05
0.9897225281769358,0.10664608374819574,0.49594468815474074,0.029536954831825075,-0.23453329781319854,-0.14351225161208592,0.0068197442586461045,-0.005799382214992704,-3.3679966026803195e-05,-0.005482544694092688,-0.0009473721538231866,1.4458035890416095e-05
0.9900200477115214,0.10430788217118249,0.49449481431386144,0.028917104504747358,-0.2347957683302674,-0.14357275043682538,0.006764830875995502,-0.005808835642579798,-3.3599737299930895e-05,-0.005491291701074537,-0.0009452664600603801,1.4443542987063014e-05
0.9903113865736607,0.1019670386703669,0.4930444483802457,0.028297381995336084,-0.23505238871814527,-0.14362977554486261,0.006709829575257298,-0.005818269458857865,-3.351900114784716e-05,-0.005500083139085242,-0.000943305824160752,1.4429121018866027e-05
0.9905965458205459,0.09962361126075032,0.4915936280708852,0.027677789390894034,-0.23530315003222987,-0.14368312866212002,0.006654641244464474,-0.005827679653347752,-3.343773643882201e-05,-0.005518785760717117,-0.0009409441384380323,1.4414218394417664e-05
0.9908755265227019,0.09727765803550335,0.49014239247259567,0.02705832912013117,-0.23554803122463672,-0.1437326932227776,0.006599176035309386,-0.005837064940483676,-3.33559378158099e-05,-0.005546473209198113,-0.0009384538999783488,1.4399042090650805e-05
0.991148329771554,0.09492923729964486,0.4886907814361813,0.0264390028189692,-0.2357870137682963,-0.14377838825954228,0.006543451720837956,-0.005846432369181617,-3.3273648972842965e-05,-0.005572383377784455,-0.0009366685716745279,1.4384153344712013e-05
0.9914149566737582,0.09257840755509167,0.48723883524693296,0.025819810632023706,-0.23602009399275062,-0.14382014429090767,0.00648757731075667,-0.005855794100039802,-3.3190955997133045e-05,-0.005587392625260967,-0.000936099337659943,1.4368586678131638e-05
0.9916754083373388,0.09022522735130133,0.4857865944437131,0.02520075163983808,-0.23624727963570907,-0.14385791564111788,0.006431636261278013,-0.0058651593115267965,-3.310792077624231e-05,-0.0055940562870053145,-0.000936447974062831,1.4352722563565874e-05
0.9919296858617168,0.08786975516447199,0.4843340995860702,0.024581824949296175,-0.23646857418565717,-0.14389170665072587,0.006375597372494827,-0.005874529125333017,-3.302455548022792e-05,-0.005603839945936145,-0.0009369087873319105,1.4336243787489532e-05
0.9921777904701705,0.08551204953164836,0.48288136897895556,0.023963031327774807,-0.23668397050247003,-0.1439237676101122,0.006319350977471892,-0.0058838940889300775,-3.294080389478257e-05,-0.005624590264732188,-0.0009364243344029195,1.4319191631965287e-05
0.9924197233135414,0.08315216904751023,0.4814284336814328,0.023344371330383768,-0.2368934444727055,-0.1439528397847627,0.006262823133940022,-0.0058932526106237285,-3.2856657640189035e-05,-0.005652734804839365,-0.000935780714458632,1.4301801696117746e-05
0.9926554855168519,0.08079017250843493,0.4799753302515374,0.022725844573659542,-0.23709697965688392,-0.1439783618356259,0.006206060011517652,-0.005902612578076649,-3.277216586225291e-05,-0.00567626241136873,-0.0009359258808036779,1.4284245864766483e-05
0.9928850781886497,0.07842611887020139,0.4785220976628172,0.02210744923474388,-0.23729457656161526,-0.14400006314528402,0.006149181987193882,-0.005911985842841689,-3.2687400148362356e-05,-0.005687752360558402,-0.0009372562275522206,1.4266672647449996e-05
0.9931085024129425,0.07606006708541635,0.47706877617808857,0.021489182689113692,-0.23748624489657558,-0.14401779825726146,0.006092255215588282,-0.00592137966177074,-3.2602406663049e-05,-0.005692626874441836,-0.0009393122763381737,1.4248696891135868e-05
0.9933257592437318,0.07369207600689426,0.4756154068382635,0.02087104254391925,-0.23767198646832055,-0.14403150209456622,0.006035221507970217,-0.005930793816650905,-3.2517183464607195e-05,-0.0057033202596408535,-0.0009413465051494709,1.4230475756528522e-05
0.9935368497097063,0.07132220446503833,0.47416203102758847,0.02025302692590235,-0.23785178702590015,-0.14404116729850597,0.005977962995042977,-0.005940225954351005,-3.243170657322598e-05,-0.005725800559692538,-0.0009431454140088599,1.4212850837074251e-05
0.9937417748205225,0.06895051143440288,0.4727086903425312,0.019635133720462966,-0.2380256256609212,-0.14404678353580558,0.00592043062577105,-0.0059496792305241235,-3.234598881077186e-05,-0.005753185970276523,-0.0009452598948140316,1.4195379962092004e-05
0.9939405355664633,0.06657705611158991,0.4712554263612334,0.019017359558490078,-0.23819349177740096,-0.14404833403704834,0.005862700007479138,-0.0059591643420360925,-3.226009620253663e-05,-0.0057730106870148385,-0.0009484440869775879,1.4177142569973356e-05
0.9941331329053338,0.0642018978160778,0.4698022807147937,0.018399699652123614,-0.23835539121756763,-0.1440457839185134,0.005804892267364863,-0.005968693034704126,-3.217409555232109e-05,-0.005780722723166778,-0.0009528028828208236,1.4158579259177055e-05
0.9943195677484642,0.06182509581939885,0.46834929499597067,0.017782148676159272,-0.2385113347876291,-0.1440391272495766,0.0057470440175795305,-0.005978270701515982,-3.208801418637695e-05,-0.005784773559904653,-0.0009577009860644517,1.4139838511282638e-05
0.994499840954765,0.05944670928706376,0.46689651071395394,0.01716470176425957,-0.2386613215272479,-0.14402839158301198,0.00568906967665163,-0.005987895244123825,-3.200183600549006e-05,-0.005797382533600532,-0.0009623892509297224,1.4120861152171955e-05
0.9946739533355653,0.0570667973937818,0.4654439692467892,0.016547354575629534,-0.23880533491859024,-0.14401361608760205,0.005630855425040936,-0.00599756408571665,-3.191554651031495e-05,-0.005821373452061943,-0.0009668198341947749,1.410115528077241e-05
0.9948419056578295,0.05468541948465221,0.46399171226671393,0.015930102313206386,-0.23894335597288127,-0.14399477464451657,0.005572383808581841,-0.006007281813529643,-3.182916439777602e-05,-0.005847109797689496,-0.0009717091487005142,1.4081393131425828e-05
0.9950036986401691,0.05230263510876926,0.4625397817290945,0.015312938788765251,-0.239075379383835,-0.14397181408077214,0.005513755607485822,-0.006017059880970392,-3.174274610841855e-05,-0.005862768155441856,-0.0009777438215321933,1.406156318542007e-05
0.995159333079281,0.04991850396231121,0.4610881965421895,0.014695857426262685,-0.2392014194814029,-0.14394701199572754,0.005455080053118328,-0.006026902621825259,-3.165631003644807e-05,-0.00586750338710707,-0.0009842118789880343,1.404146376716509e-05
0.9953088096267413,0.047533085610317785,0.4596369883998838,0.014078851436516365,-0.2393214840023567,-0.14391908658256292,0.005396365428319314,-0.0060368104572439745,-3.156985621576753e-05,-0.005871410334201408,-0.0009907220524039489,1.4020787969038437e-05
0.9954521288306714,0.04514643949257343,0.4581861947620867,0.013461914734348952,-0.2394355683023845,-0.14388748428448767,0.005337509931907405,-0.0060467787293809905,-3.148335562008921e-05,-0.005885497381324513,-0.0009967664346002205,1.3999660971737144e-05
0.995589291163284,0.04275862507421982,0.4567358555864404,0.012845041692219165,-0.2395436546332453,-0.14385197841138228,0.005278412324698883,-0.006056805140045036,-3.139678743626044e-05,-0.00590970833362839,-0.001002580993454468,1.3978492732627566e-05
0.9957202970343029,0.04036970199728768,0.45528601195452,0.012228226056156727,-0.23964572692644834,-0.14381245314999158,0.005219082883312116,-0.006066895352056811,-3.131017057645572e-05,-0.005932891634895179,-0.0010089618407626538,1.395748083128813e-05
0.9958451467900806,0.03797973007782872,0.4538367052811527,0.011611460192470816,-0.23974178465094184,-0.14376884708604282,0.0051596349108148885,-0.006077060729729942,-3.1223559278951475e-05,-0.005944744661606972,-0.001016479135721621,1.3936009107453878e-05
0.9959638407003281,0.03558876915116173,0.45238797713142576,0.010994735498148259,-0.23983184025783752,-0.14372112120269334,0.005100163769772584,-0.0060873094196222735,-3.113699299687322e-05,-0.005947061455092754,-0.0010248110979516403,1.3913805889047705e-05
0.9960763789487206,0.03319687893388414,0.4509398690730319,0.010378043559124122,-0.23991590284333558,-0.14366927977546098,0.005040644998995312,-0.006097641110703003,-3.1050460748058205e-05,-0.005951824360252681,-0.001033111953347375,1.3891515790370456e-05
0.9961827616346678,0.030804119051463186,0.449492422578294,0.009761376835642354,-0.23999396564712902,-0.14361335883005963,0.004980962554524908,-0.006108050235543273,-3.0963927102867636e-05,-0.005968191638991518,-0.0010408560575087121,1.3868881126761684e-05
0.9962829886479257,0.02841054913296385,0.44804570063520655,0.009144728120994925,-0.24006600577850956,-0.14355122678880067,0.004921027908250408,-0.006118533676289783,-3.0877371830324956e-05,-0.005993411715808536,-0.001048288373968763,1.3845584750909776e-05
0.996377060006742,0.02601622910325399,0.4465997342471776,0.008528089825537153,-0.24013201723395375,-0.14348606966659772,0.004860888832660457,-0.00612909874645886,-3.079082416307221e-05,-0.006013854560937938,-0.0010564520516768627,1.38218121713398e-05
0.9964649756265131,0.023621219014994425,0.4451545582922632,0.007911452621048334,-0.24019200399527244,-0.1434174687108761,0.004800671018450014,-0.006139756188662196,-3.0704333175901266e-05,-0.006021728365927761,-0.0010656900045719225,1.3797190829842178e-05
0.9965467351761229,0.02122557881551629,0.4437102323032058,0.007294806600166437,-0.24024597482646234,-0.14334294156356636,0.004740439178977351,-0.006150509873808297,-3.0617908969321546e-05,-0.006023130840596837,-0.0010753150501983002,1.3772244435336973e-05
0.9966223384145557,0.018829368406079947,0.44226678554853743,0.006678142829519903,-0.24029394197509585,-0.14326552604715898,0.004680140279739757,-0.006161356409432372,-3.053152671833769e-05,-0.006029836749586055,-0.001084600842800091,1.3746979247658088e-05
0.9966917848420904,0.016432647549790146,0.44082427379193356,0.0060614531169885634,-0.24033588934317962,-0.14318260177778483,0.0046196471083785095,-0.006172287387537655,-3.0445137540930672e-05,-0.0060492638636422255,-0.001093045824704309,1.3721430388621355e-05
0.9967550740527245,0.014035476200304257,0.43938272480338225,0.005444729810191181,-0.24037180467445668,-0.14309697875412403,0.004558910610768548,-0.006183302266918855,-3.0358735031240368e-05,-0.00607359638550477,-0.0011014366875509009,1.3695012675557806e-05
0.9968122053906634,0.011637914429688763,0.43794219370551374,0.004827964028333011,-0.24040167433201584,-0.14300590378681366,0.004498000307747358,-0.00619440778057295,-3.0272346094857757e-05,-0.006090976839483296,-0.0011105008590051686,1.3667704830525023e-05
0.99686317828564,0.009240022482815365,0.4365027079573439,0.004211145881236279,-0.24042551284062216,-0.1429121109862866,0.004437045511125373,-0.006205614340113942,-3.01860104249724e-05,-0.006095426136217754,-0.0011206062014091594,1.363985439643085e-05
0.9969079918949781,0.006841860453475214,0.4350643222784748,0.0035942650587473734,-0.2404433289198684,-0.14281286438512633,0.0043760814384819855,-0.006216922942542344,-3.009972239620063e-05,-0.006096353670758825,-0.0011308112414745413,1.3611743974864908e-05
0.9969466454447395,0.0044434883650872736,0.4336270638755968,0.0029773124575822488,-0.24045513087102946,-0.14271093345443187,0.004315026750757211,-0.006228327010996811,-3.001344450841564e-05,-0.006105415087226444,-0.001140358586697982,1.3583224325470485e-05
0.9969791378965863,0.002044966145932063,0.43219098704645137,0.002360280022945923,-0.24046089965604148,-0.1426036372572111,0.004253758373226603,-0.00623981704983085,-2.9927127005651113e-05,-0.006126783944372132,-0.0011489563574287017,1.3554271963567178e-05
0.997005468317,-0.00035364606044689184,0.4307561161845521,0.0017431602798936277,-0.24046062483881153,-0.14249396925461358,0.004192258689802114,-0.006251389414125407,-2.9840747602930844e-05,-0.00614991439559034,-0.0011571896337932415,1.3524699573544264e-05
0.9970256357652868,-0.0027522879094365434,0.4293224648065943,0.001125944709197513,-0.24045430610066415,-0.14238299097263235,0.004130631450287194,-0.006263051863219255,-2.9754332551860486e-05,-0.006162669881989662,-0.0011661988513304885,1.3494511241798722e-05
0.9970396389977364,-0.005150899094805188,0.42789008074229673,0.0005086237926500784,-0.24044194858314763,-0.14226724440593705,0.004068981913614707,-0.0062748102310773365,-2.96679014701941e-05,-0.006164899486506997,-0.0011757914701409217,1.3463555708572296e-05
0.9970474768270557,-0.007549419369026928,0.426458987537172,-0.00010881168178722535,-0.2404235702921001,-0.142149154059288,0.00400732073246351,-0.006286663061438679,-2.958143843590706e-05,-0.006166063812275427,-0.0011852384584192645,1.3432401655273455e-05
0.9970491477923853,-0.009947788677329292,0.425029236986467,-0.0007263695362752878,-0.24039916455587385,-0.14202591929597164,0.003945540614830906,-0.006298598961060289,-2.9494892958012355e-05,-0.006177957305710446,-0.001193546112798292,1.3400523256694476e-05
0.9970446505181174,-0.01234594689669469,0.4236008546669463,-0.0013440564805499583,-0.2403687225286662,-0.14190018306952198,0.003883548500866067,-0.00631061024770323,-2.9408230937243043e-05,-0.006199156761853647,-0.0012010855385809287,1.3367823122101565e-05
0.9970339833911029,-0.01474383380683138,0.4221738927827536,-0.001961879323328466,-0.24033222623116474,-0.14176927899836791,0.0038213540490807927,-0.006322697027838019,-2.932144811554652e-05,-0.006219390363193968,-0.0012086356129542915,1.3334406283421141e-05
0.9970171448983685,-0.017141388990389663,0.42074837674614246,-0.0025798461117667463,-0.24028968390454647,-0.14163585647672264,0.003759076046599612,-0.006334868586014091,-2.9234575440108407e-05,-0.006227745270668521,-0.0012171141496829993,1.3300302425152874e-05
0.9969941332772096,-0.01953855209714132,0.4193243583408545,-0.0031979654555385458,-0.2402411053340257,-0.14149725602150307,0.0036968015268871064,-0.006347128501397886,-2.9147619821906674e-05,-0.006227396835087701,-0.0012259506040780352,1.3265737410465841e-05
0.9969649468454964,-0.021935262873663354,0.41790186257901607,-0.0038162453429055657,-0.24018650754746487,-0.14135615914790423,0.0036345068115676933,-0.006359471491829259,-2.906056063937005e-05,-0.0062294162230175434,-0.0012342588389399488,1.3230187367558201e-05
0.9969295836713823,-0.02433146123053139,0.41648094072773184,-0.0044346919322431864,-0.2401258810716645,-0.1412099678386695,0.0035720717302844414,-0.006371883737723915,-2.8973340452604624e-05,-0.006243452609169217,-0.0012411851050036632,1.319426691461438e-05
0.9968880419271184,-0.02672708698459019,0.41506161749460607,-0.005053310576018056,-0.24005921678897862,-0.1410613539848991,0.0035094247816731647,-0.006384358361414559,-2.888592738391896e-05,-0.006264639110441146,-0.0012474235999733784,1.3158015261066253e-05
0.9967864146443507,-0.03151637934788795,0.4122279433258082,-0.006291087730206289,-0.23990774699650272,-0.140751631126,0.0033837534090535586,-0.00640950940799524,-2.871056576148301e-05,-0.006285536896821146,-0.0012611736961604606,1.3083191732668165e-05
0.9967263249912635,-0.033909925184192106,0.41081366692086874,-0.006910260159032617,-0.2398229668278081,-0.14059052155496854,0.0033209188866299413,-0.0064221946323444025,-2.8622641277485827e-05,-0.006283395833766645,-0.0012684858330591843,1.3044723687996437e-05
0.9966600485229155,-0.03630265714676241,0.4094011383322577,-0.00752963014472684,-0.23973217512908193,-0.14042701721470327,0.003258050386276602,-0.006434943810278277,-2.853451873212701e-05,-0.006286793387606611,-0.0012748819091587416,1.3005839707685831e-05
0.9965875831781504,-0.03869451511586077,0.4079903682759766,-0.008149201901814443,-0.23963536834307478,-0.14026246814365084,0.0031950316950301962,-0.006447742002551372,-2.844614695227671e-05,-0.0063018122038259,-0.001279784053269746,1.2966330758742455e-05
0.9965089266371873,-0.04108543894218106,0.4065814012587871,-0.008768978312834588,-0.23953252659096763,-0.14009350529770567,0.0031318155850479255,-0.006460581503567261,-2.8357500601882172e-05,-0.006321553786941159,-0.0012839156358836537,1.2926077388552756e-05
0.9964240766932454,-0.04347536830087697,0.40517425896950354,-0.00938896346724147,-0.23942365235675248,-0.1399223885069898,0.003068488479919713,-0.006473468120444354,-2.826859100673936e-05,-0.0063326530172825544,-0.0012886279330458176,1.288577162760681e-05
0.9963330309205372,-0.04586424286776968,0.4037689906167951,-0.010009162074986875,-0.23930875378568814,-0.1397463371902294,0.00300516400548752,-0.006486407373849743,-2.8179431202755396e-05,-0.006332389670741879,-0.0012938922990439784,1.2845172494963872e-05
0.996235787004609,-0.04825200241949357,0.40236561994341186,-0.0106295790930437,-0.23918785397080158,-0.1395678888233471,0.0029418750239818864,-0.006499397560671064,-2.80900152192754e-05,-0.00632884009615765,-0.0012989863525439977,1.280402205637868e-05
0.996132342410934,-0.05063858694268883,0.40096419683681606,-0.011250217372012393,-0.23906095353404166,-0.1393844505123898,0.0028785262217809753,-0.00651242429474978,-2.800030063441437e-05,-0.006334821855111728,-0.0013026417840475567,1.2762266248275889e-05
0.9960226947382466,-0.05302393645059212,0.3995647452421299,-0.01187107858071816,-0.2389280489215883,-0.13919864029634227,0.002815013445631095,-0.006525475253741018,-2.791025122496385e-05,-0.00635121891478088,-0.0013050649770766619,1.2720015742077118e-05
0.9959068414023702,-0.05540799088278823,0.39816731477865774,-0.012492163535748503,-0.23878912453388276,-0.1390078924666332,0.0027513243260527094,-0.006538546291444028,-2.781985731103756e-05,-0.006368852915009166,-0.0013070735509699383,1.2677049395995924e-05
0.9957847799735169,-0.05779069003199068,0.39677192921464716,-0.013113474611390483,-0.23864418895457495,-0.13881476457696576,0.0026875688922844785,-0.006551645224924374,-2.772914037170509e-05,-0.006375484004301119,-0.001309863835707216,1.2633646722169886e-05
0.995656507832822,-0.06017197373677325,0.39537863774374504,-0.013735014397930017,-0.23849325469454627,-0.13861668846496097,0.002623848873576683,-0.006564775557242862,-2.763810265569591e-05,-0.006371942168912452,-0.0013130044258431932,1.2590573646821628e-05
0.9955220224954868,-0.06255178198826204,0.3939874639110799,-0.014356785393657541,-0.23833634429303138,-0.1384162281932256,0.002560162805536233,-0.0065779318530998325,-2.7546721394312633e-05,-0.006368546756770569,-0.0013156014813221339,1.2548013895002927e-05
0.9953813212866429,-0.06493005497113367,0.3925984564757619,-0.014978787576759868,-0.2381734555177621,-0.13821088841121737,0.0024963969205893098,-0.0065910974951325675,-2.745495720220672e-05,-0.006376528075022593,-0.001316536796065476,1.25048301815058e-05
0.9952343994091497,-0.06730673343612231,0.39121197570520105,-0.015600996032053126,-0.23800444069177462,-0.13796974322445388,0.002431612627592489,-0.0066040465618585386,-2.7362419424036616e-05,-0.006478368249925044,-0.0012948799415671837,1.2444201329492514e-05
0.9950812533317944,-0.0696817569627938,0.38982822437217524,-0.016223373726198132,-0.23782917832746087,-0.13770862837910894,0.002365451409902992,-0.006616681747759725,-2.7268969088821445e-05,-0.006616059997738294,-0.001263492542494332,1.2375389363387253e-05
0.9949218804134367,-0.07205506376380569,0.3884473165561462,-0.016845884654175473,-0.23764755101379126,-0.1374364239181814,0.0022978681142396327,-0.006628964676764621,-2.7174574751145468e-05,-0.006758267053664207,-0.0012282675532708951,1.2303159638613583e-05
0.9947562787740586,-0.07442659074092091,0.38706930162788544,-0.01746849285807925,-0.23745945002315755,-0.1371595925867488,0.002228895284532152,-0.006640875703686945,-2.7079237078325148e-05,-0.006897219718161487,-0.0011910780639471637,1.2229450755895486e-05
0.994584446828698,-0.07679627360256909,0.38569423834239336,-0.01809115953809816,-0.2372647473013,-0.136877210842623,0.0021584680974214595,-0.006652391481256383,-2.6982940360118722e-05,-0.007042654709551208,-0.0011515538628865739,1.215562896600311e-05
0.9944063834425554,-0.07916404678203767,0.3843221752510638,-0.0187138436693518,-0.23706330073180634,-0.13659033185441904,0.0020864459394596743,-0.006663490396728802,-2.6885679861062478e-05,-0.00720215104430423,-0.0011098684053909033,1.2081507774301828e-05
0.9942220879412633,-0.08152984324260688,0.38295315334466157,-0.019336502909400068,-0.23685495531771678,-0.13629973164005998,0.002012741198429876,-0.006674161028537551,-2.6787473862337098e-05,-0.007370408614932853,-0.0010670408125562332,1.2007405179783619e-05
0.9940315600999562,-0.08389359434244088,0.3815872098075614,-0.019959094917679714,-0.23663956159385968,-0.1360057759324456,0.0019374122098058733,-0.006684401963678301,-2.6688362689076115e-05,-0.007532832667311952,-0.0010240719425855156,1.1933538850778031e-05
0.9938348001309659,-0.08625522990170403,0.3802243797660999,-0.020581577554022353,-0.23641698855260615,-0.1357086342497647,0.0018606073422081546,-0.0066942126262264125,-2.6588389354602735e-05,-0.007680419888810465,-0.000981045501966245,1.1860145045606548e-05
0.9936318086738269,-0.08861467840752592,0.3788646974501805,-0.021203907945180057,-0.2361871163107226,-0.13540837570801426,0.0017824088168938662,-0.006703585276361648,-2.648758960681421e-05,-0.007819785011186194,-0.0009372450990417333,1.1786966747143549e-05
0.9934225868006129,-0.0909718671372077,0.37750819652956613,-0.02182604166503151,-0.2359498165672195,-0.13510507184820075,0.001702746509436319,-0.006712506155941858,-2.6385998737202087e-05,-0.007966162602858732,-0.0008920689016975241,1.1713374741205897e-05
0.9932071360306556,-0.09332672206807356,0.3761549103515155,-0.022447932994576394,-0.23570494228048228,-0.13479878739380255,0.0016214777266712528,-0.00672096378920641,-2.6283647089153676e-05,-0.008126809534606965,-0.0008457451472987809,1.1640672627152134e-05
0.9929854583436291,-0.09567916767525399,0.3748048718791544,-0.02306953590069496,-0.2354523385290038,-0.1344895716395123,0.0015385500286975132,-0.006728953604647744,-2.6180582205519733e-05,-0.008292700491940117,-0.0007989642634989372,1.1568643856480348e-05
0.9927575561793798,-0.09802912684602771,0.37345811405528423,-0.023690804495980718,-0.2351918633880008,-0.13417739954142346,0.0014540714513449741,-0.00673647370580311,-2.607686328452098e-05,-0.008447787909825968,-0.0007519937551400957,1.149688581690663e-05
0.9925234324378533,-0.10037652102246974,0.3721146695246841,-0.02431169254761749,-0.23492339658692613,-0.13386226080912245,0.0013682057376157475,-0.006743518084425404,-2.5972548366039722e-05,-0.008586501070518249,-0.0007044224415621296,1.1425303660034458e-05
0.9922830905226617,-0.10272127041781161,0.3707745652661082,-0.024932153609061498,-0.2346468303671129,-0.13354469882834824,0.001281044579594626,-0.0067500844765578894,-2.5867692509528872e-05,-0.008716045064004089,-0.0006566247486439376,1.135513838310168e-05
0.9920365343375216,-0.1050632941381638,0.369437823529366,-0.02555214175394227,-0.23436205192195023,-0.1332251926980687,0.0011925534191215379,-0.006756176638986446,-2.576248997081413e-05,-0.008849045008975327,-0.0006092027663640671,1.1273483797958965e-05
0.9917837682698943,-0.10740251010802865,0.3681044640848711,-0.026171612575087454,-0.2340689393701142,-0.13290399838135927,0.0011026881152359207,-0.006761808833043081,-2.5657169181878517e-05,-0.008986459208906597,-0.0005632069487906363,1.1178193541295414e-05
0.9915247971742748,-0.1097388349570278,0.36677450440243703,-0.026790524046106212,-0.23376738007931608,-0.13258131725609712,0.0010115599867340705,-0.006767001598284893,-2.555193926097571e-05,-0.009112741675251387,-0.0005192651107212608,1.1071685072460231e-05
0.9912596263451693,-0.11207218410977661,0.3654479601960995,-0.02740883630786364,-0.23345729315515823,-0.13225725557039866,0.0009194543675433159,-0.006771774314011656,-2.5446981654721527e-05,-0.009210490876253787,-0.00047726121722750235,1.0956324321180255e-05
0.9909882614923452,-0.11440247212277486,0.36412484610699547,-0.02802651114460048,-0.2331386326433051,-0.1319318484629181,0.0008266697194911015,-0.006776143674910708,-2.534245313710064e-05,-0.009278394005230119,-0.00043692679807400973,1.0834080235574403e-05
0.9907107087254042,-0.11672961305054948,0.3628051758125847,-0.028643512174209636,-0.23281136826804216,-0.13160515657295832,0.0007333486882677563,-0.00678012925740962,-2.5238494513098467e-05,-0.009332032665073986,-0.0003985500204014958,1.0706499512810642e-05
0.9904269745371396,-0.11905352059463815,0.36148896190176005,-0.02925980577906071,-0.23247546533996352,-0.13127728669440836,0.0006394884072158859,-0.006783758505792657,-2.5135228621766364e-05,-0.009385958078266475,-0.00036291766500536055,1.0575467549420561e-05
0.9901370657773249,-0.1213741080381695,0.3601762155845983,-0.02987536185088093,-0.23213088662258796,-0.13094836724157807,0.0005451166474872732,-0.006787064363624568,-2.5032760511680947e-05,-0.009437106451570044,-0.00033057965649907554,1.0442380116313196e-05
0.9898409896138136,-0.12369128820733291,0.3588669470994485,-0.030490153523497248,-0.2317776146920507,-0.13061844371097717,0.0004504431502524201,-0.006790077220712185,-2.4931176910660907e-05,-0.009467280770338085,-0.0003012806152630849,1.0308098746936382e-05
0.9895387534958295,-0.1260049736823791,0.35756116635367374,-0.031104156289925907,-0.23141567129705923,-0.1302874651857244,0.00035581892842850854,-0.006792821034866704,-2.4830555227223818e-05,-0.009462353853272253,-0.00027437733718479394,1.0172547147957482e-05
0.9892303651284111,-0.1283150772159402,0.356258883405292,-0.031717347706571274,-0.2310451127764981,-0.1299553450317481,0.00026154303291939056,-0.00679531872522904,-2.473096012919233e-05,-0.009427521892809277,-0.00024976595037144624,1.0036378428101926e-05
0.9889158324546069,-0.1306215120889226,0.3549601082219256,-0.03232970827246078,-0.230666006827564,-0.1296220632783086,0.00016773057676735523,-0.006797601156051831,-2.463245642347545e-05,-0.009381178674949996,-0.0002282409630694486,9.899132218597678e-06
0.9885951636293805,-0.13292419220685678,0.3536648500981418,-0.032941222622829246,-0.2302784165247033,-0.12928768316155548,7.43875929138513e-05,-0.006799708234642842,-2.453509259874667e-05,-0.00933423219833517,-0.00021070667913674934,9.761665497464921e-06
0.9882683669787384,-0.13522303203085914,0.3523731174022908,-0.03355187975587178,-0.22988240925331638,-0.12895227306621113,-1.8392637370089022e-05,-0.006801681076371445,-2.443890540744881e-05,-0.009277957621582008,-0.0001972839037014224,9.624020166243922e-06
0.9879354509535367,-0.13751794661857938,0.35108491783312645,-0.034161672123972524,-0.22947808086662003,-0.12861583225673384,-0.00011032609261199753,-0.006803553522970154,-2.434392287152898e-05,-0.009193280918178393,-0.000187245270967173,9.485982867081705e-06
0.9875964240910782,-0.13980885193232967,0.349800259124179,-0.034770594689833206,-0.2290655688637082,-0.12827827014418297,-0.00020104121125115034,-0.006805353133197561,-2.4250159134250475e-05,-0.00907144806953246,-0.00017996248045743402,9.348139569774565e-06
0.9872512949892586,-0.14209566528241158,0.3485191493029334,-0.035378645107453296,-0.22864504028743804,-0.12793949630037113,-0.0002902781222590376,-0.006807109944628884,-2.4157604343800554e-05,-0.008923628112263373,-0.0001756834116514661,9.212106626026919e-06
0.9869000722823126,-0.1443783056228074,0.3472415963133713,-0.0359858248700132,-0.22821666755869863,-0.12759950079441854,-0.00037796368404881573,-0.006808863361784203,-2.4066221689255288e-05,-0.008768493971887302,-0.00017534475912801804,9.079467849457162e-06
0.9865427646051813,-0.14665669358425656,0.34596760732746984,-0.03659214013184917,-0.227780618283246,-0.12725835676759675,-0.00046408745490031606,-0.006810658144746416,-2.397595370576853e-05,-0.00861231562061128,-0.00017948208090518637,8.951023308949993e-06
0.9861793805448826,-0.14893075141079515,0.34469718882187544,-0.03719760121981726,-0.2273370686881568,-0.12691610297570816,-0.0005485206996011451,-0.00681253448106228,-2.3886718173979706e-05,-0.00844326369192703,-0.00018763812562770305,8.828345358378989e-06
0.985809928594199,-0.15120040305785543,0.34343034723122656,-0.03780222141278797,-0.2268862247971569,-0.12657267730519184,-0.0006309754530299888,-0.006814523241227769,-2.3798423508449648e-05,-0.008245415188196086,-0.0001988811891730287,8.7119733340568e-06
0.9854344171187372,-0.15346557452198786,0.34216708955375047,-0.03840601628445224,-0.22642832739250077,-0.126227953978697,-0.0007111467110190757,-0.006816650984372442,-2.3710964371125238e-05,-0.008017066195125738,-0.00021278013563656134,8.602924086379208e-06
0.9850528543795524,-0.15572619426085038,0.3409074151841368,-0.03900900328014914,-0.2259636316017757,-0.12588267278594797,-0.000788940672850112,-0.006818932850787075,-2.3624054616275057e-05,-0.007779336934223576,-0.00022819309591046958,8.519621124510717e-06
0.9846652484405582,-0.15798219322079968,0.3396513295161033,-0.03961120158207642,-0.22549238100550664,-0.125536240123888,-0.0008643839415523963,-0.006821398415188632,-2.3537570473459136e-05,-0.007544267890646087,-0.0002465635052374031,8.444391301940217e-06
0.98427160712104,-0.16023350473075967,0.3383988472874914,-0.0402126351300153,-0.22501481608257864,-0.1251877145817938,-0.0009374473529777561,-0.006824096304814062,-2.3451567721562954e-05,-0.0073062824687365685,-0.00026979660117738537,8.357014470027722e-06
0.9838719379933122,-0.16248006451406338,0.33714998470758756,-0.04081333362088914,-0.2245311943265202,-0.12483691250612257,-0.0010079702674086366,-0.006827076952698044,-2.3366076939876673e-05,-0.0070522330939904124,-0.0002980729631434482,8.25894478532442e-06
0.9834662484039948,-0.1647218109044986,0.33590474646212504,-0.04141332985934549,-0.22404180032340823,-0.12448493851278541,-0.0010757349119106202,-0.006830361534401994,-2.3280803781785736e-05,-0.006776406222598415,-0.00032846687631750844,8.184907432790186e-06
0.9830545453358818,-0.16695868501964758,0.3346631466544944,-0.042012657806243456,-0.22354693572203443,-0.12413080669035863,-0.001140539827685304,-0.006833984866495174,-2.319553044291299e-05,-0.006480433319967594,-0.0003623424362768134,8.125614747443791e-06
0.9826368354453081,-0.1691906310633563,0.3334251967742088,-0.04261135563500429,-0.223046909073448,-0.1237747742143841,-0.0012023598803639084,-0.006837979800698108,-2.3109891412784572e-05,-0.006181946727595407,-0.00039950317831944,8.095710641296747e-06
0.9822131250556697,-0.171417596350627,0.3321909007973207,-0.04320946368813482,-0.2225420159611983,-0.12341761549832084,-0.001261289120803123,-0.006842364772612906,-2.3023559468507278e-05,-0.005892864993550038,-0.0004385074933139659,8.092834470168073e-06
0.9817834200767498,-0.1736395311234089,0.330960266062527,-0.04380702340057735,-0.2220325387160067,-0.12305901019825374,-0.0013173907304772237,-0.006847162096304547,-2.2936154112014513e-05,-0.005610101142449845,-0.00047974323985541437,8.121785712048274e-06
0.9813477259884409,-0.1758563884550305,0.32973330202873835,-0.04440407843542627,-0.22151876329930886,-0.12269873838092732,-0.0013706202215899553,-0.006852392320545987,-2.284726489363955e-05,-0.005322888225871841,-0.0005230338984251561,8.185760491019812e-06
0.9809060478634775,-0.1780681243207207,0.32851001275996145,-0.04500067359341333,-0.22100099072675453,-0.12233731598124753,-0.0014208587066584424,-0.006858062447143491,-2.275671573211337e-05,-0.005023786434882275,-0.0005670247456382622,8.26329288348257e-06
0.9804583902522339,-0.18027469772670918,0.32729041547825466,-0.04559685395423223,-0.22047952373758564,-0.12197342803491465,-0.001468098863842131,-0.006864191555738956,-2.266421673137257e-05,-0.004723952255006108,-0.0006129235812598323,8.364336281687756e-06
0.9800047572518364,-0.1824760707695215,0.32607452581795104,-0.04619266699862771,-0.21995465471489484,-0.12160726035825517,-0.0015124506857156726,-0.006870792667744192,-2.2569567426973016e-05,-0.004435117188257083,-0.0006601245726709915,8.48095003159971e-06
0.979545152483398,-0.1846722085012544,0.3248623594187346,-0.04678816062914682,-0.21942665621450017,-0.1212388516956597,-0.001554079432416947,-0.006877872741085635,-2.247259421639295e-05,-0.004162808008642342,-0.0007080213702792424,8.611518050215731e-06
0.979079579079778,-0.1868630787205041,0.32365393309817136,-0.04738338293780982,-0.21889578577978094,-0.12086811336765226,-0.0015931049101504569,-0.006885437092511613,-2.23731899623454e-05,-0.0039024793678087907,-0.0007564498480049106,8.749857798044578e-06
0.9786080396869222,-0.18904865183655917,0.32244926423878006,-0.04797838261946212,-0.21836229662056386,-0.12049500101689428,-0.0016295707285743982,-0.0068934938423616645,-2.2271275943986466e-05,-0.0036465116300425757,-0.0008056903606067546,8.892932730433966e-06
0.9781305364600538,-0.19122890084709981,0.32124837025616304,-0.04857320934738238,-0.2178264408886067,-0.12011952112245851,-0.0016635103611873708,-0.006902053252745128,-2.216680421847931e-05,-0.0033938911999640714,-0.0008559570794822548,9.037568870457808e-06
0.9776470710515138,-0.19340380133606347,0.3200512686082652,-0.04916791342591269,-0.21728846164736307,-0.11974169557740243,-0.0016950315799214902,-0.0069111209746035955,-2.2059758490438473e-05,-0.003152047942196085,-0.0009067888828806782,9.181586911453742e-06
0.9771576446005185,-0.19557333137185678,0.31885797716649456,-0.049762544638470525,-0.21674858171603573,-0.11936152812633745,-0.0017243281430157826,-0.006920692024504153,-2.1950164311724195e-05,-0.002929580515933673,-0.0009571223279935619,9.322797433940103e-06
0.9766622577373718,-0.1977374712900284,0.31766851457905293,-0.0503571513017478,-0.21620699987449674,-0.11897899093241632,-0.0017516160081484662,-0.006930754744676458,-2.18380623248392e-05,-0.0027287088753231367,-0.0010062899801219908,9.461041122364092e-06
0.9761609105999843,-0.19989620345292478,0.31648290018364084,-0.05095178051005965,-0.21566389584090775,-0.11859405580618244,-0.0017770717115594475,-0.006941300528153314,-2.172350194634546e-05,-0.0025454908824775048,-0.0010545969182712291,9.595106587601798e-06
0.9756536028492936,-0.20204951207161,0.3153011534506324,-0.051546479183537025,-0.21511943643526457,-0.1182067408122987,-0.001800831559908971,-0.006952329038595307,-2.160652847008628e-05,-0.002375903576410267,-0.0011028702050082115,9.724100536745508e-06
0.9751403336707773,-0.2041973830893087,0.31412329355744645,-0.05214129453108362,-0.21457377552122167,-0.11781710879918242,-0.0018230438567797037,-0.006963841230666489,-2.148719906231474e-05,-0.002221146657415309,-0.0011512389386166765,9.84669597403808e-06
0.9746211017682042,-0.206339804051463,0.31294933948938286,-0.05273627297085197,-0.21402704753586205,-0.11742522494223484,-0.0018439136186226153,-0.006975826670301642,-2.1365604272839553e-05,-0.00208689143550391,-0.0011985642426485036,9.961659524788225e-06
0.9740959053696256,-0.20847676389921707,0.3117793104244707,-0.05333145829877169,-0.21347936108048307,-0.11703112643958082,-0.0018636933586104834,-0.006988259851323629,-2.1241875370728553e-05,-0.0019778876114984892,-0.0012433389022249444,1.0067701255552557e-05
0.9735647422534945,-0.21060825269978634,0.31061322628739235,-0.05392689094626347,-0.21293079810202645,-0.11663479510362915,-0.001882637139251238,-0.007001111846344434,-2.1116155424698667e-05,-0.001894290127696476,-0.0012852207962694812,1.0164275365686773e-05
0.9730276097868306,-0.21273426137976104,0.30945110732453496,-0.054522609188671634,-0.21238141831041757,-0.11623624659616542,-0.0019009636121722732,-0.007014365140911781,-2.0988576881206222e-05,-0.0018325578891794864,-0.001325351219900553,1.0250260994616857e-05
0.9724845049480499,-0.2148547815099707,0.308292973577713,-0.055118650859719655,-0.21183126340652056,-0.11583554209133164,-0.0019188632641335124,-0.007028014756755061,-2.085926197785768e-05,-0.0017898744024677316,-0.0013649837922755032,1.0324191121799684e-05
0.9719354243281649,-0.2169698051303771,0.30713884471893815,-0.05571505350006373,-0.2112803566985553,-0.11543276109272077,-0.0019365365241646143,-0.007042053159105526,-2.072833453455474e-05,-0.0017672338960150636,-0.0014038628650129305,1.0386215018867888e-05
0.9713803641318541,-0.21907932456269344,0.30598874009064947,-0.056311852469954585,-0.21072869879756478,-0.11502798747733838,-0.0019542210635647545,-0.0070564549468884515,-2.059595372091801e-05,-0.0017683606222341959,-0.0014402018056237156,1.0436035915868518e-05
0.9708193201994936,-0.221183332170682,0.304842679193319,-0.056909078815857383,-0.21017626381224222,-0.1146212622827051,-0.0019721808160311377,-0.0070711789704938355,-2.0462312363837736e-05,-0.0017958808456631722,-0.0014724257590022305,1.0473156697366868e-05
0.9702522880546671,-0.2232818200844073,0.3037006817866461,-0.057506759195483696,-0.2096230000016972,-0.11421261339612648,-0.001990668581333675,-0.007086187340967433,-2.0327606133463856e-05,-0.0018486811768303423,-0.001500860791615926,1.049646545731044e-05
0.969679262950376,-0.22537477993795216,0.3025627676674903,-0.05810491796171825,-0.20906883427572692,-0.11380208107049172,-0.0020098975855281117,-0.007101460611491674,-2.0191987261275028e-05,-0.0019228042146690702,-0.0015273511239192897,1.0506434428903642e-05
0.9691002398893297,-0.22746220265991363,0.3014289563726949,-0.05870357903178858,-0.20851367649346172,-0.11338972748859655,-0.0020300492896241262,-0.007116991252791702,-2.0055577895424843e-05,-0.002015073433986438,-0.0015530885152504105,1.0503417888591192e-05
0.968515213624142,-0.22954407830787685,0.30029926711738064,-0.05930276531696317,-0.20795741962128403,-0.112975622288002,-0.0020513107685970417,-0.007132762489955873,-1.9918506920594515e-05,-0.002126050236815987,-0.0015771484037433437,1.0488318395029255e-05
0.9679241786670558,-0.23162039589530006,0.2991737189741491,-0.05990249619140478,-0.20739993598174922,-0.11255982487340681,-0.0020739018641726652,-0.007148735642870402,-1.9780941544474887e-05,-0.0022590113265102503,-0.001597340267402967,1.0461527354420776e-05
0.9673271293302822,-0.23369114317074421,0.2980523310607121,-0.0605027856791564,-0.2068410741738936,-0.11214237993145121,-0.002098060822676246,-0.007164860917647233,-1.964307070365518e-05,-0.0024157971799381984,-0.0016125527283695816,1.0423001209034561e-05
0.9667240597838925,-0.23575630636481887,0.2969351226349039,-0.06110364335390398,-0.20628066101807666,-0.11172331576365732,-0.0021239982124269027,-0.007181100373575002,-1.9505056972052063e-05,-0.0025936399790773843,-0.00162397110877286,1.0372792824641931e-05
0.9661149641001618,-0.2378158699677922,0.29582211284399934,-0.06170507696771999,-0.205718508187082,-0.11130267147962876,-0.0021518637526807887,-0.007197437353898102,-1.9367013985775817e-05,-0.0027864547836094614,-0.0016337238107472134,1.0311179363064596e-05
0.9654998362660844,-0.2398698165865742,0.29471332067292977,-0.06230709385638834,-0.20515441794719122,-0.11088048200111952,-0.0021817653480948936,-0.007213862114771976,-1.9229025286663986e-05,-0.0029900601126703176,-0.001642502130619231,1.0239540993546447e-05
0.9648786701839942,-0.24191812685999667,0.293608764980305,-0.0629096995868771,-0.20458818283778024,-0.11045678204436091,-0.0022138241531773615,-0.0072303495152845326,-1.909119329087407e-05,-0.003205780965660651,-0.001648766361379407,1.0159217524315867e-05
0.9642514596924854,-0.2439607793554099,0.2925084646148561,-0.0635128953298326,-0.20401958035854462,-0.110031604895976,-0.0022482063164182505,-0.007246853828899307,-1.8953658705250243e-05,-0.003438116769488985,-0.001650457937654651,1.0070929559046734e-05
0.9636181986165322,-0.24599775039504457,0.29141243859770377,-0.06411667687233152,-0.20344836977344027,-0.10960496773596523,-0.0022850891080423313,-0.00726332642204254,-1.8816567533630413e-05,-0.003688179702818063,-0.0016472861559816883,9.974967792029799e-06
0.9629788808245129,-0.2480290138541738,0.2903207060957524,-0.06472103637592543,-0.20287429688876285,-0.10917687697652755,-0.002324591158857637,-0.007279736749096875,-1.8680030230161894e-05,-0.003950105799387692,-0.0016410598157790227,9.8710184227749e-06
0.9623335002577788,-0.2500545410263536,0.2892332867085134,-0.06532596487541334,-0.20229710424579747,-0.10874729042996982,-0.0023667399318537054,-0.007296072440217394,-1.8544066518557634e-05,-0.004214778212052118,-0.0016335965100475192,9.764169416919272e-06
0.9616820509335428,-0.25207430061135655,0.2881502007368716,-0.06593145270949648,-0.20171653791661817,-0.10831613050145848,-0.002411520444720322,-0.007312318797100247,-1.8408593340774673e-05,-0.004477952336030558,-0.0016246634174780818,9.665455261427813e-06
0.961024526954048,-0.25408825876711694,0.2870714689005051,-0.06653748752175938,-0.20113234453212822,-0.10788335762687871,-0.0024589601409949337,-0.007328442397870584,-1.827351025137185e-05,-0.004743870743271364,-0.0016123881916225726,9.581426604547383e-06
0.9603609225385656,-0.2560963790972614,0.28599711249426896,-0.06714405209513001,-0.20054426277361806,-0.10744893028277472,-0.0025091499941640484,-0.0073443948984317975,-1.8138754623875725e-05,-0.0050188864564820095,-0.0015952786079962,9.512473621523546e-06
0.9596912320750596,-0.2580986225339616,0.2849271540427337,-0.0677511244413608,-0.19995202122348874,-0.10701273846084342,-0.0025621693822962207,-0.0073601355752245575,-1.8004356419398592e-05,-0.005301840002224695,-0.0015740966974283352,9.448118314088752e-06
0.959015450169479,-0.2600949472238652,0.28386161682046424,-0.06835868025972017,-0.19935534817264125,-0.10657469785470206,-0.00261799410183281,-0.00737564441640961,-1.787035253861168e-05,-0.005582373223413697,-0.0015509136241888542,9.383067263601554e-06
0.9583335716648878,-0.26208530854384515,0.28280052466896893,-0.06896669491245769,-0.19875398530301774,-0.1061347193411678,-0.002676488261045007,-0.007390914703837335,-1.7736767229532358e-05,-0.005849317294015304,-0.0015270587550845905,9.315711350430815e-06
0.9576455916414828,-0.26406965927259485,0.2817439018845161,-0.06957514322764938,-0.1981476925584574,-0.10569272320173348,-0.0027375034572417987,-0.007405933818745238,-1.7603657934570144e-05,-0.006101421142566853,-0.0015019420202484891,9.244853214748885e-06
0.9569515054238953,-0.26604794978271284,0.2806917732878681,-0.07018399763463114,-0.19753623953196062,-0.10524864172575671,-0.0028009802333150034,-0.007420673539855666,-1.747111656808831e-05,-0.0063475793534118015,-0.0014740031629446586,9.171941599239601e-06
0.9562513086106659,-0.26802012810315423,0.27964416443297285,-0.07079322694474029,-0.19691939408190087,-0.10480240183542273,-0.002866935252036514,-0.007435100130838397,-1.733919845764493e-05,-0.006595403888163287,-0.0014426906898141164,9.102964710705414e-06
0.9555449971143553,-0.26998613986008224,0.27860110153985307,-0.0714027972341455,-0.19629692293284062,-0.10435392741181478,-0.002935339963962661,-0.007449190977989215,-1.7207911858880816e-05,-0.006840373490786021,-0.0014091168730234911,9.040298141635117e-06
0.9548325671871618,-0.27194592826293623,0.2775626114210808,-0.07201267385539371,-0.1956686062910491,-0.1039031204315352,-0.003006022475875501,-0.0074629402280380515,-1.7077221007228695e-05,-0.007068153751173132,-0.0013749577618978853,8.984206349860204e-06
0.9541140152994423,-0.27389943416076323,0.276528739140853,-0.07262282116906038,-0.19503425431478214,-0.10344808112989802,-0.0030786258873559584,-0.007476342535075178,-1.694710073998161e-05,-0.007260243956965414,-0.0013402640878479421,8.934193520818656e-06
0.9533893383245489,-0.2758465966248567,0.27549952122542115,-0.07323320430214306,-0.1943937186828373,-0.10298960575665522,-0.003152873196642923,-0.007489385602083579,-1.6817636026933372e-05,-0.007424634056326257,-0.0013043407074935203,8.882159585169815e-06
0.9526585335167415,-0.27778735323859827,0.27447499031499184,-0.07384378611440455,-0.19374686515729533,-0.10252805648807456,-0.0032286403749093168,-0.007502046837102891,-1.668897771840293e-05,-0.007576621392547016,-0.001266158108219434,8.825518631415274e-06
0.9519215985222651,-0.27972164018966766,0.2734551773448354,-0.07445452690961564,-0.19309356174239922,-0.10206359159321396,-0.0033058757560663274,-0.007514304862416429,-1.6561291546643286e-05,-0.00772344225141806,-0.0012258377067006232,8.763183051586613e-06
0.9511785313969088,-0.2816493922548657,0.2724401127143513,-0.07506538570673345,-0.1924336844044538,-0.10159623414491399,-0.0033844370843805,-0.007526151077970023,-1.6434722601460895e-05,-0.007856037653622583,-0.0011846572663090867,8.693728804291395e-06
0.9504293306094719,-0.28357054290213096,0.2714298269714019,-0.07567632182939935,-0.19176713596594627,-0.10112590664957094,-0.0034640172257097124,-0.007537588200694847,-1.6309398170414157e-05,-0.007957919745285598,-0.001143748480834777,8.615691197488883e-06
0.9496739950329789,-0.28548502462734954,0.2704243510292044,-0.07628729531110097,-0.19109385876915438,-0.10065249878333653,-0.003544246325025069,-0.007548618916337718,-1.6185462071000516e-05,-0.008022816450442272,-0.0011031082204364584,8.52788106512028e-06
0.9489125239401928,-0.2873927693926944,0.2694237158636258,-0.07689826605994107,-0.19041382734230963,-0.10017595284422687,-0.003624862986195794,-0.007559237910858005,-1.6063096710941147e-05,-0.008061573688400436,-0.001061936491905156,8.429679810435633e-06
0.94814491701103,-0.28929370891742967,0.2684279522511818,-0.0775091930005396,-0.189727029084747,-0.09969626822379352,-0.003705762533092123,-0.007569435259000983,-1.5942493479368094e-05,-0.008089863466571172,-0.0010197721688183533,8.322258457641539e-06
0.94737117434646,-0.2911877747414292,0.26743709062774396,-0.07812003429266283,-0.18903345461009025,-0.09921346387712351,-0.0037868693372186558,-0.007579205946399444,-1.582381360025566e-05,-0.008110590526013413,-0.0009771063439955267,8.207164576505826e-06
0.9465912964727141,-0.29307489823253374,0.2664511614521915,-0.07873074839052659,-0.18833310846159312,-0.09872749664347628,-0.0038679740154219894,-0.007588554813774675,-1.5707187041861034e-05,-0.008110379377440215,-0.0009349245271649606,8.084038008283182e-06
0.9458052843314929,-0.29495501077518865,0.2654701955766905,-0.07934129485986406,-0.1876260287052151,-0.09823825814416642,-0.003948715339243886,-0.007597490939409386,-1.559273126706717e-05,-0.008074045480879167,-0.0008936504710359053,7.952623117515928e-06
0.9450131392676343,-0.2968280441825785,0.26449422420308444,-0.07995163418171224,-0.1869122938230438,-0.09774564596137625,-0.004028732913366858,-0.00760601994350329,-1.548058227221825e-05,-0.008001672164464464,-0.0008529383570272583,7.812510826071664e-06
0.9442148630254811,-0.29869393112247844,0.2635232783932082,-0.08056172709747383,-0.186192008770632,-0.09724963736151039,-0.004107822635274703,-0.007614142599510434,-1.53708920047501e-05,-0.007908888720527847,-0.0008123035031390422,7.664105382371003e-06
0.9434104577563073,-0.3005526053327596,0.26255738808643053,-0.08117153443252466,-0.1854652849610302,-0.09675033586428965,-0.004185927737744357,-0.00762186040019356,-1.5263801489203903e-05,-0.007810428670152816,-0.0007718178406108047,7.508182299092671e-06
0.9425999260163015,-0.30240400161832726,0.2615965823974864,-0.08178101755464517,-0.1847322348318214,-0.09624781233121553,-0.004262977208462441,-0.0076291806450082735,-1.5159423097087942e-05,-0.007704867482434422,-0.0007320620429163802,7.345049178620814e-06
0.9417832707549006,-0.304248055861674,0.2606408901686663,-0.08239013905637882,-0.18399298586262233,-0.09574205547035688,-0.004338754487344798,-0.007636115682451695,-1.5057839106273323e-05,-0.007577650357128319,-0.0006935410193324817,7.17535186405527e-06
0.9409604952965046,-0.3060847052413346,0.2596903404642539,-0.08299886293169433,-0.18324769700683685,-0.09523298633764694,-0.00441293928166683,-0.007642677530903052,-1.4959132016944718e-05,-0.007418404030078356,-0.0006562217545869603,6.9989711637701155e-06
0.9401316033278828,-0.30791388861379665,0.25874496239711114,-0.08360715423838777,-0.18249655843166057,-0.09472055677876066,-0.004485277020417637,-0.007648874930612448,-1.4863390575935202e-05,-0.007233700677181759,-0.0006197764326355772,6.81648844988698e-06
0.9392965988938647,-0.3097355468188295,0.2578047845140398,-0.08421497881899057,-0.18173977362889193,-0.09420481277479283,-0.00455568693207737,-0.007654715478471504,-1.4770692146517634e-05,-0.00704092023863455,-0.0005840907215590806,6.629276721305334e-06
0.9384554863905162,-0.3115496227418106,0.25686983492947907,-0.0848223034776921,-0.18097754213333767,-0.09368580633749653,-0.004624195261568405,-0.007660210768507405,-1.4681010874659316e-05,-0.00685076427935094,-0.0005495643771310091,6.445472893684273e-06
0.9376082705496297,-0.3133560612228988,0.25594014201412923,-0.08542909662138544,-0.1802100595713823,-0.09316351065896385,-0.004690776142574521,-0.007665378554979448,-1.4594164069948443e-05,-0.006658021554799334,-0.0005168134899174653,6.2774508498865914e-06
0.9367549564162774,-0.3151548090430642,0.2550157346801819,-0.08603532865729384,-0.17943753226627096,-0.09263784720547616,-0.004755273739084597,-0.0076702366978626734,-1.4509981454281747e-05,-0.006449695104265591,-0.0004858486284077327,6.123415734337182e-06
0.9358955493288892,-0.31694581510359315,0.25409664238915336,-0.0866409715878872,-0.17866018828318825,-0.09210872958764343,-0.0048174873153879845,-0.007674799287359377,-1.4428362901748667e-05,-0.006221295010978554,-0.0004562927880295454,5.9777009207203595e-06
0.9350300549083636,-0.31872903068678926,0.2531828946814004,-0.08724599860698168,-0.17787827134607204,-0.09157613840616514,-0.004877322376268929,-0.007679077914524385,-1.4349239637471099e-05,-0.00598344534803193,-0.0004278960428552733,5.83798463416406e-06
0.9341584790478097,-0.3205044095768674,0.25227452110513937,-0.08785038405124351,-0.1770920227159723,-0.09104008948402804,-0.0049348411883421385,-0.007683085076890843,-1.4272536439895597e-05,-0.0057518222931349505,-0.0004007490442294357,5.7040624404954705e-06
0.9332808279014372,-0.3222719079670066,0.2513715510676546,-0.08845410370305973,-0.1763016690360089,-0.09050062352214616,-0.0049901649793023225,-0.0076868359280575,-1.419815270807436e-05,-0.0055323219343881465,-0.0003751174100224395,5.576708539543393e-06
0.9323971078692515,-0.32403148428680445,0.2504740137457659,-0.08905713503891936,-0.1755074263760494,-0.08995777694086327,-0.005043342585955634,-0.007690346967635121,-1.4125969797959414e-05,-0.0053177051686402795,-0.000351135750801884,5.4565921106619714e-06
0.931507325579044,-0.3257830991360828,0.24958193805050663,-0.08965945714718705,-0.174709513042238,-0.08941157251233772,-0.005094324251353313,-0.007693632599225099,-1.405586325164144e-05,-0.005098112615520192,-0.00032859447285264835,5.344932387320783e-06
0.9306114878708666,-0.3275267153671283,0.24869535269810303,-0.09026105036806707,-0.17390815525213524,-0.08886202675945772,-0.005143062387730904,-0.00769670475780059,-1.3987714952111697e-05,-0.0048737611979783315,-0.00030724671480408344,5.24200201776319e-06
0.9297096017856046,-0.3292622981766038,0.24781428617727608,-0.09086189613508984,-0.17310357822672404,-0.08830917942333752,-0.0051896228602570345,-0.007699574771937903,-1.3921398585377661e-05,-0.004655996202692226,-0.00028703184376631526,5.148610634975492e-06
0.9288016743932539,-0.33098981492095036,0.24693878754394483,-0.09146197406514123,-0.17229598712892394,-0.08775101826652194,-0.005234214933814188,-0.007702220356286346,-1.3856968636205756e-05,-0.004459157740100946,-0.0002645884208917895,5.063865502626184e-06
0.9278877130775329,-0.332709235090805,0.24606889420956296,-0.09206126519261494,-0.17148556441732865,-0.08718875415442322,-0.0052770923555956785,-0.0077046758347509015,-1.3793655365946995e-05,-0.004287693406239086,-0.0002455777293928542,5.040543235714567e-06
0.9269677255446164,-0.3344205300299441,0.24520462117953168,-0.09265975638740613,-0.17067247541159813,-0.08662464246361586,-0.005318320428120289,-0.00770695889485144,-1.3731248859302153e-05,-0.004122759164206654,-0.00022833586632563477,5.03088526025623e-06
0.9260417194709939,-0.3361236726241353,0.2443460082516926,-0.09325743041837772,-0.16985687946932593,-0.08605622123106449,-0.0053579636176378275,-0.0077090542009505434,-1.3670124060519824e-05,-0.0039642718377045135,-0.00020956025275320074,4.993712369785551e-06
0.9251097026237876,-0.3378186373635743,0.2434931077282555,-0.0938542689046269,-0.1690389265381517,-0.08548227457304278,-0.005396197392896616,-0.0077109617636358435,-1.3610126728140594e-05,-0.0038233312688118215,-0.0001907857708383403,4.9737613125919e-06
0.9241716831526552,-0.33950540039449806,0.24264594094699776,-0.09445025768874651,-0.16821875262345562,-0.08490592528292171,-0.005433150647708082,-0.007712680541424347,-1.3551219662170834e-05,-0.003695280053941617,-0.00017190715442126539,4.959787484806308e-06
0.9232276694663242,-0.34118393929978896,0.2418045188208613,-0.09504538218701843,-0.16739647741422528,-0.0843282490231263,-0.005469016060335184,-0.007714244668312364,-1.3492707900189621e-05,-0.003586496130713428,-0.00015644225912752154,4.998300823774884e-06
0.9222776699269004,-0.34285423266541043,0.2409688764982289,-0.09563962817514933,-0.16657219252608096,-0.08374686641757557,-0.005504035803619115,-0.007715649145100298,-1.3434807346157928e-05,-0.003501929659224144,-0.00014047733112898265,5.019229982511404e-06
0.9213216931848988,-0.3445162600659538,0.2401390303348811,-0.09623298410673271,-0.16574597404961783,-0.08316367908250792,-0.005538344759144283,-0.0077169235149082555,-1.3376929191785673e-05,-0.003430850892855341,-0.00012746699297081602,5.083954673605572e-06
0.9203597478531904,-0.3461700017107904,0.23931501592845852,-0.09682543805256436,-0.16491788346287758,-0.0825767895391638,-0.005572084232247446,-0.007718055367674927,-1.3319375593324733e-05,-0.003373902894148569,-0.00011321550135803039,5.1263343949433715e-06
0.9193918428221752,-0.3478154385634841,0.23849684918547004,-0.09741697972699127,-0.16408797343853712,-0.08198818865971753,-0.0056053887177261895,-0.0077190686333161495,-1.3261610494199014e-05,-0.0033304039622734844,-0.00010135726398511408,5.209963117246176e-06
0.9184179869390434,-0.34945255199813624,0.2376845646407054,-0.09800759819235974,-0.1632562741511465,-0.08139605797442424,-0.005638513720313314,-0.007719950527540537,-1.3203953662411817e-05,-0.0033124557512106095,-8.822044203525006e-05,5.2696262570237315e-06
0.9174381893126888,-0.3510813237599598,0.23687817800024877,-0.0985972843407007,-0.16242279152503208,-0.08080231964593403,-0.005671712846995788,-0.007720728702204192,-1.3145841167289872e-05,-0.0033198678041785083,-7.784908418601987e-05,5.370919166060874e-06
0.9164524589987082,-0.35270173546407974,0.23607772275551092,-0.09918602897277896,-0.1615875021167303,-0.08020523818342816,-0.00570524661706261,-0.007721391495458105,-1.3087591517338708e-05,-0.0033533320325382435,-6.631138707259434e-05,5.447670562614741e-06
0.9154608052998388,-0.3543137685432922,0.23528321303963334,-0.09977382452970521,-0.16075036591360645,-0.07960676951843915,-0.005739260311330851,-0.007721963272623334,-1.3028650956607617e-05,-0.0034013239156046324,-5.721050650806893e-05,5.5666002645286285e-06
0.9144632375796892,-0.3559174039896861,0.23449466417374504,-0.1003606651253225,-0.15991133122934864,-0.07900681104278752,-0.00577387156810841,-0.007722455882004563,-1.2968811453791036e-05,-0.0034610794692426783,-4.929456771397615e-05,5.7001004469927844e-06
0.9134597652467165,-0.3575126222570155,0.23371209377298582,-0.1009465451910966,-0.15907033411274532,-0.07840515656077028,-0.005809242156003406,-0.007722876278572598,-1.2908007559522243e-05,-0.0035370118335178707,-4.2074165436421036e-05,5.836632439775728e-06
0.9124503977578144,-0.35909940312113353,0.2329355205875667,-0.10153145978149213,-0.15822729114746473,-0.07780172567321404,-0.005845601474734713,-0.007723232775056184,-1.2846181297277418e-05,-0.003635884125244898,-3.5685070549901914e-05,5.974592506476132e-06
0.9114351446181984,-0.360677725443449,0.23216496332567702,-0.10211540497830021,-0.1573820940353676,-0.07719655683943359,-0.0058831933737805075,-0.007723535310711752,-1.2783261518986916e-05,-0.003759141310145362,-3.0289942680760472e-05,6.114264065098876e-06
0.910414015370939,-0.3622475669009197,0.2314004404952011,-0.10269837785202833,-0.15653461248543163,-0.07658969431854927,-0.0059222029636087576,-0.007723791771042025,-1.2719185659504822e-05,-0.0039009094937752517,-2.568340695570448e-05,6.25590329261739e-06
0.9093870195877801,-0.3638089037887521,0.23064197030857808,-0.10328037601049249,-0.15568470322582106,-0.07598117866881213,-0.005962731875955708,-0.0077240043378325445,-1.2653940260519581e-05,-0.004052840840869872,-2.1295074220789882e-05,6.397913702560427e-06
0.9083541668700238,-0.3653617109393106,0.22988957030078846,-0.10386139702046482,-0.1548322171896266,-0.07537108384747748,-0.006004851437242598,-0.007724171980246269,-1.2587535338482104e-05,-0.004211904838074524,-1.680367514806397e-05,6.5398621061329895e-06
0.9073154668479868,-0.36690596168161105,0.2291432577786901,-0.10444143826100144,-0.15397699789947175,-0.07475944627269195,-0.006048683970448725,-0.007724295066087324,-1.2519989508244422e-05,-0.00438320114785661,-1.2349067415400724e-05,6.680078330568609e-06
0.906270929183007,-0.3684416277320483,0.22840304972141806,-0.10502049737860175,-0.15311887336173335,-0.07414632122740536,-0.0060944170809082415,-0.007724379232443928,-1.2451284685768521e-05,-0.004573257977355086,-8.458193508040533e-06,6.819048939089394e-06
0.9052205635595161,-0.3699686789843277,0.22766896290833066,-0.1055985727905938,-0.15225765146286876,-0.07353174952417098,-0.006142233838811034,-0.007724431379038918,-1.2381411809171384e-05,-0.004781621819085361,-5.257310856280871e-06,6.955043648105475e-06
0.9041643796795764,-0.37148708329507724,0.22694101342918835,-0.10617566356511753,-0.1513931255843424,-0.07291580641821362,-0.006192224449080998,-0.007724454857747578,-1.2310374828489597e-05,-0.0049990061564699475,-2.3916347670169556e-06,7.088871288226027e-06
0.9031023872572357,-0.3729968063852373,0.22621921675731266,-0.10675176877010012,-0.15052508677005363,-0.07229854502925612,-0.006244378890009617,-0.007724446147233113,-1.223824276326197e-05,-0.00521538837654153,8.261823393326462e-07,7.21826830344701e-06
0.9020345960241779,-0.3744978118813086,0.22550358769373827,-0.10732688684971183,-0.14965333113924265,-0.07168002211713834,-0.006298673151912383,-0.007724400196402349,-1.2165102909046286e-05,-0.005429369695853672,4.54912453049424e-06,7.342441386575017e-06
0.900961015732612,-0.37599006137398455,0.22479414108350507,-0.10790101578290111,-0.148777655557145,-0.07106023385801348,-0.006355160930176413,-0.00772431716218945,-1.2091050892297197e-05,-0.005648720628039853,8.25640471502817e-06,7.4573672580635075e-06
0.8998816561480476,-0.3774735143587292,0.2240908929603999,-0.1084741537974148,-0.14789784725924676,-0.07043907060654624,-0.006413960916466683,-0.007724203085880639,-1.2016172512960344e-05,-0.005879940793288415,1.1359593577696853e-05,7.5602941728278204e-06
0.8987965270446829,-0.37894812808374717,0.2233938600174889,-0.1090462999451142,-0.14701368116061425,-0.06981646900783456,-0.00647515050711635,-0.007724063509240222,-1.1940535453501532e-05,-0.006118900644383899,1.3908631269494568e-05,7.65327357384723e-06
0.8977056381328448,-0.38041385734893135,0.22270306898350797,-0.10961745269239505,-0.14612492922994966,-0.06919140565810669,-0.006538651186115609,-0.007723895643580346,-1.1864326649311444e-05,-0.00635000903912022,1.673662414375467e-05,7.7297195156194e-06
0.896608999231501,-0.38187065480701443,0.22201853164804583,-0.1101876121351258,-0.14523138175142183,-0.0685653459199786,-0.006604317141638704,-0.007723690417570347,-1.1787684738256204e-05,-0.0065665363586317835,2.047179463885135e-05,7.798659995195017e-06
0.8955066201582813,-0.38331847100247257,0.22134026271072335,-0.11075677561125849,-0.14433284272807687,-0.06793797353931476,-0.006672022414390989,-0.007723438933623752,-1.1710774985470246e-05,-0.006770467876660429,2.509678848830337e-05,7.85751452810573e-06
0.8943985107519109,-0.3847572545521676,0.2206682782875347,-0.11132493994131118,-0.14342912544026457,-0.06730913731569603,-0.006741753354022931,-0.007723140444346096,-1.1633706292074487e-05,-0.006973034444227054,2.979656926896764e-05,7.906658071632889e-06
0.8932846808031781,-0.3861869520417523,0.2200026062167654,-0.11189210131989992,-0.14252003911957897,-0.06667765618094001,-0.006813507430711345,-0.0077228007039703275,-1.1556587590216293e-05,-0.007175348113964002,3.3920991036053474e-05,7.941724793033514e-06
0.8921651401573634,-0.38760750813036354,0.21934326956752873,-0.1124582582391365,-0.14160539689736895,-0.06604398896829297,-0.006887215043044046,-0.007722422679204473,-1.1479539536029264e-05,-0.007370701735977833,3.774881091420665e-05,7.963353490381052e-06
0.891039898688484,-0.3890188655558398,0.2186902895082871,-0.11302340888132847,-0.14068502408237724,-0.06540828753901023,-0.0069626545395103006,-0.00772199919463958,-1.140274945594183e-05,-0.007543890351872997,4.22942664999112e-05,7.971852895885775e-06
0.8899089663008897,-0.39042096537354276,0.21804368626115303,-0.11358755015407943,-0.13975877430250605,-0.06477060049607192,-0.007039536935630001,-0.007721516959451648,-1.1326456044934443e-05,-0.00768818070441606,4.816892526896616e-05,7.966541398689819e-06
0.8887723529448889,-0.39181374730684704,0.2174034793478652,-0.11415067754488155,-0.13882652973153448,-0.06413096541252593,-0.0071176657468481844,-0.007720967341815488,-1.1250875508321323e-05,-0.007812822768809898,5.490688828267056e-05,7.946688188960367e-06
0.8876300687127882,-0.39319715011407586,0.21676967510962974,-0.11471278734488888,-0.13788818584087403,-0.06349069765466764,-0.007197063408988826,-0.007720353401336809,-1.1176090703254223e-05,-0.007939708480000503,6.133895122090056e-05,7.917481908190198e-06
0.8864821236952433,-0.3945711113163644,0.21614228726838441,-0.11527387463271499,-0.13694362594403534,-0.06284905457435377,-0.007277745350787196,-0.007719683094902646,-1.1102165425100518e-05,-0.008068137114330883,6.697538729328848e-05,7.877237563735096e-06
0.8853285279973488,-0.39593556716222134,0.21552133269193055,-0.11583393570252876,-0.13599273617711097,-0.06220569750314353,-0.0073595792085070985,-0.00771895755041764,-1.102922550518194e-05,-0.008183329472455684,7.249912525966345e-05,7.824576111089691e-06
0.8841692917456083,-0.3972904527535497,0.21490682981792347,-0.11639296665300314,-0.13503542434475557,-0.061560424273711674,-0.007442262650448788,-0.007718166325421401,-1.0957493742120101e-05,-0.008268288832825354,7.906724674174934e-05,7.758340212642738e-06
0.8830044251071641,-0.3986357024038786,0.21429879768426735,-0.11695096219759832,-0.13407163412257234,-0.0609131282323004,-0.007525468786000546,-0.007717295045048629,-1.0887220647522247e-05,-0.008320559325632545,8.707300803663602e-05,7.67895184007237e-06
0.8818339383153998,-0.3999712500393885,0.21369725500060166,-0.11750791577699558,-0.1331013393388012,-0.06026381470491734,-0.007609010515735125,-0.007716338174455198,-1.0818596446435785e-05,-0.008354120022804622,9.563239223415508e-05,7.586099314249431e-06
0.8806578416795738,-0.40129702939859097,0.21310221981528185,-0.11806382085132675,-0.13212452466249172,-0.05961254035240474,-0.007692841296676016,-0.007715302091995787,-1.075172080548645e-05,-0.00838302649946864,0.00010355404957116665,7.47986058641504e-06
0.8794761455746954,-0.4026129740215756,0.2125137095807247,-0.11861867194873195,-0.13114117466059,-0.05895935282899146,-0.007776896579824036,-0.007714195231392139,-1.0686673898069115e-05,-0.008405478138194655,0.00011063243847381325,7.360436236353949e-06
0.8782888604248901,-0.4039190172476226,0.2119317416254089,-0.11917246428272439,-0.13015128332092604,-0.05830423285970223,-0.00786094932748152,-0.007713015853161903,-1.0623612550765375e-05,-0.008405226128143298,0.00011788491283645158,7.227891728880932e-06
0.8770959967036008,-0.40521509244250725,0.21135633319161923,-0.11972519237637783,-0.1291548742527735,-0.05764714309994308,-0.007944643088669445,-0.007711750981209583,-1.0562776102987444e-05,-0.008369329204741687,0.0001264351696613515,7.0828660087681555e-06
0.8758975649521908,-0.40650113342083266,0.21078750120474418,-0.12027684914670145,-0.12815200936882631,-0.05698807729862682,-0.008027670549541331,-0.007710388345175989,-1.0504395484989417e-05,-0.008302701074703147,0.00013621263634660573,6.9259130114797475e-06
0.8746935758002121,-0.40777707481364317,0.21022526180076795,-0.12082742657890466,-0.12714277612542774,-0.05632709915281717,-0.008109902022096473,-0.007708928032694059,-1.0448595128347721e-05,-0.008223104240406159,0.0001459814723487087,6.7579703439352015e-06
0.8734840399669954,-0.4090428521862071,0.20966963010033043,-0.12137691727569734,-0.12612726674607755,-0.055664308927933795,-0.008191323643879894,-0.00770738091505461,-1.0395401156976796e-05,-0.008142121180510024,0.0001546632705773355,6.580044158260372e-06
0.8722689682437735,-0.4102984019816154,0.20912062054418956,-0.1219253152130403,-0.12510557148252757,-0.05499976577042818,-0.008271858466568855,-0.007705755523266557,-1.0344848692464206e-05,-0.008053443315032662,0.0001624920611990144,6.3928660158719445e-06
0.8710483714742883,-0.4115436615396205,0.2085782478530856,-0.1224726148674674,-0.12407779208108057,-0.054333414076162004,-0.008351263070722797,-0.007704047907905125,-1.0297068002900191e-05,-0.007940423605379191,0.00017071592645902104,6.197040645563427e-06
0.8698222605578979,-0.41277856936116464,0.20804252723597783,-0.12301880978527935,-0.12304406043446275,-0.053665170239000415,-0.008429216308755837,-0.007702245317963459,-1.025225187665083e-05,-0.00779528928507345,0.00018021504932627205,5.993720348310425e-06
0.8685906464709685,-0.4140030655018986,0.2075134738582918,-0.12356389209306244,-0.12200454102869082,-0.05299501751633147,-0.008505499785717493,-0.007700340147744359,-1.0210538110115886e-05,-0.0076283155751894266,0.00019047487335066785,5.784259988089439e-06
0.8673535402830734,-0.4152170918323292,0.2069911021305778,-0.12410785358694612,-0.12095941398821883,-0.052323031027330325,-0.008580070160551867,-0.007698338532298406,-1.0171937043233005e-05,-0.007457007766915197,0.00020012126628384116,5.569767667976307e-06
0.8661109531508681,-0.41642059204810933,0.2064754254668488,-0.12465068724560782,-0.11990885669742314,-0.0516493172744057,-0.00865294996610392,-0.007696254337349767,-1.0136385646109343e-05,-0.00728795319373714,0.00020838112646539517,5.3507288817781754e-06
0.8648628962956002,-0.4176135115773428,0.20596645676340425,-0.12519238756163453,-0.1188530426717173,-0.05097392399285123,-0.008724064253087865,-0.007694094940609562,-1.0103863268113436e-05,-0.007111403675100945,0.00021590326764936454,5.1281885473318145e-06
0.8636093809883293,-0.4187957976233991,0.2054642090253839,-0.12573294935160675,-0.11779215693531438,-0.05029682214571575,-0.008793200639322934,-0.007691854709411243,-1.0074446290284388e-05,-0.006913615996076894,0.00022398876304805332,4.903608987643608e-06
0.8623504185579438,-0.41996739941623884,0.2049686953767302,-0.12627236640587478,-0.11672640972795033,-0.049617981976080396,-0.008860133276751574,-0.00768952327616673,-1.0048236128824958e-05,-0.00669324358814116,0.00023311110868497658,4.678688295623481e-06
0.8610860204099672,-0.42112826850107554,0.20447992858337413,-0.12681063146934507,-0.115656032462186,-0.048937437322478544,-0.008924771880259943,-0.007687099229233676,-1.0025244875109368e-05,-0.00646384267687028,0.00024237466534374034,4.454510355458007e-06
0.8598161980331959,-0.42227835884388293,0.20399792063652014,-0.12734773759944026,-0.11458125938087076,-0.048255279369004145,-0.008987172541061435,-0.007684594569636639,-1.0005323972119719e-05,-0.006240050771423769,0.0002504380746859268,4.235087761132278e-06
0.8585409629757971,-0.4234176267180738,0.20352268412311442,-0.12788367936286854,-0.11350231368395876,-0.04757146398386406,-0.009047413578510698,-0.007682025479285898,-9.988232741096986e-06,-0.0060240906151548855,0.00025688317942237015,4.025595837962195e-06
0.8572603268243726,-0.4245460305746125,0.2030542320836709,-0.12841845301723145,-0.1124194104987149,-0.04688595054210362,-0.009105470170418128,-0.007679398166189596,-9.973824596332535e-06,-0.005805648126001539,0.00026270741077305684,3.825345351186426e-06
0.8559743011986326,-0.4256635310646328,0.20259257766361125,-0.12895205506295832,-0.1113327711425065,-0.046198724581202666,-0.0091612238591454,-0.0076767071358931965,-9.962062096404337e-06,-0.005575359842951133,0.0002690810631671302,3.633943446143927e-06
0.8546828977621578,-0.426770091203934,0.20213773389517076,-0.12948448108645894,-0.11024263130025286,-0.04550979801046184,-0.009214589891476568,-0.007673946424358771,-9.952904958850404e-06,-0.005336596206049942,0.0002760510878599608,3.4521284954924456e-06
0.8533861282333833,-0.4278656764997072,0.20168971362286645,-0.1300157261279185,-0.10914923300131207,-0.044819204023876916,-0.009265617364151615,-0.007671120735013041,-9.946210452143952e-06,-0.00510274213228109,0.000282550686429581,3.2803314734308894e-06
0.8520840043765279,-0.4289502548856032,0.20124853022757447,-0.13054578600618366,-0.1080528082301364,-0.04412691253499295,-0.009314453505061576,-0.007668244631559023,-9.94170024307006e-06,-0.004883610632813304,0.0002875937446895868,3.12286004824781e-06
0.8507765379813753,-0.4300237965255671,0.20081419791076788,-0.13107465826644066,-0.10695357100609411,-0.04343286193082131,-0.009361222766386651,-0.007665331782889132,-9.939091946607321e-06,-0.0046769241336538795,0.0002912697323590724,2.9807420216848244e-06
0.8494637408513882,-0.43108627366451924,0.20038673080097374,-0.1316023418431387,-0.10585172398523676,-0.04273707059797557,-0.009405954386844571,-0.007662385392425055,-9.938195282559246e-06,-0.0044731613593541105,0.00029462523348148595,2.8543908412349054e-06
0.8481456248039477,-0.43213766061404973,0.19996614246027836,-0.1321288356736139,-0.1047474700696017,-0.0420396020732135,-0.009448628062638131,-0.007659400549000791,-9.938901474512907e-06,-0.004267368121004284,0.000298471744589325,2.7432431574917475e-06
0.846822201678207,-0.4331779338094038,0.19955244606657035,-0.13265413791536856,-0.10364101554801054,-0.041340507483019796,-0.009489281499365747,-0.0076563755488343035,-9.941074198250739e-06,-0.004065345337152536,0.0003024885128211683,2.647059913089477e-06
0.8454934833367117,-0.43420707178818413,0.19914565494733727,-0.13317824659923824,-0.10253256078567503,-0.040639794072983806,-0.009528060204520678,-0.0076533194881247294,-9.944464603655056e-06,-0.0038778731112577704,0.0003055954791419449,2.5668484696892287e-06
0.8441594816547842,-0.43522505502613074,0.19874578267455167,-0.13370116098853177,-0.10142228809383409,-0.03993746329968429,-0.009565162617861608,-0.0076502481706514774,-9.948746487539038e-06,-0.003710244610891527,0.00030712183939681436,2.5038665654300395e-06
0.8428202085037819,-0.4362318657066364,0.19835284260066988,-0.13422288217111786,-0.10031035841369584,-0.03923355842865636,-0.009600746917326345,-0.007647173297520638,-9.95362006195186e-06,-0.0035584336744691057,0.0003074778646095001,2.4592711051745684e-06
0.8414756757398775,-0.43722748754978547,0.19796684733836797,-0.13474341231819803,-0.09919691835216779,-0.03852816799636107,-0.009634897727716966,-0.007644096141916204,-9.958891276349758e-06,-0.003415085069532528,0.0003077063979021662,2.432426304999377e-06
0.8401258952054236,-0.4382119057454426,0.19758780860824288,-0.1352627533923019,-0.09808210859363206,-0.03782139419989011,-0.009667681185908843,-0.007641013145777653,-9.964418899887874e-06,-0.0032783500439568483,0.00030829058998693633,2.4227221525012288e-06
0.8387708787342377,-0.4391851069129094,0.19721573758168076,-0.13578090677413854,-0.09696606407714295,-0.03711330969458977,-0.009699222931164436,-0.007637926169785639,-9.970018057895078e-06,-0.0031541788032393853,0.00030868854785752795,2.4293384746738018e-06
0.8374106381483544,-0.44014707897880645,0.1968506454333855,-0.1362978740911147,-0.09584890564360041,-0.03640393719284866,-0.009729724476689098,-0.00763484667589629,-9.975402468188019e-06,-0.003050158664406091,0.0003079400887760913,2.4531192643473566e-06
0.8360451852459556,-0.44109781095762546,0.1964925431387958,-0.13681365841297038,-0.09473073192043889,-0.035693319789055655,-0.009759405124036655,-0.007631789313342967,-9.980251236542044e-06,-0.00296806843615509,0.00030572646435201315,2.4943799133197677e-06
0.8346745317849951,-0.4420372927082515,0.19614144116819907,-0.1373282644115966,-0.09361161922603378,-0.03498152619845772,-0.009788434933847819,-0.007628762271235875,-9.984307408995404e-06,-0.002902984076263075,0.00030269371655690055,2.5529735785328117e-06
0.8332986894761286,-0.4429655147595758,0.19579734910059676,-0.13784169743067284,-0.09249162856560665,-0.034268658551165905,-0.009816924750376665,-0.0076257648750206,-9.987411310670621e-06,-0.0028489840204821253,0.0002997282628217999,2.6278382624416783e-06
0.8319176699855207,-0.44388246821673566,0.19546027565720642,-0.1383539624430107,-0.09137081208373032,-0.03355481482935263,-0.009844980102429686,-0.007622794556274404,-9.989435466133493e-06,-0.002805536748745632,0.0002970195108984193,2.717659310111686e-06
0.8305314849386274,-0.444788144674409,0.19513022905320265,-0.13886506399648962,-0.09024921219971653,-0.032840061036319,-0.009872758062744312,-0.0076198553551915585,-9.990200220355335e-06,-0.0027777966144793666,0.0002939065782355336,2.8212034423410872e-06
0.8291401459149537,-0.44568253605877123,0.19480721735283518,-0.13937500713034867,-0.08912685469565924,-0.03212443022689344,-0.009900466339891913,-0.007616959105319974,-9.989448618354229e-06,-0.0027708271423422894,0.0002896100895438371,2.938517630810225e-06
0.8277436644347564,-0.4465656344016987,0.19449124832183562,-0.1398837983020198,-0.08800374337799355,-0.0314079685385605,-0.009928307665333652,-0.0076141180063014485,-9.98692673750452e-06,-0.002784130623823881,0.00028409343851638615,3.0688977509502296e-06
0.8263420519461933,-0.4474374316200675,0.19418232904355312,-0.1403914452796019,-0.08687986193798496,-0.030690755406243633,-0.009956427531117232,-0.00761133677389453,-9.982464593914806e-06,-0.0028119831816664116,0.0002781050582709656,3.2113373157502387e-06
0.8249353198214187,-0.4482979193693972,0.19388046573643458,-0.1408979561237841,-0.08575518128539719,-0.029972884093620998,-0.009984917295014016,-0.007608612777770959,-9.975982369250964e-06,-0.0028489714569621453,0.0002723796093678651,3.3641337757038843e-06
0.8235234793609829,-0.4491470889699904,0.1935856639188296,-0.1414033383464591,-0.08462966533475973,-0.02925443093595394,-0.010013869370724375,-0.007605943798880803,-9.967415082929558e-06,-0.00289520105392799,0.00026687597950368435,3.525433510582822e-06
0.82210654178403,-0.4499849312993774,0.19329793127355452,-0.1419075986399102,-0.0835032693225433,-0.0285351865458989,-0.010043415152762698,-0.007603341795501295,-9.956931596686162e-06,-0.002954570231807262,0.00026017674040518045,3.6576779608787398e-06
0.8206845182471109,-0.4508114367317389,0.19301727181210446,-0.14241074617381488,-0.08237593555983165,-0.02781552876763371,-0.010073733762504374,-0.007600815645005709,-9.944248902680307e-06,-0.0030318513330087316,0.0002525895141431613,3.8090730360395133e-06
0.8192574197784168,-0.45162659485654694,0.19274369504802752,-0.14291278968439292,-0.08124758735106932,-0.02709491890699707,-0.010105027167148685,-0.007598373949949886,-9.92911257189908e-06,-0.0031293289617990994,0.00024414180710744936,3.9769895760984495e-06
0.8178252573635492,-0.4524303943701977,0.19247720056901632,-0.1434137407803428,-0.08011812598668748,-0.026374349740853436,-0.010137353505453249,-0.00759601614861039,-9.911453879388821e-06,-0.0032326204152140553,0.00023575018572481523,4.152062718681749e-06
0.8163880418446633,-0.4532228228977308,0.192217794172745,-0.1439136087714052,-0.07898745160360658,-0.02565320006487655,-0.01017076238874433,-0.007593736925733883,-9.891268058442094e-06,-0.0033408729986824726,0.00022789004197444607,4.3327161650687225e-06
0.8149457839856606,-0.45400386703856443,0.19196547888999785,-0.14441240334465785,-0.07785546007525936,-0.024931745498931804,-0.010205299813898326,-0.00759153353555419,-9.868563017600729e-06,-0.003453725276799674,0.00022030445204984842,4.515102744025614e-06
0.8134984944660264,-0.45477351232422847,0.19172025679205548,-0.1449101336277751,-0.07672204384953603,-0.02421008315978951,-0.010241059302884888,-0.007589411182877725,-9.843286540085957e-06,-0.003575929713182438,0.00021219833765848698,4.697124311305572e-06
0.812046183871729,-0.4555317431121726,0.1914821294805145,-0.14540680936977998,-0.07558708506662663,-0.02348826145110871,-0.010278153723218374,-0.007587379352554962,-9.815364326517067e-06,-0.0037094208454992897,0.00020314369316370287,4.87653540759732e-06
0.8105888626822755,-0.4562785424434145,0.19125109814175717,-0.14590244144450834,-0.07445045324277395,-0.022766319225847542,-0.01031664188909501,-0.007585443167686804,-9.784783869698734e-06,-0.0038487933887691246,0.00019357673318836513,5.051526902627032e-06
0.8091265412633628,-0.4570138919633931,0.19102716359599392,-0.1463970412169165,-0.07331201222760801,-0.022044284551093758,-0.010356490628782944,-0.007583599147903094,-9.75164622849616e-06,-0.003984848836247291,0.00018435787597005242,5.219541112874115e-06
0.8076592298705436,-0.4577377719653836,0.19081032650761254,-0.146890619451992,-0.07217163132219807,-0.021322161852619814,-0.010397620372618878,-0.007581839928628465,-9.716108065723047e-06,-0.004112947436839407,0.00017587557923344992,5.379041616531957e-06
0.8061869386568741,-0.4584501614964902,0.19060058793150275,-0.14738318586316726,-0.07102918999490739,-0.020599903285304203,-0.010439989177908525,-0.007580163391152876,-9.678301712647748e-06,-0.0042368518688704355,0.00016760526028963938,5.5270415444238296e-06
0.8047096776704228,-0.45915103840411037,0.19039795032852663,-0.14787474981271426,-0.06988457198688083,-0.01987736312239216,-0.01048362161951287,-0.007578575522255534,-9.638254726505434e-06,-0.004363213808326925,0.00015873630587867106,5.665531677499833e-06
0.8032274568490514,-0.4598403792975447,0.19020241715818054,-0.14836532151346535,-0.06873765670201226,-0.019154436484897504,-0.010528550986404974,-0.00757708417442718,-9.595968238755118e-06,-0.0044929046462923485,0.00014908212790424363,5.795088075071508e-06
0.8017402860113676,-0.4605181594823227,0.19001399256578358,-0.14885491217708754,-0.0675883182363518,-0.018431045067542316,-0.010574730705820792,-0.007575690643422642,-9.551512753668374e-06,-0.004617938261526949,0.00013929843736136424,5.915550033905419e-06
0.8002481748560083,-0.46118435299542726,0.18983268112906299,-0.14934353312761522,-0.06643643560231037,-0.017707130676100687,-0.010622013783987829,-0.007574387948503396,-9.505067003847247e-06,-0.004728272635083005,0.00013021295313622494,6.0247996073699665e-06
0.7987511329735175,-0.46183893278404264,0.18965848743661992,-0.14983119480996762,-0.0652819051631025,-0.01698267708333541,-0.010670233289872792,-0.007573167316726028,-9.45683982812674e-06,-0.004821914063590357,0.00012200491971459602,6.1217810831135e-06
0.7972491698598819,-0.46248187091227044,0.18949141590241908,-0.15031790658994604,-0.06412464211247983,-0.016257691172909428,-0.01071929387966398,-0.007572026713567546,-9.406986610525788e-06,-0.004906021228629695,0.00011400047865693057,6.2047185869157395e-06
0.7957422949202293,-0.4631131386650512,0.1893314706449293,-0.15080367767503827,-0.06296457047947751,-0.0155321959971384,-0.01076917429233907,-0.007570971463736575,-9.355590481225679e-06,-0.0049880023543403115,0.000105463673803123,6.272932275110114e-06
0.7942305174596727,-0.4637327065340982,0.1891786557153673,-0.15128851799873735,-0.06180161334645692,-0.014806190682129171,-0.010819834597866056,-0.007570006808532483,-9.30273961116289e-06,-0.005065990543470359,9.640285319691166e-05,6.3259049246577655e-06
0.792713846674189,-0.4643405442189784,0.1890329752274158,-0.15177243818374997,-0.06063569541324288,-0.014079656324371971,-0.010871129591607947,-0.007569130190582088,-9.248607796463805e-06,-0.005129458400257013,8.759793380240818e-05,6.363423830750499e-06
0.7911922916536236,-0.4649366207729902,0.18889443325740543,-0.15225544853897832,-0.05946675661363716,-0.013352580690421723,-0.010922826169245364,-0.007568331827384795,-9.193450692730806e-06,-0.005169616018363755,7.977147809263881e-05,6.385182316914846e-06
0.7896658613965511,-0.46552090487947795,0.18876303352564697,-0.1527375581703356,-0.05829476321292564,-0.012624985907999852,-0.010974712831119624,-0.007567603010524924,-9.137520004936047e-06,-0.005188623860831494,7.281608344545816e-05,6.3905222281643555e-06
0.7881345647899733,-0.4660933650131073,0.18863878441873916,-0.15321877451350915,-0.05711970199607719,-0.011896394632284694,-0.011026622731755586,-0.007566941532260195,-9.081050855280033e-06,-0.005190947333426931,6.608170730203635e-05,6.374067207678266e-06
0.7865984106682165,-0.46665396973436707,0.1885216900013568,-0.1536991059931536,-0.05594157784354927,-0.011167233497887516,-0.011078478871223521,-0.00756635131248013,-9.024188201223283e-06,-0.005185570922405882,5.8955528375191284e-05,6.338085455852937e-06
0.7850574077881135,-0.46720268768482265,0.1884117528573129,-0.15417856132859784,-0.054760398387079835,-0.01043764379134107,-0.011130167789176575,-0.007565833702506625,-8.967085296560871e-06,-0.005168848592282266,5.169440038633721e-05,6.284534019764306e-06
0.7835115648198372,-0.46773948765933715,0.18830897496706175,-0.15465714941124767,-0.05357618009599127,-0.009707675398101797,-0.011181473310535707,-0.007565382082623852,-8.909979421442975e-06,-0.005130508933385001,4.509547491881539e-05,6.213877334706752e-06
0.781960890354184,-0.46826433883911994,0.18821335774710488,-0.15513487835248785,-0.052388962533420416,-0.00897737401670593,-0.01123213561170466,-0.007564985147127198,-8.853151191805311e-06,-0.005066187126789943,3.9627373968174473e-05,6.127132039049472e-06
0.7804053929174517,-0.4687772110973214,0.1881249020161693,-0.1556117548673679,-0.051198814417733315,-0.00824679342556157,-0.011281966569859626,-0.007564635462000692,-8.79683030415287e-06,-0.004983053211250739,3.49028995014638e-05,6.025204797113276e-06
0.7788450809784428,-0.4692780752048589,0.1880436083825284,-0.15608778475832805,-0.05000582407828613,-0.0075159542656074345,-0.011330890415769328,-0.007564333300384281,-8.741148402021345e-06,-0.004892342471860046,3.0151277122093007e-05,5.909304606149456e-06
0.7772799629457987,-0.46976690287958406,0.18796947742828796,-0.15656297397654292,-0.04881008450406071,-0.006784860421800336,-0.011378866472651551,-0.00756408206424652,-8.68619133435039e-06,-0.004797564118871181,2.505959421008611e-05,5.780464719481567e-06
0.7757100471610828,-0.47024366678324875,0.18790250981426532,-0.15703732904907483,-0.04761168881079153,-0.0060535028184295825,-0.011425782554025167,-0.007563880586543177,-8.63208371230359e-06,-0.0046915672117082375,2.0084768452832996e-05,5.639982138537259e-06
0.7741353419010636,-0.4707083406244855,0.18784270588420554,-0.15751085654006838,-0.046410740109250885,-0.005321909587002802,-0.011471435908426827,-0.007563720454092703,-8.57901978027069e-06,-0.004565295304842247,1.5951447872397244e-05,5.489219050986332e-06
0.7725558553898848,-0.4711608993948479,0.18779006536375722,-0.1579835620415957,-0.045207364170931214,-0.004590140474330641,-0.01151562238862394,-0.00756359154429207,-8.52721000997874e-06,-0.004418608833675704,1.2830583922633264e-05,5.328646232157432e-06
0.770971595812301,-0.47160131961287294,0.1877445873056573,-0.15845544991384292,-0.044001710125923875,-0.0038582654644092255,-0.011558233910542287,-0.0075634888337567435,-8.476794836863575e-06,-0.004261114061124463,1.0212209331258234e-05,5.159531384514862e-06
0.7693825713183052,-0.47202957943510965,0.18770627029214973,-0.15892652393622841,-0.04279393780872004,-0.0031263381486592258,-0.011599258596173308,-0.007563413466245772,-8.427826245604102e-06,-0.004102431526875648,7.479549287559536e-06,4.983655000460915e-06
0.7677887900177258,-0.47244565863044485,0.18767511282803678,-0.15939678813041486,-0.04158420488685416,-0.002394372988889829,-0.011638689359068042,-0.007563367189793035,-8.38033169521451e-06,-0.003943040368344163,4.572151936217934e-06,4.8027658980186065e-06
0.7661902599765714,-0.47284953855462986,0.18765111327868997,-0.15986624691781937,-0.04037266650361158,-0.0016623885872354034,-0.011676446609118873,-0.007563346586579025,-8.33437963280705e-06,-0.0037756902506783227,2.0066152217279342e-06,4.618780372808587e-06
0.7645869892264394,-0.4732412022457286,0.18763426903705394,-0.1603349044158421,-0.03915948617998909,-0.0009304861005480959,-0.011712406512269862,-0.007563345480673711,-8.290091836802047e-06,-0.0035959568194125855,5.879359339285965e-08,4.429643365802017e-06
0.7629789857613306,-0.4736206345530866,0.18762457799027832,-0.16080276397166093,-0.03794484166352066,-0.00019862217862216222,-0.01174646952684051,-0.0075633551056458895,-8.247549424805957e-06,-0.003406269281385292,-1.0123282960833281e-06,4.24253759091315e-06
0.7613662575556606,-0.47398782227801795,0.18762203763696025,-0.1612698278196469,-0.0367289235034981,0.0005331550296093123,-0.011778632550074475,-0.0075633730897745645,-8.206799598767444e-06,-0.0032162715033902368,-1.8462181716340168e-06,4.053430724855638e-06
0.7581266586949533,-0.47468542075568065,0.18763840224970474,-0.16220157645353397,-0.03429401678633127,0.001996672532581493,-0.011837467530497272,-0.0075634377264127625,-8.130745794042962e-06,-0.0028514672728868315,-3.7352026459458986e-06,3.6665268867044518e-06
0.7564998038525628,-0.4750158144410716,0.18765730603816813,-0.16266626577664978,-0.033075384764671284,0.0027285689821452265,-0.011864157968876882,-0.007563479425668684,-8.095518967172179e-06,-0.0026690171947091647,-4.211377261776861e-06,3.4729187221485575e-06
0.7548682559104841,-0.4753339293898303,0.18768335649319817,-0.16313016784782058,-0.03185620238994207,0.003460498309908646,-0.011888960736550169,-0.007563520797966233,-8.062201373745314e-06,-0.0024802515679344618,-4.1765057509191236e-06,3.282294177287496e-06
0.753232022724994,-0.4756397616762874,0.187716554065338,-0.1635932837975045,-0.030636656591213375,0.004192589248523416,-0.011911868052672728,-0.007563557536873625,-8.030798325278603e-06,-0.0022907078607639865,-3.710999572442096e-06,3.0962728773190926e-06
0.7515911121265666,-0.47593330928736677,0.18775690210624907,-0.16405561403973926,-0.02941693843790021,0.004925119192030473,-0.011932988611138213,-0.007563587732128179,-8.001221688781229e-06,-0.002112033476336246,-3.0545715429114967e-06,2.921369627850345e-06
0.7499455319674685,-0.4762145720439222,0.18780439956842157,-0.16451715973492864,-0.028197222602287592,0.005657637476974716,-0.011952404680394177,-0.007563613044714943,-7.973368729134302e-06,-0.0019415858589908444,-2.5643403685503106e-06,2.754788336033789e-06
0.7482952900688004,-0.47648355144737764,0.18785904884280522,-0.1649779214325503,-0.026977678160222642,0.006390476415443914,-0.011970223557200106,-0.007563631210787512,-7.947131004287034e-06,-0.001781867835602922,-1.8478594254409527e-06,2.601781254484889e-06
0.7466403942563036,-0.47674025060444436,0.18792085037216139,-0.16543790019973592,-0.025758460194915362,0.007123431110075906,-0.011986504337106844,-0.007563637478358903,-7.922420051694001e-06,-0.001628059300427011,-6.563102997815822e-07,2.4633399595551187e-06
0.7449808523575432,-0.47698467416805823,0.18798980396432907,-0.16589709641042386,-0.024539719606703835,0.007856428250317947,-0.012001304717216863,-0.007563626458280725,-7.899150963667707e-06,-0.001480020411314725,1.0740213003527253e-06,2.3398919426807833e-06
0.7433166722050305,-0.47721682828898776,0.18806590932769,-0.1663555097187219,-0.02332160361433872,0.008589447783198725,-0.012014723134739724,-0.007563594832719584,-7.877211042186045e-06,-0.0013418251579624977,3.1359840067643497e-06,2.231746324489927e-06
0.7416478616411697,-0.47743672051914465,0.188149165849117,-0.1668131394379038,-0.022104250133356595,0.009322447633673524,-0.01202689506878258,-0.007563541780773653,-7.856452725604042e-06,-0.00121717770375518,5.279859436903123e-06,2.139393504903845e-06
0.7399744287310721,-0.4776443604222714,0.18823950397486705,-0.1672700197757715,-0.020887774289436972,0.010048456536661936,-0.012037797337563447,-0.007563041763607862,-7.841515476408735e-06,-0.0010902155807277904,4.998012499751989e-05,2.0951975198164507e-06
0.7382963819402212,-0.47783975871476353,0.1883368639445603,-0.16772610701969237,-0.019672300454730767,0.010768403120469953,-0.012047453003584542,-0.007561837303784748,-7.835902969723909e-06,-0.0009655623577345069,0.0001204304900139835,2.011644682614938e-06
0.7366137303225038,-0.47802292716657935,0.1884412003981636,-0.16818133485694253,-0.018457948965379,0.011483691249257176,-0.012055900008570503,-0.007559761493978422,-7.842016261181626e-06,-0.000844705120694443,0.00020757327313647767,1.890370990336348e-06
0.7349264836849713,-0.47819387858920787,0.18855248030967758,-0.16863562189943437,-0.01724483688889078,0.012195526309515339,-0.012063199030833355,-0.0075566992812465495,-7.861374201294496e-06,-0.0007299168573259784,0.000306222349731986,1.7572031369911747e-06
0.7332346527259253,-0.47835262682645036,0.18867067913579277,-0.16908887570427872,-0.016033076350687053,0.012904734359370425,-0.012069443001487969,-0.007552572751863147,-7.894913835796691e-06,-0.0006244224031956402,0.00041266336624013513,1.6254584087214695e-06
0.7315382491344002,-0.47849918669066926,0.18879577799290298,-0.1695409958156097,-0.0148227701932157,0.013611864440348434,-0.012074740420403214,-0.007547334420534973,-7.943120876323218e-06,-0.0005297782872719625,0.000523853155678272,1.5033926228392322e-06
0.7298372856488881,-0.47863357386297484,0.1889277623490503,-0.1699918767170375,-0.013614009943230221,0.014317339048208677,-0.012079195081691012,-0.007540958276780217,-8.006109233666914e-06,-0.00044551364766871274,0.0006376439438340355,1.4020639075252681e-06
0.7281317760892521,-0.4787558047986188,0.18906662104204505,-0.17044141039398247,-0.01240687659773196,0.015021484566478746,-0.01208289953185531,-0.007533426308906307,-8.083756003381296e-06,-0.0003705035397392587,0.0007532356233705729,1.3352948670109048e-06
0.7264217353848917,-0.4788658966586451,0.18921234438586787,-0.17088948753879982,-0.011201442204815101,0.015724438073912366,-0.012085940066197075,-0.00752471741105529,-8.175980469738179e-06,-0.00030412286998445084,0.0008709376385157232,1.3024297402343153e-06
0.7247071796046045,-0.47896386723710427,0.18936492326544915,-0.17133599657442944,-0.009997770732905328,0.016426246764333404,-0.01208840520961199,-0.007514811565718177,-8.28273132809565e-06,-0.0002465946148659132,0.0009906411973443136,1.299070488762996e-06
0.7229881259835449,-0.4790497348638164,0.1895243500033212,-0.1717808221841044,-0.008795917840767943,0.017127049381918447,-0.012090391248998132,-0.007503714675430191,-8.403528866846452e-06,-0.0001986946478137959,0.0011097539665846019,1.3366152156338768e-06
0.7212645929203833,-0.4791235183017556,0.1896906185810593,-0.1722238486114615,-0.007595929447924287,0.017827012648315464,-0.0120919942510658,-0.007491462903340548,-8.537435682789533e-06,-0.00016040060365169793,0.001225249552305239,1.424166406067937e-06
0.7195365999379177,-0.47918523664938917,0.18986372450620323,-0.17266496376721438,-0.006397841688199358,0.01852629323542253,-0.012093303628877573,-0.007478106999673867,-8.68329201870712e-06,-0.00013104695048875994,0.0013356690844548817,1.5662731722085279e-06
0.7178041676273049,-0.47923490925489437,0.19004366450470433,-0.17310406131263872,-0.005201681899638997,0.019225017009603138,-0.012094403610237114,-0.007463693290625881,-8.840000934083948e-06,-0.00011011521053073755,0.0014414550092802139,1.7619955730067656e-06
0.7160673176035568,-0.4792725556229019,0.19023043890297994,-0.17354103687655761,-0.00400747187697249,0.019923553590092333,-0.01209541571630512,-0.007448297303702029,-9.005659016717691e-06,-0.00010133412024501841,0.0015396864337752865,2.056716924603453e-06
0.7143260724485092,-0.4792981953480371,0.19042404356165177,-0.17397579834601098,-0.002815216294023923,0.020621460678091563,-0.012096401946045186,-0.007431957814355305,-9.179775172539801e-06,-9.875251745233111e-05,0.001634040002156512,2.353755435762183e-06
0.7125804556613632,-0.47931184799484083,0.1906244767874748,-0.17440825252963285,-0.0016249164099557737,0.021318993870902078,-0.012097428432035488,-0.007414749229660463,-9.361262146941315e-06,-0.00010278332198963199,0.0017209520916934163,2.669701704307416e-06
0.7108304915856835,-0.47931353303855934,0.19083173833669215,-0.17483831356718516,-0.00043656645034601254,0.022016313769002368,-0.012098556965763667,-0.007396769223150185,-9.54876472316481e-06,-0.00011299223144269428,0.0017980959024362923,3.003296798289452e-06
0.7090762053014311,-0.4793032698035229,0.19104582922173835,-0.17526590637849263,0.000749845716518069,0.022713561464902915,-0.012099842577947061,-0.007378110861145712,-9.741086382971763e-06,-0.00012870329351940098,0.0018659323134862953,3.344340593369025e-06
0.7073176225269289,-0.47928107741597215,0.19126675105049493,-0.17569096643149568,0.0019343376922728254,0.023410808714878818,-0.012101335179486798,-0.007358845455530599,-9.93735902300734e-06,-0.00014940477573305164,0.0019266370063704297,3.686412100411685e-06
0.7055547695525689,-0.47924697475712624,0.19149450570604262,-0.17611343605400237,0.0031169321461473097,0.024108094325049796,-0.012103078952967247,-0.007339036447924698,-1.0136870077170181e-05,-0.0001745239662206836,0.001980997137675334,4.0235803117406e-06
0.703787673189214,-0.4792009804211049,0.19172909509701366,-0.17653326223575241,0.0042976562897702065,0.0248054361312943,-0.012105111382479952,-0.007318767701299929,-1.0338712275127298e-05,-0.00020339087811662113,0.0020269704857393627,4.350685554454534e-06
0.7020163606894484,-0.4791431126777655,0.19197052109077986,-0.1769503988919004,0.005476541193246378,0.025502850990976447,-0.012107463085328854,-0.007298153086990399,-1.054165932618194e-05,-0.00023531860661810114,0.002061556047687383,4.663358651291849e-06
0.7002408596255665,-0.479073389442971,0.19221878545234408,-0.17736481169481588,0.006653621033800381,0.026200351237944158,-0.012110158826454219,-0.007277313015602849,-1.074443960165014e-05,-0.0002697218920804596,0.0020840998889753476,4.958229311308912e-06
0.698461197755365,-0.47899182825354564,0.19247388974203772,-0.17777648019200082,0.007828932765994182,0.026897934626751677,-0.01211321475908555,-0.007256341292582941,-1.0946167787205406e-05,-0.00030573985422912734,0.002097262798183195,5.228866690145139e-06
0.6966774029230206,-0.478898446248939,0.19273583547598447,-0.17818539430775748,0.009002515161579969,0.027595609765204112,-0.012116638731010564,-0.007235301184701253,-1.114635277341346e-05,-0.0003425422416946079,0.002104098896126488,5.472808938638608e-06
0.694889503005099,-0.47879326016501084,0.1930046239961514,-0.1785915493714995,0.010174407951329928,0.02829337182491459,-0.012120431338518005,-0.007214252853977364,-1.1344551793007166e-05,-0.0003794039438742006,0.0021049186936651304,5.6889396215180414e-06
0.6930975258622611,-0.4786762863360011,0.1932802563718321,-0.1789949446975302,0.011344650892173775,0.028991210829497877,-0.012124589498613619,-0.0071932822379147604,-1.1540011093883763e-05,-0.00041595681268075867,0.0020971444549029473,5.877041738566251e-06
0.6913014992536869,-0.4785475406983755,0.19356273342282357,-0.17939558720461066,0.012513283386038684,0.029689123478552112,-0.012129108364636142,-0.007172498704662861,-1.1731704407231299e-05,-0.0004520242922782062,0.0020784329572317707,6.035831701875522e-06
0.6895014507154809,-0.47840703879505003,0.19385205573318595,-0.17979349592648577,0.013680344524961273,0.03038710641540879,-0.01213397924073508,-0.007152002680783079,-1.1918710886070889e-05,-0.0004872215474775876,0.002049678421796441,6.165439082161126e-06
0.68769740744808,-0.47825479578156277,0.19414822371828644,-0.18018870192270747,0.014845872990243899,0.031085156693446903,-0.012139184985575032,-0.007131859344712877,-1.2100522710882417e-05,-0.0005207043316435651,0.002014405903014492,6.267145231173202e-06
0.6858893962524244,-0.47809082644355166,0.19445123756197844,-0.1805812433515748,0.016009906131519827,0.03178326012515701,-0.012144699282283742,-0.007112107022317966,-1.227695035627879e-05,-0.000551555321282422,0.0019753008470381156,6.341549625258892e-06
0.6840774435044036,-0.47791514522747636,0.19476109707403824,-0.1809711607246875,0.01717247856456985,0.032481389217009986,-0.012150493090834715,-0.0070927900536388025,-1.2447712492212947e-05,-0.0005795021370076158,0.0019317617698023713,6.39037337865543e-06
0.6822615751200802,-0.4777277662736754,0.19507780162074143,-0.18135849708254984,0.018333621646046242,0.03317951427383306,-0.012156541022582868,-0.007073979057816093,-1.261219680510219e-05,-0.0006049096844065825,0.0018811605536925514,6.414609137341305e-06
0.680441816481508,-0.47752870342074394,0.19540135165387357,-0.18174330060902721,0.019493364620063555,0.03387776379392598,-0.012162813817409867,-0.007055774128577041,-1.276952570502178e-05,-0.0006273906327034767,0.001820549636002982,6.404726904355773e-06
0.6786181923295584,-0.47731797027194955,0.19573174578624486,-0.18212563303976642,0.02065173377273143,0.0345759683139277,-0.012169281465984257,-0.007038245020546391,-1.2919071630926498e-05,-0.0006468702417263589,0.0017529630074557489,6.372355686089124e-06
0.6767907266832265,-0.4770955802089789,0.1960689818965634,-0.18250556461957448,0.021808753062545892,0.03527406129286812,-0.012175905650738018,-0.0070214211350261985,-1.3060632079811221e-05,-0.0006625179891916551,0.001682436219407974,6.323879939927047e-06
0.6749594428150515,-0.4768615464277657,0.19641305744331924,-0.18288316845660307,0.022964442783248527,0.035972003663307626,-0.012182642916537615,-0.007005312085700046,-1.3194207280178218e-05,-0.0006738202603790628,0.001610948134445969,6.262967104451426e-06
0.6731243632531176,-0.4766158819856505,0.196763969563287,-0.18325851694839243,0.024118818317223175,0.03666976814392947,-0.012189455406081434,-0.006989938739007668,-1.3319620839995298e-05,-0.0006813367133798697,0.0015373733458048597,6.193454425347392e-06
0.6712855097648937,-0.476358599841103,0.19712171521541602,-0.18363168316491615,0.02527189058886213,0.03736734578242215,-0.012196316546581952,-0.006975342935002182,-1.3436414542695662e-05,-0.000686195602239795,0.0014596143048253563,6.117839032802409e-06
0.6694429033085029,-0.4760897128774043,0.19748629136297685,-0.18400274475550984,0.026423667794289195,0.03806474616021341,-0.012203205516020806,-0.006961567810348507,-1.3544076077998613e-05,-0.0006889719667410833,0.0013775412942605384,6.039815054388394e-06
0.6675965639806146,-0.4758092339208433,0.19785769490090996,-0.1843717854387987,0.027574156668069966,0.038761967001800735,-0.012210096227410755,-0.006948632558474938,-1.364234292281661e-05,-0.000689139484025072,0.0012935487644724043,5.9635035090322115e-06
0.6657465109965717,-0.4755171757668076,0.1982359225400142,-0.1847388919797351,0.028723361916408334,0.03945898923177605,-0.012216953461846803,-0.006936530211488967,-1.373123905248253e-05,-0.0006857851599729205,0.0012102530024647648,5.8921283535508e-06
0.6638927627057026,-0.47521355121925524,0.19862097076313967,-0.1851041498826863,0.029871284461585306,0.04015578812457792,-0.012223741863969642,-0.006925248285515941,-1.381082882883948e-05,-0.0006788953746377204,0.0011282056146952992,5.828370413401211e-06
0.6620353366122279,-0.4748983731287381,0.19901283603848174,-0.18546764183453057,0.031017920808106784,0.04085236316169917,-0.012230437149817445,-0.006914789342011988,-1.3881003905078504e-05,-0.0006695771456795457,0.0010459019693854407,5.771110138961793e-06
0.6601742493748859,-0.47457165441989846,0.19941151471809906,-0.1858294500781741,0.03216326437220562,0.04154870637471855,-0.012237027778504939,-0.006905169073437521,-1.394150201557292e-05,-0.000659104672487833,0.0009620288760193652,5.719671715021121e-06
0.6583095167860378,-0.47423340810105147,0.199817002969624,-0.18618965920832098,0.033307307604798636,0.04224480188749621,-0.012243505123595625,-0.006896397061110687,-1.3992134186546265e-05,-0.0006477694489567484,0.0008771974926645125,5.674191448300259e-06
0.6564411537575797,-0.47388364726907384,0.20022929676555545,-0.18654835607262224,0.03445004283200756,0.042940628710542356,-0.012249852957005277,-0.006888462794447648,-1.4032955906285954e-05,-0.0006348114768285852,0.0007934171581476129,5.634829937560211e-06
0.654569174334173,-0.4735223851257498,0.2006483918866035,-0.1869056268490445,0.0355914610725095,0.04363616314849316,-0.012256048467088053,-0.006881341436415505,-1.4064208125155422e-05,-0.0006195725249565552,0.0007121206370297903,5.600633335827623e-06
0.6526935917248721,-0.4731496350036687,0.20107428405476507,-0.18726155443457965,0.03673155042493895,0.044331395211239744,-0.012262073954207286,-0.006875010355873921,-1.4086130718597317e-05,-0.0006025637905528113,0.0006330873553010088,5.569073227663359e-06
0.650814418332039,-0.47276541038999415,0.20150696878594587,-0.18761621848540264,0.03787029620615169,0.04502630268315756,-0.012267925773850356,-0.006869458370699779,-1.4098836601624443e-05,-0.0005851906960207045,0.0005551723416300815,5.538876280492849e-06
0.6489316657625293,-0.47236972493110074,0.20194644128906095,-0.18796969742424494,0.03900768291271874,0.04572085451646268,-0.012273611021422045,-0.006864679035491099,-1.410238023278761e-05,-0.000568527190586716,0.00047790188777367123,5.510136287569116e-06
0.6470453448310289,-0.471962592422216,0.20239269641514557,-0.18832206976151683,0.04014369615386698,0.046415013082846714,-0.012279136074570731,-0.006860657988852513,-1.4096910942232345e-05,-0.000552501561505679,0.0004020676497981869,5.483138030861925e-06
0.6451554655738307,-0.4715440267973942,0.20284572869165643,-0.18867341319339415,0.04127832288412128,0.047108741653130316,-0.012284498791373194,-0.006857369287951272,-1.4082716833073104e-05,-0.0005362619445653768,0.00032882785445795194,5.458291338199743e-06
0.643262037279153,-0.47111404213369534,0.2033055322586084,-0.18902380268529717,0.04241154991952696,0.04780199613673543,-0.01228969295365978,-0.0068547831486929205,-1.4060136519147945e-05,-0.000519400747545495,0.0002585666609592474,5.435342023841818e-06
0.6413650685216056,-0.4706726526609212,0.2037721009224144,-0.18937330955158832,0.04354336272947854,0.04849473899315218,-0.012294719057477624,-0.00685287498032311,-1.4029441625098467e-05,-0.000502589344194359,0.000190764692150998,5.414686223241256e-06
0.6394645671891197,-0.47021987276488486,0.20424542806816817,-0.18972200226464914,0.04467374595957381,0.04918692547881066,-0.012299589879619795,-0.006851625867750029,-1.3990833521695365e-05,-0.0004870557591857294,0.0001248543382167555,5.396442108979911e-06
0.6375605405008065,-0.46975571697258,0.2047255066887793,-0.1900699475763252,0.04580268535006277,0.04987851397271242,-0.012304324570102441,-0.006851016278114572,-1.394452003332728e-05,-0.00047343731765606806,6.08973790144321e-05,5.3807853479086085e-06
0.6356529950260705,-0.4692801999292369,0.20521232936319547,-0.1904172106583825,0.04693016912017346,0.0505694595743711,-0.012308938127516775,-0.006851021535316654,-1.3890769896558208e-05,-0.0004613189174019932,-5.918254876446633e-07,5.368010837121855e-06
0.6337419367112646,-0.46879333638066234,0.20570588828822947,-0.19076385419952122,0.04805618761387494,0.051259719692631295,-0.01231343701277496,-0.006851614352972564,-1.3829877700137354e-05,-0.000449846806965653,-5.935223498933633e-05,5.358804786616705e-06
0.6318273709098922,-0.4682951411680612,0.2062061753206826,-0.1911099378042399,0.04918073174608797,0.05194925622394811,-0.012317825319496361,-0.006852769623563106,-1.3762115154049668e-05,-0.00043878424030655775,-0.00011560174767881999,5.352828970909353e-06
0.6299093024097614,-0.4677856292284014,0.20671318189704696,-0.1914555183306582,0.05030379211849764,0.052638023922870765,-0.01232211409028495,-0.006854465236024794,-1.3687712719835298e-05,-0.00042882608667610763,-0.00016964003728980466,5.350567483247143e-06
0.6279877354546347,-0.467264815584088,0.20722689908041017,-0.19180065052709205,0.051425359780134405,0.05332598264517366,-0.012326323700241266,-0.0068566786355356395,-1.3606905434612682e-05,-0.0004209055980502789,-0.0002214227258424422,5.352152022120503e-06
0.6260626737671465,-0.46673271532050875,0.20774731752882825,-0.1921453870640123,0.052545427883752445,0.05401308882514069,-0.012330476849054339,-0.006859384908906929,-1.351995484468846e-05,-0.0004152552507842306,-0.0002707139620712021,5.357876141192326e-06
0.6241341205754697,-0.4661893435590993,0.2082744275283982,-0.1924897779895183,0.0536639925447293,0.05469930193715182,-0.012334589442349286,-0.006862559224199047,-1.3427120628038839e-05,-0.0004111956366984153,-0.0003175218727287886,5.367861604913821e-06
0.6222020786410128,-0.46563471544023144,0.20880821897095758,-0.19283387044282113,0.0547810520517366,0.05538457957798923,-0.012338668765320485,-0.006866180822233883,-1.3328611459368732e-05,-0.0004078646773132728,-0.00036225376600815945,5.382217347736718e-06
0.6202665502942062,-0.46506884616432864,0.2093486778825307,-0.19317771069462283,0.05589660434243264,0.05606853174273879,-0.01234273100798785,-0.006870224246553645,-1.3224725202800812e-05,-0.00040615291611303874,-0.00040443983976654453,5.3978476506042674e-06
0.6183275374409772,-0.4644917509214673,0.20989579075848463,-0.193521341357049,0.05701064887397881,0.05675120252367638,-0.012346794783079798,-0.006874665935563068,-1.3115695608962001e-05,-0.0004063025797952751,-0.00044426964507164927,5.418850667964847e-06
0.6163850415850549,-0.46390344487504936,0.21044954450391734,-0.19386480308241097,0.05812318647615572,0.05743262984362723,-0.012350883633473718,-0.0068794794851642655,-1.3001787156284998e-05,-0.00040880670433774406,-0.0004814589155744811,5.44568349274507e-06
0.6144390638572916,-0.46330394313815193,0.21100992619389244,-0.19420813382268065,0.059234220737770134,0.05811282758765985,-0.012355018302744299,-0.006884638616888582,-1.288326543725852e-05,-0.0004133853603552448,-0.0005160202120542594,5.478098926544289e-06
0.6124896050462679,-0.46269326075114686,0.2115769229019718,-0.1945513682842159,0.06034375825838575,0.05879179317289693,-0.012359209020649924,-0.006890123469988249,-1.276032261877155e-05,-0.0004189871158271844,-0.0005485953484964276,5.515528802497217e-06
0.6105366656202469,-0.4620714126714786,0.212150521633411,-0.19489453862743245,0.06145180729538683,0.059469518237183626,-0.012363456246618536,-0.006895921803261193,-1.263306160815297e-05,-0.00042463487625341343,-0.0005799463316823738,5.55749637935093e-06
0.6085802457382221,-0.4614384137769499,0.2127307092548546,-0.19523767593103214,0.06255837588608369,0.060145987537602794,-0.012367760056199708,-0.0069020223958668496,-1.2501578110362829e-05,-0.00043029024873918924,-0.0006101751989405014,5.603470151770833e-06
0.6066203452585059,-0.46079427886862767,0.21331747251213443,-0.195580810829559,0.06366347127470452,0.0608211868229426,-0.012372128387650222,-0.006908407563398622,-1.2366062499187495e-05,-0.00043673956935351687,-0.0006386355261008928,5.651986081436746e-06
0.604656963756259,-0.4601390226618621,0.21391079807041163,-0.1959239726132844,0.0647671011863979,0.061495105001054776,-0.012376574771445598,-0.006915053358697639,-1.2226797973470136e-05,-0.0004445421244179692,-0.0006647009711317165,5.701522842698124e-06
0.6026901005513874,-0.45947265976950963,0.21451067245190317,-0.19626718774326934,0.06586927534617731,0.06216772495628172,-0.012381108182449125,-0.006921938253109702,-1.2084051101987823e-05,-0.0004532423417783907,-0.0006886133866457035,5.750767871529973e-06
0.600719754711915,-0.45879520463225876,0.21511708668648483,-0.19661047824988376,0.06697000569646396,0.062839496493347,-0.012385721146824048,-0.006929055539806148,-1.1937906053145823e-05,-0.00046119522559398866,-0.0007118550674301605,5.799627906711402e-06
0.5987459251121918,-0.4581066716591532,0.21573002547556208,-0.1969538678356641,0.06806930371599325,0.06350978559022318,-0.01239040377414372,-0.00693639900859545,-1.1788463670290667e-05,-0.00046815912846931066,-0.0007344756526910244,5.845830171961589e-06
0.596768610403795,-0.45740707516021906,0.2163494738469524,-0.1972973786976065,0.06916717925756362,0.06417862334468902,-0.012395148534087089,-0.00694395983109283,-1.1635864477139322e-05,-0.0004743700886096217,-0.0007562132939597825,5.888661802657629e-06
0.5947878090221478,-0.45669642935939553,0.21697541695867759,-0.19764103317181267,0.07026364055958528,0.06484601985389034,-0.012399956906771262,-0.006951719315154292,-1.1480373838886876e-05,-0.00048072923688688386,-0.0007760815362951415,5.927878787128454e-06
0.592803519207017,-0.45597474839275143,0.21760784000270558,-0.19798485200276608,0.07135869590394338,0.06551197480603366,-0.012404834187044939,-0.00695965358904027,-1.1322325794005092e-05,-0.00048761809499086857,-0.0007935623747883509,5.963058622254934e-06
0.5908157390313491,-0.4552420462995102,0.2182467281403649,-0.19832885273322753,0.07245235503512383,0.06617648215179354,-0.012409778123159422,-0.0069677452615673615,-1.1161979750466502e-05,-0.0004942819521868118,-0.0008093039077249006,5.993653171238094e-06
0.5888244664220196,-0.4544983370224621,0.21889206642380404,-0.19867305012865408,0.07354462861590953,0.06683952939226073,-0.01241477366387524,-0.006975988988032811,-1.0999447491179766e-05,-0.0004994407571690069,-0.0008245108734906726,6.019500954068938e-06
0.5868296991631409,-0.453743634425424,0.2195438397787813,-0.19901745833977746,0.074635525982645,0.06750110273585914,-0.012419800452013774,-0.006984384050935561,-1.083478730541908e-05,-0.0005025638789067717,-0.0008396460228332753,6.040225340871864e-06
0.5848314348924555,-0.4529779523198252,0.220202032887463,-0.19936209251394363,0.07572505352709802,0.06816117548328103,-0.012424845247068007,-0.006992921668130015,-1.0668162736352002e-05,-0.0005043630582453331,-0.0008539028226034884,6.055333473215364e-06
0.5828296711076075,-0.45220130447925166,0.2208666302510664,-0.1997069679705188,0.07681321541027639,0.068819725554571,-0.012429905474390292,-0.007001581180948753,-1.0499885909352102e-05,-0.000505904985663853,-0.0008660935275600061,6.064746739353883e-06
0.5808244051899392,-0.45141370463941627,0.22153761616121542,-0.20005209790772563,0.07790001572297504,0.06947672755659033,-0.012434980238414764,-0.00701033931082727,-1.0330299794754467e-05,-0.000507357592062473,-0.0008759561297987208,6.068670278837711e-06
0.5788156344328479,-0.4506151664940202,0.22221497471596313,-0.20039749202719515,0.07898545966999358,0.07013215887740683,-0.01244005841702378,-0.007019182944186371,-1.0159622686648714e-05,-0.0005076981359718762,-0.000884507204169788,6.06696831746938e-06
0.5768033560564125,-0.44980570370468653,0.22289868981300615,-0.20074315776173296,0.08006955231665544,0.07078599761786054,-0.012445117376993156,-0.007028110929916525,-9.98792044178488e-06,-0.0005057754003356158,-0.0008929430945194498,6.060033807979677e-06
0.5747875672045811,-0.44898532992724693,0.22358874514528995,-0.20108910279839295,0.08115229622753971,0.07143822133600872,-0.01245013359734671,-0.0070371226072371675,-9.81525550039646e-06,-0.0005015006077211017,-0.0009013128339746723,6.04762079088452e-06
0.5727682649404792,-0.448154058839606,0.22428512423355315,-0.201435336120415,0.08223369044232585,0.07208880921160214,-0.012455094101154852,-0.00704620557009601,-9.641833213834115e-06,-0.0004959282636770069,-0.0009084418082847744,6.030083550998721e-06
0.5707454462581503,-0.44731190415558153,0.2249878103952707,-0.20178186642023077,0.08331373196559001,0.07273773575426558,-0.012459995857783198,-0.007055336037209423,-9.468000706890179e-06,-0.000490053098534826,-0.0009131924058558487,6.007443520685608e-06
0.5687191081107125,-0.4464588796235584,0.2256967867590114,-0.20212869951417226,0.08439241805586807,0.07338497701009519,-0.01246483408165984,-0.007064491773128341,-9.294083522553292e-06,-0.00048369960465045354,-0.0009157192249363754,5.979971813109645e-06
0.5666892474374712,-0.44559499902736777,0.22641203623876238,-0.20247583762833302,0.08546974677347421,0.07403050802531819,-0.012469592580967657,-0.007073663449138522,-9.120242479878604e-06,-0.0004757270422234644,-0.0009173130439312125,5.948091014020004e-06
0.5646558611726926,-0.44472027620254756,0.22713354155209425,-0.20282328138231798,0.08654571521341782,0.07467430682424642,-0.012474246583900618,-0.007082851660516549,-8.946509743734617e-06,-0.0004652773218185485,-0.0009189663450115525,5.912320997055212e-06
0.5626189462396832,-0.443834725065489,0.22786128523258964,-0.20317103227787991,0.0876203173094722,0.07531635207151267,-0.012478775229029829,-0.007092053026566495,-8.772966107517159e-06,-0.0004527415157277363,-0.0009202815010212746,5.872780532466126e-06
0.5605784995496892,-0.4429383596380558,0.22859524960302124,-0.20351909300739046,0.08869354372435792,0.07595661785353328,-0.012483169451350383,-0.007101250315144338,-8.599861904230694e-06,-0.00043929938706397086,-0.0009198732633208338,5.829823810785154e-06
0.5585345180199017,-0.442031194055103,0.2293354167926392,-0.20386746517164814,0.08976538383971606,0.07659507872263428,-0.012487427105345283,-0.007110417466914385,-8.427557711460565e-06,-0.00042564296402403486,-0.000916858843839389,5.783476296416454e-06
0.5564869986046365,-0.4411132425616836,0.23008176876630893,-0.20421614684672204,0.09083582766376339,0.07723171283427437,-0.012491541152074858,-0.0071195342859582894,-8.256335962845384e-06,-0.000411282850124898,-0.0009118246361220903,5.73426545298604e-06
0.5544359383192784,-0.4401845195175491,0.23083428729112748,-0.20456513270226878,0.09190486564269279,0.07786649680348268,-0.012495493904120109,-0.007128594539338883,-8.086304007058964e-06,-0.00039515407368940277,-0.0009061670479595838,5.682288185962714e-06
0.5523813342756528,-0.43924503949109794,0.23159294763541294,-0.2049144182382352,0.09297248694993601,0.07849877712533666,-0.012499265101193943,-0.007137593854388093,-7.917545269836553e-06,-0.0003769993312079975,-0.0009000721215130746,5.627633785569215e-06
0.5503231836064137,-0.438294817109819,0.23235773328739376,-0.20526399616562652,0.09403867699683513,0.07912937225384523,-0.01250283921472785,-0.00714652614484766,-7.750157046829107e-06,-0.0003572918047338259,-0.0008933684937091481,5.5710754402455555e-06
0.5482614835135423,-0.43733386718462486,0.23312862687928088,-0.20561386198022408,0.0951034193040793,0.07975819089688044,-0.01250621118463724,-0.007155370835453509,-7.584412153953542e-06,-0.00033707846863072254,-0.0008846071577275826,5.513192309947104e-06
0.5461962313227359,-0.43636220478656795,0.23390560392739979,-0.20596401111308174,0.0961666971151311,0.08038451405274531,-0.012509381534680031,-0.007164096957813923,-7.420713217873419e-06,-0.00031691780119853997,-0.0008727487197495881,5.454022024353225e-06
0.5441274244760161,-0.43537984513913686,0.2346886415282876,-0.20631443267507266,0.09722849417560678,0.08100849396022784,-0.012512343300329033,-0.00717268492979389,-7.259314268622055e-06,-0.000296060868814509,-0.0008589319022394505,5.3942038682121276e-06
0.5420550605555982,-0.4343868036304295,0.2354777178210015,-0.2066651126576315,0.09828879438188655,0.08163023112213649,-0.01251508115166261,-0.007181129386088906,-7.100294786379877e-06,-0.00027367100753138466,-0.0008445784953216289,5.3334198588083975e-06
0.5399791372537229,-0.43338309575704326,0.23627281822252655,-0.2070160349736127,0.09934757969190802,0.08225045083085407,-0.012517577064203155,-0.007189432501620026,-6.943637791022237e-06,-0.0002494786925708886,-0.0008304425831574239,5.271886787748172e-06
0.5378996524112315,-0.43236873725206393,0.23707392634558716,-0.207367187178564,0.1004048300082324,0.08286896830997977,-0.012519821019117243,-0.0071975844519809465,-6.789474009871836e-06,-0.00022428459451862058,-0.0008153241420986538,5.209856517390952e-06
0.5358166039503943,-0.43134374393117,0.23788103823713,-0.20771855416933174,0.10146052179583252,0.08348702178274184,-0.012521815104363293,-0.007205565232272775,-6.638110741595204e-06,-0.000199299520156462,-0.0007982049816333133,5.142419189456671e-06
0.5337299900520273,-0.4303081320182148,0.23869413355233104,-0.20807012424510385,0.10251463567205456,0.0841029650892532,-0.01252355416340453,-0.0072133510460205994,-6.4898309801139245e-06,-0.00017379900337714585,-0.0007787060043318544,5.076754006240469e-06
0.5316398091076191,-0.4292619179833205,0.23951318991148204,-0.2084218792767343,0.10356715092161001,0.08471658961007343,-0.012525027865676129,-0.007220929390494724,-6.344779171463507e-06,-0.00014726554214486277,-0.0007579566696723451,5.012574488570572e-06
0.529546059648613,-0.4282051183728288,0.2403381985443012,-0.20877379575309035,0.10461804422721753,0.08532925412434789,-0.012526226266739318,-0.0072283015866514925,-6.202925239636176e-06,-0.00011973762319835583,-0.0007373394564137141,4.950013727191642e-06
0.5274487404898206,-0.42713775014581723,0.24116913603188836,-0.20912585676107126,0.10566729425683269,0.08593948975808789,-0.01252713684847379,-0.007235462697381738,-6.064323822691093e-06,-9.095793941016728e-05,-0.0007162285009938616,4.888431075603837e-06
0.525347850588208,-0.4260598303801156,0.24200599109348156,-0.2094780408096984,0.10671487470748373,0.08654850591270426,-0.01252775682463564,-0.007242400284140663,-5.929122651533546e-06,-6.189974583822316e-05,-0.0006938736021114328,4.827904407109009e-06
0.523243389194576,-0.42497137657547535,0.24284873824235176,-0.2098303314278412,0.10776076220494907,0.08715487440419731,-0.012528080674647998,-0.007249089330606698,-5.797626022340043e-06,-3.2289722967677914e-05,-0.0006690168846942475,4.768522004906655e-06
0.5211353557401017,-0.4238724063488405,0.2436973646731251,-0.21018270340035827,0.10880492996667174,0.08775985778512468,-0.012528105230461904,-0.007255512537683183,-5.670040770239054e-06,-2.363053537408585e-06,-0.0006424301327978403,4.710345452315194e-06
0.5190237499977791,-0.42276293774209633,0.24455184356264648,-0.21053513415290823,0.10984735458198902,0.08836204902864164,-0.012527819494429123,-0.007261659505246677,-5.546486767579095e-06,2.8663285226197116e-05,-0.0006148032985662659,4.653408844707464e-06
0.5169085719479747,-0.421642988925178,0.24541216103587687,-0.21088759410018557,0.1108880081453948,0.08896274051844429,-0.012527217213978564,-0.007267530102492001,-5.426955176005996e-06,6.0314879150043494e-05,-0.0005871633944896999,4.597696718439093e-06
0.5147898219157906,-0.42051257850866125,0.24627828939703672,-0.21124006015391683,0.11192686524015409,0.0895605453882006,-0.012526289910863355,-0.007273115294125106,-5.311545868896514e-06,9.281421707051422e-05,-0.0005586199053904106,4.543471295709041e-06
0.5126675004339823,-0.41937172524349753,0.2471502140654306,-0.21159250391168397,0.11296389623070048,0.09015676989608097,-0.01252503484257136,-0.00727840011751548,-5.200430912939956e-06,0.00012558767303590397,-0.0005285800537167011,4.490911616705908e-06
0.5105416084020944,-0.41822044832922445,0.24802790664629065,-0.21194490141322664,0.11399907498252577,0.09075002467692866,-0.012523442805473633,-0.007283361483215075,-5.0938847877594375e-06,0.00015928128405125484,-0.0004962310932184031,4.43992407378173e-06
0.5084121469690717,-0.417058767114178,0.2489113519697746,-0.21229721989027606,0.11503237121194132,0.0913416268593074,-0.01252150763217163,-0.007287986356579078,-4.992056700505059e-06,0.00019359151816820204,-0.00046257858225700563,4.390405258466253e-06
0.5062791176911411,-0.4158867014107055,0.2498005210204024,-0.21264943008564835,0.11606375731326843,0.09193018691471512,-0.012519220047041483,-0.00729226652709672,-4.895033153461926e-06,0.00022882924378016164,-0.0004281049749410351,4.3425472388079246e-06
0.5041425223921752,-0.4147042711945316,0.2506953981799286,-0.2130014962940508,0.1170932009279851,0.09251704197710074,-0.012516578548092632,-0.007296199974494277,-4.802824287745757e-06,0.0002642171535862878,-0.0003934293420751683,4.2961976027855596e-06
0.5020023633070871,-0.41351149691467864,0.25159595394175416,-0.2133533892840062,0.11812067331407196,0.09310079774128693,-0.012513576805316276,-0.007299774840390828,-4.715563800551051e-06,0.00030023795966385247,-0.0003575677953839011,4.251277354187903e-06
0.4998586429462137,-0.4123083991856987,0.2525021723436844,-0.21370507363490038,0.11914614212712543,0.09368280285033655,-0.012510209035509989,-0.007302976689236996,-4.633415372247173e-06,0.0003368369597508526,-0.0003202626006907741,4.2079664162477795e-06
0.4977113642576961,-0.4110949991045452,0.25341402347575237,-0.21405651817264407,0.12016957854596297,0.09426165456578281,-0.012506460985736182,-0.007305786972819914,-4.556594646614088e-06,0.0003748610896736534,-0.00028110245881739383,4.166161500901042e-06
0.4955605305009755,-0.4098713179538548,0.2543314910556737,-0.21440768331078208,0.12119094828211552,0.09483871081942657,-0.01250232544305391,-0.007308197294134288,-4.485190769212382e-06,0.0004136064425202434,-0.00024110256931546604,4.125756902284192e-06
0.4934061454012865,-0.4086373775229464,0.25525454483935933,-0.21475853408623333,0.1222102192829003,0.09541257078417441,-0.012497797100209094,-0.007310200268504738,-4.419277799384998e-06,0.0004528824611545267,-0.00020036417612691364,4.086940951692418e-06
0.4912482130067642,-0.4073931997985648,0.2561831683061805,-0.21510902928368436,0.12322735500926454,0.09598460408379385,-0.012492879026794645,-0.007311791845871683,-4.3588866409308084e-06,0.0004918514930048033,-0.00015922076874563967,4.049805038831845e-06
0.4890867378378969,-0.40613880727098706,0.2571173309148529,-0.21545913384453258,0.1242423239431361,0.09655340267082983,-0.012487564244840434,-0.007312959513272893,-4.304157465347574e-06,0.0005315182150953979,-0.00011682598645314724,4.013939808984994e-06
0.48692172475185086,-0.404874222624404,0.2580570159132589,-0.21580880579073075,0.12525509120902073,0.09712033949144988,-0.012481841510022792,-0.007313692566162128,-4.255205278065016e-06,0.0005723092817766617,-7.33606881603673e-05,3.979535353917312e-06
0.4847531791023332,-0.40359946906335353,0.2590021924852888,-0.21615800772361624,0.12626562480529963,0.09768400056894445,-0.012475692260828895,-0.0073139784640922365,-4.212168140080817e-06,0.0006149563957663894,-2.8641269254983773e-05,3.946507515249183e-06
0.482581106603153,-0.40231457002004867,0.25995284373339683,-0.21650669468124853,0.12727388580570193,0.0982457736353908,-0.012469111158368223,-0.007313812438550678,-4.17508498895169e-06,0.0006581373680562299,1.655501365969102e-05,3.91499586213456e-06
0.48040551348079286,-0.4010195494769636,0.2609089385542941,-0.21685482732365752,0.128279837504164,0.09880423387956791,-0.012462099088757448,-0.007313186625425386,-4.1440314896029585e-06,0.0007012296718535833,6.253774226832156e-05,3.885119350732731e-06
0.4782264063303178,-0.39971443164500375,0.2618704598613986,-0.2172023598596174,0.12928343959599548,0.0993607802068453,-0.01245466278200929,-0.007312095475821818,-4.1190531846012685e-06,0.0007436489403940867,0.00010907537524508889,3.8569304536442055e-06
0.47604379227039795,-0.39839924126706666,0.2628373763402094,-0.21754925216197957,0.13028465830605548,0.0999139835637613,-0.012446791875583327,-0.0073105283807446565,-4.100259827276833e-06,0.0007871043828881239,0.00015667396340584094,3.830236779818814e-06
0.473857678803895,-0.397074003309635,0.26380967076557166,-0.21789545676538905,0.13128345618810588,0.10046524707900664,-0.012438468627808912,-0.007308480607089741,-4.087686485168523e-06,0.0008323339678542682,0.00020474587025622398,3.805106593795969e-06
0.47166807397264526,-0.39573874330210684,0.2647873116106762,-0.21824093167264577,0.13227979753411664,0.10101313367340067,-0.012429672327566432,-0.007305945552092243,-4.0813899481575735e-06,0.0008796346252263936,0.00025347807450770346,3.7816122472149172e-06
0.46947498621118994,-0.3943934870449675,0.2657702815295492,-0.2185856283342482,0.13327363830433817,0.10155905819331637,-0.012420403168377716,-0.007302920262414523,-4.081383196387779e-06,0.0009269159238102407,0.00030250560723985454,3.7595122337248095e-06
0.4672784244992859,-0.3930382609274726,0.2667585487778824,-0.21892950448506068,0.13426493735004433,0.10210157708393686,-0.012410669738089573,-0.007299395342976616,-4.0877569664138874e-06,0.0009733383752764161,0.00035247268957905526,3.7389532534474374e-06
0.46507839821946356,-0.39167309159240304,0.267752095884991,-0.21927251078360027,0.13525365144833362,0.10264211503189445,-0.012400480229488208,-0.007295365244288267,-4.100552846222213e-06,0.001018941522588198,0.0004029947311681261,3.719985459046213e-06
0.46287491731547764,-0.3902980062401491,0.26875089088546744,-0.21961460307529485,0.13623974518371185,0.10317921631930345,-0.012389818253820704,-0.00729082412951796,-4.119814521547933e-06,0.0010661835191621198,0.0004541004665909632,3.7026670522637826e-06
0.46066799214567655,-0.38891303232604285,0.26975491614576275,-0.21995572997115437,0.1372231784702635,0.10371430882500499,-0.012378659880037597,-0.007285774570071398,-4.1454785175231575e-06,0.0011158186737998974,0.0005049490040204717,3.6872006497444045e-06
0.4584576336296696,-0.3875181979110367,0.2707641395425968,-0.22029584690347231,0.138203911391551,0.10424593759965772,-0.012366986126402878,-0.007280214449472115,-4.1775417344607895e-06,0.0011673520120677018,0.0005560091706289884,3.6732720351686493e-06
0.456243853095618,-0.38611353136768944,0.27177854330547085,-0.22063490369131522,0.13918189477254833,0.1047755357487108,-0.012354806531528064,-0.007274140378043115,-4.2160133839455555e-06,0.0012179314912420087,0.0006074082920382991,3.6611363433624198e-06
0.45402666236574307,-0.38469906154044353,0.27279810830397677,-0.2209728535098485,0.1401570816968404,0.10530296563748245,-0.012342141549152462,-0.0072675446661784465,-4.260956415081529e-06,0.0012664655604944929,0.0006595763947357769,3.6506490100130104e-06
0.45180607383783966,-0.38327481786462747,0.2738228003423674,-0.22130965136650896,0.14112943227577446,0.10582671627025855,-0.012328991923349042,-0.007260419373132096,-4.3124355509661774e-06,0.0013149251863380266,0.0007125385930458228,3.6418437618421213e-06
0.4495821003374245,-0.3818408300289762,0.27485260017731594,-0.22164524386248002,0.14209890550296905,0.10634827860406151,-0.012315337767142002,-0.007252769572217306,-4.37035458821505e-06,0.001365373591597883,0.000764993381681424,3.634660714967268e-06
0.4473547551944565,-0.3803971281759862,0.27588748750188885,-0.22197958116780173,0.14306546115001104,0.10686754127619147,-0.01230114988226147,-0.007244603975563105,-4.434571236193044e-06,0.0014187419398477116,0.0008165768500880314,3.6291520093723525e-06
0.44512405223265533,-0.3789437429474502,0.27692744045236367,-0.2223126154864671,0.14402905294003238,0.10738434504119888,-0.012286419082745463,-0.007235925359034727,-4.505015175911939e-06,0.001473028948796186,0.0008678826684398662,3.6253583480912358e-06
0.44289000576177945,-0.3774807054943347,0.27797243594747545,-0.22264430061376433,0.14498963008180285,0.10789856650347696,-0.012271165031123453,-0.007226726464515326,-4.581737699187772e-06,0.0015253496821574935,0.0009199143087213382,3.6233740885894912e-06
0.44065263058423776,-0.3760080474438263,0.27902245010921606,-0.22297458962637087,0.14594714395067646,0.10841012471268212,-0.012255412535950484,-0.007216997784226014,-4.6648134301639005e-06,0.0015751895217032959,0.0009728967488822962,3.6235307533213556e-06
0.43841194200755307,-0.37452580085903,0.28007745842097065,-0.2233034332402204,0.14690155255146617,0.10891895288731224,-0.012239160173907266,-0.00720673907506074,-4.7542053178300184e-06,0.0016251717366631625,0.0010259034544740791,3.6255348815795074e-06
0.43616795584479573,-0.373033998234074,0.2811374358863976,-0.22363078068842476,0.1478528174606105,0.10942499839842104,-0.01222237649747624,-0.007195962107226426,-4.849728838523114e-06,0.0016782988539000103,0.0010777330039037302,3.6293411356510036e-06
0.43392068839757125,-0.371532672533392,0.2822023571717919,-0.22395658263173318,0.14880089620326928,0.10992822301260123,-0.012205030067798573,-0.0071846798998186885,-4.95118685331035e-06,0.0017345700168697445,0.0011282605024893688,3.6346282811737916e-06
0.43167015643597584,-0.3700218572345245,0.2832721967195903,-0.22428079294497164,0.14974573839457242,0.11042860183629419,-0.012187121541584111,-0.007172893449254321,-5.058525280587537e-06,0.0017907755661886462,0.0011786883033791215,3.6417202188710735e-06
0.42941637719593595,-0.36850158632885593,0.2843469287185775,-0.22460336711029275,0.15068729018772148,0.11092610896287527,-0.01216868234167271,-0.007160591746682501,-5.171832629237027e-06,0.0018438387874275999,0.0012302170180796467,3.650918754297864e-06
0.4271593683944135,-0.36697189427645865,0.28542652710082916,-0.22492425886128067,0.15162550279049156,0.11142071801066682,-0.012149738424854202,-0.0071477659590066,-5.2911699802328885e-06,0.0018943063065599488,0.0012826290540150554,3.6622132335959786e-06
0.42489914824289404,-0.36543281596452415,0.28651096560958245,-0.2252434187939355,0.15256033563719482,0.11191240730577443,-0.012130278097237698,-0.00713442286688518,-5.416405949878794e-06,0.0019459433302838937,0.0013343629172796287,3.6757721556897215e-06
0.4226357354402775,-0.36388438671951884,0.2876002177392135,-0.2255607967642571,0.1534917502977265,0.11240114764108915,-0.01211026060868342,-0.007120582334682777,-5.547252483346112e-06,0.0020016555953838054,0.0013841101438362,3.691327166599352e-06
0.42036914914491325,-0.3623266423606988,0.28869425688965317,-0.22587634579362695,0.15441970143462605,0.11288692601179914,-0.012089657942051557,-0.007106259554641263,-5.6834799187003735e-06,0.0020601697597671565,0.0014323379827750236,3.7086809666227123e-06
0.41809940895305653,-0.3607596192419056,0.2897930562764514,-0.22619002312726733,0.1553441348156098,0.11336972291568874,-0.012068485018812122,-0.007091451685229292,-5.825074432622412e-06,0.002117191808965941,0.0014808499408326247,3.7280346623996614e-06
0.4158265349020044,-0.35918335423184033,0.2908965889934793,-0.22650178694148745,0.15626499495935003,0.11384952690810742,-0.012046784032021729,-0.007076144531886609,-5.972160972368375e-06,0.0021699944868607485,0.0015307814058524531,3.7491430837769362e-06
0.4135505474912543,-0.3575978846533135,0.2920048280011751,-0.22681159229548123,0.1571822346756416,0.11432632447435705,-0.012024577122647852,-0.007060332879480652,-6.124749313835845e-06,0.0022205830852946177,0.001581234361634531,3.7725924850618993e-06
0.41127146769239376,-0.3560032482465169,0.29311774620627673,-0.2271193907759792,0.15809581569232306,0.11480010758333885,-0.012001839447509419,-0.007044032660850347,-6.282596339641319e-06,0.0022736561982564783,0.001630093860156345,3.7981500453893805e-06
0.4089893169302183,-0.35439948320079395,0.29423531635714867,-0.22742513465842285,0.1590056993165603,0.1152708565226175,-0.01197852366624009,-0.007027270509819738,-6.445330853864763e-06,0.00233146363364888,0.0016762897267159572,3.825762927819003e-06
0.40670411704600196,-0.3527866282197959,0.29535751113317094,-0.22772878120531523,0.1599118370253926,0.1157385620644602,-0.01195461082626887,-0.00701006064826351,-6.6127309010800476e-06,0.0023911665057054165,0.001721063246418678,3.855411178898429e-06
0.4044158902775619,-0.351164722551515,0.2964843031168587,-0.22803029225586607,0.16081417143944476,0.11620321522682847,-0.011930132836232569,-0.006992394936151497,-6.784843021695876e-06,0.0024476785051203436,0.0017666507712382387,3.886985844847175e-06
0.40212465927120145,-0.34953380594540356,0.29761566480969875,-0.2283296293103357,0.16171264729570012,0.11666480998937172,-0.011905139455684655,-0.006974257859201957,-6.961797980553433e-06,0.002499214482502608,0.0018137897745188105,3.920788911413819e-06
0.3998304471061195,-0.3478939185798544,0.2987515686592918,-0.22862674943118244,0.1626072207630144,0.11712334121105378,-0.011879643598711622,-0.006955650964839029,-7.143525787934068e-06,0.0025494591258752156,0.0018607739678349114,3.956470778495384e-06
0.397533277296934,-0.3462451010399282,0.29989198698912667,-0.22892160660587688,0.16349785642706585,0.11757879385750918,-0.011853605970657311,-0.006936600114719319,-7.329663871535909e-06,0.0026036335127683154,0.0019051717523590225,3.994349656376794e-06
0.39523317376073425,-0.34458739436906544,0.3010368920404611,-0.2292141574403746,0.16438451489896924,0.11803115645733202,-0.01182697723013159,-0.006917136180463911,-7.519794883206839e-06,0.0026627423525378744,0.00194648210248516,4.034014924442671e-06
0.39293016077500853,-0.34292084013966756,0.3021862560014135,-0.22950436511811753,0.1652671444246279,0.11848042299161672,-0.011799753195105383,-0.006897269318468575,-7.713749402755379e-06,0.0027222695355350085,0.001986776689567585,4.075267800159883e-06
0.3906242629641634,-0.34124548046377035,0.3033400509736815,-0.22979219700236175,0.16614568585797537,0.11892658754352331,-0.01177198316500203,-0.006876985845026046,-7.911636356959063e-06,0.002776866724321684,0.002028439686667401,4.118429214305233e-06
0.3883155053206349,-0.33956135792549846,0.3044982489844049,-0.23007761838714913,0.16702008639114085,0.11936964599217027,-0.011743718976027436,-0.006856271794569822,-8.113566442519638e-06,0.0028262802408419198,0.0020714992800415473,4.1635741243711774e-06
0.38600391322868954,-0.33786851550498254,0.30566082201054756,-0.23036058920961333,0.1678903070626516,0.11980959371844846,-0.011714959305021056,-0.006835138045965125,-8.319358233820254e-06,0.002875826222949108,0.0021134708551086368,4.210640725873383e-06
0.3836895124548069,-0.33616699657599897,0.3068277419423647,-0.23064106746218685,0.1687563153534538,0.12024641940335,-0.01168565151186233,-0.006813619625621095,-8.52854792297243e-06,0.0029306365582217626,0.0021519394929215333,4.259584576810512e-06
0.381372329102316,-0.33445684497834005,0.3079989805953436,-0.23091901601566878,0.1696180706925061,0.12068011319015845,-0.011655750265108603,-0.0067917480864926015,-8.74071741803878e-06,0.002989980344508578,0.0021872525692596696,4.3100259590484825e-06
0.37905238956876264,-0.33273810508517215,0.309174509719288,-0.23119440532064897,0.17047551848665854,0.12111066986297364,-0.011625270865834507,-0.00676952703064454,-8.955774242981715e-06,0.0030477941065244125,0.0022222053632670394,4.3621282485153e-06
0.37672972054236453,-0.3310108217869248,0.31035430098645733,-0.23146720882345123,0.17132859974392833,0.12153808652471225,-0.011594277867384931,-0.006746938283017639,-9.173875879365244e-06,0.003099152448166399,0.0022589757310579103,4.41624143695757e-06
0.37440434903082226,-0.32927504040146854,0.3115383260174458,-0.23173739600847426,0.17217726642692213,0.12196236224723782,-0.01156281840286328,-0.006723972587896018,-9.395077584952633e-06,0.0031457974641288813,0.002296671679949471,4.472160394620514e-06
0.3720763023333021,-0.32753080650503197,0.3127265659633723,-0.2320049293363253,0.1730214850924981,0.12238444862038489,-0.011530867479917935,-0.006700648588265651,-9.61911880107151e-06,0.003194941912512922,0.00233250316150916,4.529134197275237e-06
0.3697456081283206,-0.32577816619276695,0.3139189890903763,-0.23226977450892483,0.17386122661144032,0.12280305485608078,-0.011498363984075858,-0.006677009254251455,-9.84545356753189e-06,0.003250198194170013,0.002364037295090026,4.587713305239759e-06
0.3674122943502105,-0.32401716602248903,0.3151155646476477,-0.23253190186785008,0.17469644808408075,0.12321827847966205,-0.011465274560274564,-0.006653083659305935,-1.0073701264017308e-05,0.003308790253407712,0.002392663846867635,4.647573916196013e-06
0.36507638915260127,-0.3222478530717226,0.3163162624925033,-0.23279128967966187,0.17552709256280763,0.12363018430712572,-0.011431637270788093,-0.00662886795791846,-1.0303857900234638e-05,0.003363576103621707,0.002421674929046188,4.708985533309174e-06
0.3627379209173642,-0.3204702748920752,0.31752105290878796,-0.2330479174595276,0.17635310315780833,0.12403882201076279,-0.011397527633113516,-0.0066043420472339355,-1.0536103510709712e-05,0.0034108101011633184,0.0024526963804274555,4.7721553212814e-06
0.36039691828897097,-0.31868447940584155,0.3187299063776991,-0.23330175912540216,0.17717443839692038,0.12444421605151831,-0.011362981430911709,-0.00657950465186307,-1.0770399066038627e-05,0.0034544657758084794,0.0024838453272840355,4.8374486605624125e-06
0.3580534101835704,-0.31689051485223135,0.3199427935288107,-0.23355278344914762,0.1779910715519664,0.12484638080911414,-0.011327959350147082,-0.006554388688900689,-1.1006320047383194e-05,0.003502053149885403,0.0025117023044660884,4.904559000457828e-06
0.3557074257497397,-0.3150884298409568,0.3211596850377846,-0.2338009615814359,0.17880297424914232,0.1252453181789556,-0.011292393796498656,-0.006529039501815965,-1.1243310057376667e-05,0.003556400334234061,0.0025350246056534765,4.972788770527337e-06
0.35335899430943785,-0.313278273451337,0.32238055148919653,-0.23404627353558846,0.17961010209677797,0.1256410197249065,-0.01125626780017003,-0.006503478989626538,-1.1481082008286928e-05,0.003612444695984656,0.0025561568312931055,5.041977311587588e-06
0.3510081452833025,-0.3114600951634092,0.32360537334298306,-0.23428870503891888,0.18041239757361746,0.12603447755194994,-0.011219634605292706,-0.0064776914568324215,-1.1719778640936007e-05,0.0036631645611458156,0.0025788586791449723,5.111640277135616e-06
0.3486549083221319,-0.309633945017041,0.324834117810392,-0.23452824403533,0.18120980963267197,0.12642437593073094,-0.011182575374605468,-0.006451658639137695,-1.195955774217215e-05,0.003705768060830704,0.0026033870295823387,5.183117733079983e-06
0.346299313273016,-0.30779987335514075,0.3260667531022116,-0.23476486907535446,0.18200230458721928,0.126810819583407,-0.011145109019806056,-0.006425389967415231,-1.2200268743786817e-05,0.003746480499086621,0.00262697219433952,5.2562201592633245e-06
0.34394139017588804,-0.30595793079710526,0.32730324809717865,-0.23499855500747185,0.18278986145456524,0.12719387410690902,-0.011107178159434022,-0.006398928289475948,-1.244139462757887e-05,0.003792931424964035,0.0026462722793459304,5.330435144973963e-06
0.34158116921106657,-0.3041081683211507,0.3285435721037067,-0.23522928175704957,0.18357245230913302,0.1275735802244969,-0.011068718065862187,-0.006372318473211086,-1.268240176505829e-05,0.00384585546062192,0.0026610852713599056,5.4054807156056554e-06
0.3392186806408449,-0.3022506373618933,0.3297876947197826,-0.23545703922246533,0.18435003067500336,0.12794996990740298,-0.011029734678783543,-0.006345573262833725,-1.2923115769460548e-05,0.0038981856406571894,0.002674623739638091,5.4813426636294e-06
0.336853954795281,-0.30038538981183094,0.3310355856864378,-0.23568182282405672,0.1851225406232326,0.12832306677695493,-0.010990307586461894,-0.0063186740208964485,-1.316370882068867e-05,0.00394255688719857,0.002690026041789357,5.558159286547467e-06
0.3344870221033377,-0.29851247791434404,0.33228721482284607,-0.23590362447738147,0.18588993753451002,0.12869288819624294,-0.010950511216367096,-0.006291605666873843,-1.340430874711835e-05,0.003979485309392205,0.0027069364583626764,5.636430286618324e-06
0.33211791312212513,-0.2966319541587842,0.3335425518397447,-0.2361224287941538,0.1866521976862841,0.129059426544749,-0.010910340039259309,-0.0062643881181865015,-1.364466120757136e-05,0.004016966819109835,0.0027218549863821458,5.716010142443637e-06
0.3297466585168073,-0.29474387128401236,0.3348015663904217,-0.23633821859563095,0.18740930573853348,0.12942267341654434,-0.010869720580215623,-0.006237070153300174,-1.3884206198305348e-05,0.0040617961728165765,0.002731895360292834,5.7961478248746455e-06
0.3273732889980586,-0.2928482823822571,0.3360642280718776,-0.23655098408047265,0.1881612336794441,0.12978262155925147,-0.010828597729542372,-0.006209691314916426,-1.4122486679249436e-05,0.004112136777846569,0.0027379812146259594,5.876970435247438e-06
0.3249978352701781,-0.290945240983537,0.3373305064276062,-0.23676072543080562,0.1889079338456932,0.13013927136316114,-0.010787003010766773,-0.0061822538389383706,-1.4359456929077743e-05,0.004159325052982161,0.002743843456356626,5.958112851610559e-06
0.3226203280314454,-0.2890348010198318,0.3386003709490726,-0.23696744601140296,0.18964935400778263,0.13049262942993078,-0.010745029961090178,-0.006154735253047067,-1.4595334969261404e-05,0.004197159467957699,0.0027519530484108323,6.039994320317953e-06
0.32024079801120375,-0.2871170166961209,0.3398737910917685,-0.23717114358569172,0.1903854588879724,0.13084270169763276,-0.010702739910671723,-0.006127127705370173,-1.4830177853049132e-05,0.004228860827976424,0.0027608478574771213,6.122953768630588e-06
0.3178592759892685,-0.28519194240203155,0.3411507361605746,-0.2373718090271665,0.19111623420363327,0.13118947434049333,-0.010660101724282656,-0.006099461667060002,-1.5063631458350216e-05,0.004263675923372959,0.0027666953608208662,6.207105262773806e-06
0.31547579276049814,-0.28325963275147953,0.3424311754274194,-0.2375694339471034,0.19184166844711947,0.13153294012040775,-0.010617032333815585,-0.006071788053112845,-1.5295134390385737e-05,0.00430679816424263,0.0027674510700032256,6.29164985593267e-06
0.31309037906882786,-0.2813201427022815,0.34371507808963797,-0.23776401915416231,0.19256173233586252,0.13187309130164132,-0.010573493892320904,-0.00604413770925222,-1.5524345733499995e-05,0.004353705295624217,0.0027651220339668355,6.376291510780249e-06
0.3107030655673718,-0.27937352761787637,0.3450024132790643,-0.2379555745128486,0.1932763778124285,0.13220993021705238,-0.010529544113992985,-0.006016502800742005,-1.5751337266076834e-05,0.004394840951165352,0.0027635765190302734,6.461008197067417e-06
0.3083138828336491,-0.277419843194411,0.346293150014064,-0.2381441104163444,0.19398555849584415,0.13254345919713545,-0.010485282794844163,-0.005988860311149854,-1.5976337893636574e-05,0.004425996855703917,0.002764332775852058,6.54615689217188e-06
0.3059228614083435,-0.2754591453216583,0.34758725716431377,-0.23832963019223938,0.19468924967033788,0.13287367174642808,-0.01044075055763882,-0.005961211610475049,-1.619931853870684e-05,0.004453090490325661,0.002764952024636715,6.631907825981476e-06
0.3035300318012552,-0.2734914900213344,0.34888470353114137,-0.23851213149227157,0.19538744549459722,0.13320055974567793,-0.010395891547473148,-0.005933595822465022,-1.6419855237364235e-05,0.004485769856014529,0.002761658684388295,6.718411096867385e-06
0.3011354244436175,-0.271516933523708,0.35018545783258204,-0.23869161539501224,0.1960801364091866,0.13352411006537615,-0.010350620983755157,-0.0059060618007150565,-1.6637433605009794e-05,0.0045269275706553485,0.002753479729661067,6.804949207476172e-06
0.2987390696243669,-0.2695355323918939,0.35148948864378776,-0.23886809320687472,0.19676729112162214,0.13384431032773328,-0.010304924802923372,-0.005878629393691155,-1.6851849875503118e-05,0.004569491743229472,0.0027433158400592024,6.890951972210467e-06
0.2963409974655268,-0.2675473435507202,0.352796764446373,-0.2390415834447418,0.19744886260545025,0.13416116335218292,-0.0102588843829082,-0.005851282645110129,-1.706326632018173e-05,0.004603918008226623,0.0027347476774943953,6.977007201697333e-06
0.2939412379491854,-0.2655524241790382,0.35410725360653666,-0.23921210251889036,0.19812481239313037,0.13447467222333184,-0.010212596867723005,-0.005824001453552701,-1.7271883497446448e-05,0.0046286297367954445,0.0027281897726046155,7.063563023356866e-06
0.2915398209524009,-0.2635508315719614,0.3554209244097857,-0.23937965910072245,0.19879512679103922,0.13478483496873253,-0.01016607658046756,-0.005796797278743586,-1.7477578359612876e-05,0.0046519092101262715,0.0027204858449094518,7.150698864269773e-06
0.2891367762391965,-0.2615426231171293,0.35673774501276245,-0.23954425822972458,0.1994598067990244,0.1350916346125795,-0.01011924682852621,-0.0057697144970451425,-1.7679898987346612e-05,0.004682858188446319,0.0027083440668202153,7.237994520715632e-06
0.2867321334046557,-0.25952785640207593,0.35805768343121086,-0.23970591071630423,0.20011884287180273,0.13539505219258127,-0.010072030222985468,-0.005742795810443244,-1.7878422279357722e-05,0.004721546280510402,0.0026919318972749478,7.3246826803199525e-06
0.28432592181875777,-0.25750658932927556,0.3593807075881374,-0.2398646375768254,0.20077220157992168,0.13569508343327563,-0.010024440868776538,-0.0057160495250586415,-1.807307832953276e-05,0.004758823895722879,0.0026746891043356188,7.410542444436177e-06
0.28191817061825214,-0.25547888010639824,0.3607067852937135,-0.24002046463571702,0.20141983878883432,0.13599173236404993,-0.009976578714057818,-0.005689454590901518,-1.8264087695642425e-05,0.004786106545470331,0.00265955144232344,7.496175734913328e-06
0.27950890874114764,-0.2534447871107271,0.3620358842287347,-0.24017341338263706,0.20206172579061288,0.13628500042362732,-0.009928529185012861,-0.00566299672660714,-1.845159976369964e-05,0.004804846469910299,0.0026458420107689827,7.581921397821155e-06
0.27709816495372486,-0.2514043687667099,0.36336797194766157,-0.2403234978389976,0.20269785968093815,0.13657487780828417,-0.009880277620991524,-0.00563669667958516,-1.863541710344549e-05,0.004825052549643248,0.002630057760338191,7.66766262444995e-06
0.27468596782854093,-0.24935768356249008,0.36470301591581505,-0.24047073076376127,0.20332824636456484,0.13686134883327586,-0.009831732724621777,-0.00561060017972314,-1.8815103332850935e-05,0.004854388589242207,0.002609700329524633,7.752841259372478e-06
0.2722723456857436,-0.24730479018006107,0.3660409834498894,-0.2406151324588578,0.20395287481357705,0.13714439466371373,-0.00978283290130176,-0.00558474062556119,-1.8990350028194363e-05,0.004889884236164315,0.0025860029198400605,7.837237349878522e-06
0.2698573265492617,-0.24524574758961368,0.36738184180456834,-0.24075673245785703,0.2045717100781571,0.13742401781908217,-0.00973362179638221,-0.005559115517583605,-1.9161206182512793e-05,0.004921015293620409,0.002562555514744116,7.920629345302086e-06
0.26744093811442543,-0.2431806149061233,0.3687255691799441,-0.2408955605596746,0.20518471266430421,0.1377013284945151,-0.009684202377179962,-0.005533699760506773,-1.932793775953825e-05,0.004941849445575475,0.0025416177944840037,8.003432005284055e-06
0.265023207840101,-0.24110945136645937,0.370072140019861,-0.24103164324885396,0.20579186552260423,0.13797596232971132,-0.009634634911712193,-0.005508485226873162,-1.9490638211312216e-05,0.004956656719823644,0.0025214928882152086,8.08635669655406e-06
0.2626041629612489,-0.2390323162298018,0.37142152622780145,-0.24116500031630667,0.20639317468281024,0.13824766351359416,-0.009584875295583023,-0.005483498112588536,-1.9649069646302903e-05,0.004975874540597527,0.0024987482995968533,8.169462630665655e-06
0.2601838304549957,-0.23694926882942147,0.3727736979474522,-0.24129565236697087,0.2069886473722353,0.13851624717921399,-0.009534827978443601,-0.005458779796489061,-1.9802858072078355e-05,0.0050046475756216156,0.0024718656754324215,8.252073852832624e-06
0.25776223698438844,-0.23486036870505902,0.3741286241427033,-0.24142362800688258,0.20757826904894014,0.1387815934081645,-0.00948445536621049,-0.005434351854903909,-1.9951829462560268e-05,0.005037180086529039,0.0024428253675117064,8.333502499212994e-06
0.2553394088306439,-0.23276567557453295,0.3754862841504067,-0.24154896127021316,0.20816200270627827,0.13904475049518097,-0.009433823542624904,-0.005410200387551933,-2.0096145789179874e-05,0.0050631041077267396,0.002415175195665664,8.414094208456124e-06
0.25291537200482545,-0.23066524945019226,0.37684664176326715,-0.24167168987779122,0.20873981806644676,0.1393041829280139,-0.009383042238576937,-0.0053863059304334665,-2.0236020609819235e-05,0.005078054898285252,0.0023894715547320275,8.493948770112877e-06
0.2504901521858003,-0.228559150268198,0.37820967284910917,-0.24179183999310216,0.20931170685245773,0.13956110578119726,-0.00933214138064654,-0.005362669279044404,-2.0371473181291698e-05,0.00509001299567258,0.0023636884012370085,8.573422263185365e-06
0.2480637747766471,-0.2264474379615178,0.379575350045647,-0.241909436263266,0.20987768202752857,0.13981518967304818,-0.009281049894537518,-0.005339321020887594,-2.0502247544962845e-05,0.005109078635048861,0.0023348464073816334,8.652283263536958e-06
0.2456362649012311,-0.22433017263634375,0.38094363232726297,-0.24202450818790572,0.21043775080506716,0.14006505994934915,-0.009229680586832267,-0.005316298733398094,-2.0628027067065718e-05,0.005136863759033476,0.002302246554229464,8.730428749148582e-06
0.24320764730266042,-0.2222074145792783,0.3823144807588912,-0.2421370904869011,0.2109918936018377,0.1403109281526522,-0.009178027642270882,-0.005293614618552975,-2.074874121474698e-05,0.005165230419255427,0.0022684265068288537,8.80709998326331e-06
0.24077794633217608,-0.220079224284048,0.38368785766887276,-0.2422472232712745,0.21154007479615194,0.1405529378140201,-0.009126186022507515,-0.005271253633564273,-2.0864568541154133e-05,0.005184100792759723,0.0022361108548259482,8.882640701183147e-06
0.23834718597588114,-0.2179456623298878,0.3850637261271362,-0.2423549443658388,0.21208227007907454,0.14079118233657378,-0.009074259573450885,-0.0052492001777757905,-2.097569120132444e-05,0.005192586454059074,0.002205355384808131,8.95720695437977e-06
0.23591538988246213,-0.21580678923736818,0.3864420497140651,-0.24246028543284776,0.212618482943326,0.14102571843558045,-0.00902225810491824,-0.005227463748493956,-2.10820588319652e-05,0.005200091135796523,0.002173650192013949,9.031233758504087e-06
0.23348258135675806,-0.21366266545450785,0.3878227920998927,-0.24256327573913192,0.21314873204082682,0.14125654619151207,-0.008970096612799986,-0.005206076920430558,-2.118341513710375e-05,0.0052160963379912105,0.002138687444101006,9.104627866404802e-06
0.2310487833183944,-0.21151335147717715,0.38920591701254115,-0.24266394927425403,0.21367302316202366,0.14148366259830442,-0.008917696646919476,-0.005185068090197832,-2.127954916046242e-05,0.005239946642345973,0.0021008849753317467,9.17694199438841e-06
0.22861401826506048,-0.20935890796822387,0.3905913881150005,-0.2427623474833166,0.21419133602294335,0.14170706741960656,-0.008865080938951908,-0.005164439284133203,-2.1370491086975484e-05,0.005261523737973796,0.002062879923277552,9.247920417427628e-06
0.22617830827252344,-0.20719939573699395,0.39197916892406887,-0.242858514628263,0.21470364004961254,0.14192676635486384,-0.008812359469605133,-0.005144173009797196,-2.1456443044935797e-05,0.005272102633824136,0.0020266242403399566,9.317813726722445e-06
0.22374167502247436,-0.20503487558978378,0.3933692228400894,-0.24295249117501003,0.21520992272176673,0.14214276526655614,-0.008759619509427021,-0.00512425894344258,-2.153754070825913e-05,0.005273954381925083,0.001991401025245337,9.386906229903413e-06
0.22130413982125943,-0.20286540820507698,0.39476151319752906,-0.2430443121784729,0.21571019926094673,0.14235505804633125,-0.008706840235237734,-0.005104711541348502,-2.16136986932083e-05,0.0052778884694342,0.0019547321760904927,9.455570124300419e-06
0.21886572358381348,-0.20069105415974756,0.3961560032985657,-0.24313401213874503,0.21620449305265035,0.1425636291585604,-0.008653925082473233,-0.005085560270948453,-2.1684706697497597e-05,0.005291479098298112,0.0019151165257825355,9.523386039159164e-06
0.21642644679533396,-0.19851187406739731,0.39755265638717374,-0.24322163096137106,0.21669280836713334,0.1427684656734319,-0.0086008151766053,-0.00506682356501167,-2.1750458787814648e-05,0.005310957211162365,0.0018736575900829692,9.589769566682326e-06
0.21398632948734203,-0.19632792867033855,0.3989514356712156,-0.24330721440588482,0.2171751244429236,0.1429695748642177,-0.00854756255688637,-0.00504849553535163,-2.181106317991047e-05,0.005325231321643837,0.0018327875583403798,9.654467310905622e-06
0.21154539124801058,-0.1941392787763066,0.4003523043191985,-0.24339080886072745,0.2176514176430509,0.14316697495536793,-0.00849428325355321,-0.005030558791847662,-2.1866721815140814e-05,0.005327902285375051,0.0017936566607193304,9.71798512057544e-06
0.20910365124937041,-0.19194598509825533,0.40175522545343584,-0.24347245626934053,0.21812168797552137,0.14336067505829697,-0.008441039499058257,-0.005013008153164458,-2.191752849189574e-05,0.0053243499368469255,0.001755043969509132,9.780687468569113e-06
0.20666112825797076,-0.18974810816375015,0.4031601621414109,-0.24355219445200463,0.2185859606922013,0.14355066410686457,-0.00838778049876177,-0.0049958598544807805,-2.1963397863534768e-05,0.0053258770759790405,0.0017148077578614264,9.842393978335224e-06
0.20421784061502668,-0.1875457083840311,0.4045670773735781,-0.24363006221990913,0.2190442613542544,0.14373691945436298,-0.008334405653103491,-0.00497913709549055,-2.2004188062966314e-05,0.005337464223073648,0.0016722515516127158,9.903064900407415e-06
0.20177380620554133,-0.18533884619909596,0.40597593407118104,-0.24370610357644357,0.21949659156861123,0.14391942986826675,-0.008280880445322877,-0.004962848371435893,-2.203988689627357e-05,0.005352503033548415,0.0016288458531283079,9.962218829809186e-06
0.19932904244747712,-0.18312758213580915,0.4073866951125881,-0.2437803664451619,0.21994293109616686,0.1440982063021208,-0.008227281629464752,-0.004946982420811352,-2.2070647967597327e-05,0.005359866345307231,0.0015865664059567222,1.0019770933931892e-05
0.1968835663089636,-0.18091197670778697,0.4087993233314564,-0.24385289763683574,0.2203832645936324,0.1442732664626654,-0.008173721022984873,-0.004931523899271911,-2.209665723738124e-05,0.005356047802683898,0.0015458215053219563,1.0075812761446963e-05
0.1944373943316608,-0.1786920902584239,0.41021378151025034,-0.24392373961249553,0.22081760392918545,0.14444461343390555,-0.008120230223147602,-0.004916471557839013,-2.2117979573645898e-05,0.005349069485931141,0.001505201561373157,1.0130833202311466e-05
0.1919905426347076,-0.1764679829124049,0.41163003233768525,-0.24399293214723086,0.2212459814385639,0.14461222616558966,-0.008066732911258772,-0.004901840204680489,-2.2134551069424625e-05,0.00534972305498623,0.0014631008075324603,1.0184654095978433e-05
0.18954302689521008,-0.17423971468075108,0.4130480384532617,-0.24406051689211297,0.22166842178264293,0.14477608362477168,-0.008013133321202183,-0.004887645009067028,-2.2146308624900847e-05,0.005359953251944239,0.0014194831356631546,1.0237015916376512e-05
0.18709486232755307,-0.1720073456004091,0.41446776242968125,-0.2441265397733809,0.22208492283667128,0.14493617882051804,-0.007959424697159536,-0.004873885974861103,-2.2153314869225903e-05,0.005370858985985921,0.0013758651385907983,1.028763805876489e-05
0.18464606368366163,-0.16977093575292745,0.4158891667985746,-0.24419104869807384,0.22249546580504712,0.145092526593877,-0.007905702173572034,-0.004860549253909087,-2.215574193152267e-05,0.005372251178742604,0.0013336320601284508,1.0336631829770367e-05
0.18219664527298154,-0.1675305451360031,0.41731221404696783,-0.24425408939867646,0.2229000442125224,0.1452451427190829,-0.007852064095032144,-0.004847622352535869,-2.2153748412152956e-05,0.005363808822942817,0.0012926484443432956,1.0384192551070875e-05
0.17974662098084596,-0.16528623352306931,0.4187368665919558,-0.24431570385577367,0.2232986800530149,0.14539402173227806,-0.007798509298182775,-0.004835106150384422,-2.2147384906977805e-05,0.005355482767009428,0.0012515769147372602,1.0430510640630139e-05
0.17729600426784597,-0.16303806045977137,0.42016308679721837,-0.2443759326513939,0.22369140929710446,0.14553914130625675,-0.007744942927500379,-0.004823011573823008,-2.2136625165076736e-05,0.0053566422654430105,0.0012094127693228877,1.0475408181486196e-05
0.1748448081545613,-0.16078608539619454,0.42159083695282296,-0.24443481850843657,0.2240782529874733,0.145680478564072,-0.007691282309897862,-0.004811345424839775,-2.2121479995639898e-05,0.005366069057209601,0.001166568462773656,1.0518430040632522e-05
0.17239304521140042,-0.15853036780866964,0.42302007931968255,-0.24449240707291,0.22445920475157075,0.14581803509687066,-0.007637549318660669,-0.004800101317348195,-2.2102062549895147e-05,0.0053733084564636935,0.0011243628419352525,1.0559532278302558e-05
0.16994072756709191,-0.15627096717740263,0.4244507761251034,-0.24454874430362555,0.22483424814672653,0.14595182911425658,-0.00758385007392145,-0.004789265010667471,-2.2078544991672035e-05,0.005369935751093176,0.0010835813870619653,1.0598768665079245e-05
0.16748786692834056,-0.15400794284006028,0.42588288952028097,-0.24460387356708369,0.22520338554351826,0.14608186946907567,-0.0075302619690729815,-0.004778826805147868,-2.2051058116886344e-05,0.005358823635926318,0.0010437699751126449,1.0636712847904816e-05
0.16503447459286805,-0.1517413538785283,0.4273163816172149,-0.24465783539037553,0.22556664667864826,0.14620814659554612,-0.007476752216845101,-0.004768787477716286,-2.201965157524115e-05,0.005350990216885114,0.0010038809162061504,1.0673475741106287e-05
0.16258056144756167,-0.14947125915970044,0.42875121449564524,-0.24471066982897285,0.22592406776892648,0.14633063635623048,-0.007423215956851973,-0.004759152331668344,-2.1984343234273792e-05,0.005353642821314362,0.000963461562533391,1.0708798123389401e-05
0.16012613795983213,-0.14719771748279678,0.43018735021262555,-0.2447624186792615,0.22627566409129127,0.14644932350663944,-0.007369591016222968,-0.00474992070072305,-2.194519944950632e-05,0.005362512675170633,0.0009231088916090777,1.0742251641554585e-05
0.15767121417739857,-0.14492078767383385,0.431624750725522,-0.24481312518035725,0.22662142521934348,0.14656420791157998,-0.0073159267131191336,-0.00474108253422099,-2.1902354790143158e-05,0.005366450643535221,0.0008837613654969005,1.077389642576751e-05
0.15521579974087948,-0.1426405285227131,0.4330633779805673,-0.2448628317023495,0.22696133818053074,0.14667531123186867,-0.007262332000236148,-0.004732624929436604,-2.1855962634270758e-05,0.005359493264784838,0.0008457041954609456,1.0803843243325187e-05
0.1527599039004687,-0.14035699863033818,0.4345031938791856,-0.24491157823719537,0.22729541374246467,0.14678264011563671,-0.0072088580910429885,-0.004724540031271866,-2.1806135144678933e-05,0.005347414481841741,0.0008084326006519255,1.0832416692882668e-05
0.150303535525296,-0.13807025633085915,0.43594416028636196,-0.24495940289808768,0.22762368688990517,0.14688617822081743,-0.007155444085445667,-0.004716826456837012,-2.1752935853853428e-05,0.005341425674608826,0.0007712993414905022,1.0859690675726898e-05
0.14784670310339196,-0.1357803597726479,0.43738623902013873,-0.24500634374504038,0.2279461911250713,0.14698589791758335,-0.0071019843125588785,-0.004709483301868199,-2.169642390834502e-05,0.0053460039248085095,0.0007342565538333084,1.0885669169378102e-05
0.14538941470917774,-0.13348736700378133,0.4388294045514097,-0.24505243655550335,0.22826293205603454,0.14708305680132536,-0.007048444061312437,-0.0047025067319494095,-2.1636674113066862e-05,0.0053540532440433915,0.0006975972568801809,1.0910795286823613e-05
0.14293167805015672,-0.13119133611475456,0.4402736271872525,-0.24509772121323434,0.2285738971967319,0.14717725394840406,-0.0069948964412377005,-0.004695887241854303,-2.1573803354994823e-05,0.005354791552851939,0.0006618885465758566,1.0934800882177893e-05
0.14047350047556212,-0.128892325132651,0.4417188744100773,-0.24514223611985098,0.22887907955718656,0.14726822876224138,-0.00694144198447934,-0.004689615257521343,-2.1507933463370764e-05,0.0053454765880970815,0.0006271373082755822,1.0957146168354867e-05
0.13801488898559275,-0.12659039187213525,0.44316511178806195,-0.245186017808397,0.22917849851941424,0.14735579380271177,-0.006888098470017941,-0.004683684746394968,-2.1439159142657757e-05,0.005334383679404032,0.0005929893798583981,1.0977971626166185e-05
0.13555585023576613,-0.12428559390048191,0.4446123036179079,-0.24522910181091093,0.22947219151795223,0.14743980297583267,-0.006834781679894862,-0.00467809149798733,-2.136755675503098e-05,0.005331712529724716,0.0005592625460622275,1.0997735540659731e-05
0.13309639053922964,-0.12197798865026906,0.4460604132879315,-0.2452715235520048,0.2297601861212908,0.14752014326565835,-0.006781396232277935,-0.004672829352032592,-2.1293215624170545e-05,0.005338579520735544,0.0005261517895075664,1.1016347653311796e-05
0.1306365158718094,-0.1196676335547491,0.4475094036142045,-0.24531331830676864,0.2300424827002148,0.14759675517734067,-0.006727937835554482,-0.004667888730730793,-2.1216249907907863e-05,0.005345875619241116,0.0004939988726617683,1.1033511919505317e-05
0.12817623188246008,-0.1173545860602225,0.4489592369974888,-0.24535452039007954,0.230319066112272,0.14766961672607545,-0.006674498073960565,-0.004663259053787784,-2.1136782025776017e-05,0.005344013236856214,0.0004629040472358379,1.1048947503888718e-05
0.1257155439048562,-0.11503890349958591,0.4504098755782801,-0.2453951626733974,0.2305899342827151,0.14773872110045955,-0.006621164736228789,-0.004658931239986439,-2.105492088665664e-05,0.005333371930559823,0.00043271739831399523,1.1062880565701475e-05
0.12325445696653528,-0.11272064296440368,0.45186128131834374,-0.24543527693261,0.23085511255796987,0.1478040470871108,-0.006567926092962834,-0.004654897235465456,-2.0970763327894634e-05,0.005323903519164682,0.0004033361836478778,1.1075704955240518e-05
0.12079297579665578,-0.11039986131538801,0.4533134159308944,-0.245474894374008,0.23111463806082122,0.14786554621193684,-0.006514684005325022,-0.00465114786854605,-2.0884411034795178e-05,0.005324248944809111,0.00037487218592749887,1.1087508878434023e-05
0.11833110483529209,-0.1080766153182756,0.4547662408197592,-0.24551404559194953,0.23136853158270404,0.1479231676324992,-0.006461359281202601,-0.00464767206997865,-2.0795977403785704e-05,0.005332513529778415,0.00034751516639415183,1.1098171208153406e-05
0.11586884824522764,-0.10575096175916848,0.45621971718382576,-0.245552759989044,0.23161678697566235,0.14797689476695197,-0.0064079764492489715,-0.004644458588951472,-2.0705578285560336e-05,0.0053383251965010885,0.00032128328235117804,1.1107381154201072e-05
0.11340620992432854,-0.10342295741691074,0.45767380599987556,-0.24559106552238882,0.23185938941813308,0.14802672763780322,-0.00635463729227697,-0.004641497692588253,-2.0613317986922137e-05,0.005333958534565746,0.0002960247348096781,1.1115168587106832e-05
0.11094319351510087,-0.10109265892072987,0.45912846809518154,-0.2456289890883001,0.23209634327164574,0.1480726659747343,-0.006301409707782803,-0.00463878018171003,-2.0519293821419185e-05,0.005322802079036025,0.0002716861492774982,1.1121762874294174e-05
0.10847980241321106,-0.09876012264950389,0.4605836641390865,-0.24566655701692683,0.23232767892428102,0.1481146832883871,-0.006248253829233603,-0.004636295003746487,-2.042361214258663e-05,0.005315632228751044,0.00024845286634456377,1.1127273764103411e-05
0.10601603977814834,-0.0964254047817544,0.46203935467240753,-0.24570379498146705,0.2325534313145133,0.1481527402471986,-0.0061950652515821375,-0.00463402829561892,-2.0326391463109024e-05,0.005318902829595304,0.0002266059393883296,1.1132034876929145e-05
0.10355190854806876,-0.0940885614415034,0.4634955001666469,-0.24574072718573353,0.23277361376350988,0.14818681419387408,-0.006141786863021544,-0.004631965960022214,-2.0227751779042265e-05,0.005327884556893825,0.00020616879209564803,1.1135803286646011e-05
0.1010874114553647,-0.09174964878424754,0.46495206104999554,-0.24577737584957035,0.23298821489894359,0.14821691094439904,-0.006088470069473121,-0.004630096751471669,-2.0127797078762476e-05,0.005331725645274822,0.00018685623765120658,1.1138213879463503e-05
0.09862255103817251,-0.08940872293052157,0.466408997706616,-0.24581376168811755,0.23319722218779823,0.14824304918448053,-0.0060352188683643945,-0.004628411856630491,-2.002661463871348e-05,0.005325166951888378,0.00016842505434449406,1.1139300484615491e-05
0.09615732964796796,-0.08706583981887708,0.4678662704541888,-0.24584990488660163,0.23340064686820414,0.14826523089533655,-0.005982076107967469,-0.004626901018622569,-1.9924296535562098e-05,0.005314323390077201,0.00015101959518760462,1.1139319897379202e-05
0.09369174945855104,-0.08472105513916238,0.46932383959557317,-0.24588582533966577,0.2335985228340211,0.14828343701389363,-0.005928976623200321,-0.004625549751244581,-1.9820955043984556e-05,0.005309996285895108,0.0001350627972207117,1.1138601404005822e-05
0.09122581248101373,-0.08237442441903702,0.47078166540194283,-0.2459215418524956,0.23379088097843986,0.14829763713427024,-0.005875817251889454,-0.004624340909026044,-1.9716716362788376e-05,0.0053159853419869185,0.00012082059141082689,1.1137077585445366e-05
0.08875952058274526,-0.08002600316985953,0.4722397081413294,-0.24595707099684105,0.23397772691623417,0.1483078209100132,-0.005822566829578,-0.004623259532552466,-1.9611691387271123e-05,0.005325090793681258,0.00010807436742409656,1.1134719887367684e-05
0.08629287550356202,-0.0776758469365288,0.4736979281534406,-0.2459924269884159,0.2341590456997566,0.14831401112425766,-0.005769298928841554,-0.004622295468640437,-1.950596296378596e-05,0.0053268389506277635,9.634349347271955e-05,1.1131313642097842e-05
0.08382587886530311,-0.0753240111988808,0.4751562857223215,-0.24602762289053984,0.23433482872579678,0.1483162240235188,-0.0057161113079035155,-0.004621440285532944,-1.9399602974313033e-05,0.005318811253064567,8.545582222595932e-05,1.1126813713486506e-05
0.08135853217777352,-0.07297055123066297,0.47661474123244973,-0.24606267164605528,0.234505093787327,0.1483144711250651,-0.005663018235596455,-0.004620681888525097,-1.9292700842577258e-05,0.005309356631905548,7.577765162292182e-05,1.1121418574169197e-05
0.07889083685001183,-0.07061552207284656,0.4780732550949137,-0.2460975859050257,0.23466987621194843,0.14830873180162588,-0.005609934057620598,-0.004620002802911823,-1.9185371721891803e-05,0.005308467388384003,6.784698779443894e-05,1.1115389981944986e-05
0.0764227942091447,-0.06825897864979899,0.47953178773556465,-0.2461323766006714,0.23482920104090013,0.14829898173726613,-0.005556764188627035,-0.004619384464098427,-1.9077733368538806e-05,0.005317036626053511,6.17728202686408e-05,1.1108791061748165e-05
0.07395440552114912,-0.06590097590455471,0.48099029960932554,-0.24616705190295435,0.23498306628786153,0.14828522040452496,-0.005503505004663194,-0.004618812901161818,-1.8969874820700633e-05,0.005325968218393562,5.7095773407132196e-05,1.1101655183547687e-05
0.07148567200524625,-0.06354156881019964,0.48244875122929093,-0.246201617766871,0.23513145494493337,0.14826747342759775,-0.005450246389738101,-0.004618279296842681,-1.8861860512513738e-05,0.005325911380497082,5.3300474463073384e-05,1.109340061339609e-05
0.06901659484077645,-0.06118081224564592,0.48390710320104263,-0.24623607944207723,0.23527436330448992,0.14824576857259714,-0.0053970722269932525,-0.004617774852630234,-1.87537536683282e-05,0.00531746619959375,5.038504676945779e-05,1.1084002159014196e-05
0.06654717514371912,-0.05881876082853757,0.48536532914516567,-0.24627043868889917,0.23541181245427828,0.1482214019596605,-0.005343965330961713,-0.0046172898943248,-1.864561703828895e-05,0.005310739536663818,4.8437057110384195e-05,1.107383829800543e-05
0.06407741401649072,-0.056455468991145376,0.48682339844371403,-0.24630470120539408,0.235543837840856,0.14819392280233668,-0.005290823876760005,-0.004616808336596069,-1.853754483427683e-05,0.005314195318711396,4.80976267247122e-05,1.1063014472540295e-05
0.061607312562780285,-0.05409099111554137,0.4882812776538435,-0.24633887054418652,0.23567045709681683,0.1481630270428542,-0.005237569364278047,-0.004616314134177032,-1.8429624687706486e-05,0.005325501071274027,4.936274674229811e-05,1.105190679589872e-05
0.059136871903288944,-0.051725381644624764,0.4897389314769941,-0.2463729474383502,0.2357916604579846,0.14812853378078597,-0.005184229412247333,-0.004615796618999094,-1.8321917907789958e-05,0.0053340449222058104,5.1694691129913814e-05,1.104008774838479e-05
0.05666609318439452,-0.04935869504706214,0.4911963233910723,-0.24640693087499826,0.23590743026816438,0.14809034391708606,-0.005130906163635933,-0.004615249074509998,-1.8214461759299494e-05,0.005332374458858201,5.4698300281433186e-05,1.1027756008372447e-05
0.05419497758109432,-0.046990985672133126,0.4926534160880076,-0.24644081971520557,0.23601776893288118,0.14804839239475248,-0.0050776627165397955,-0.004614662280055127,-1.810730929200439e-05,0.005324394161084495,5.862398825342357e-05,1.1014508323680013e-05
0.051723526303389375,-0.0446223076534914,0.49411017176334504,-0.24647461299144233,0.2361227046262783,0.14800261561076009,-0.005024452066843413,-0.00461402062686022,-1.8000545131755004e-05,0.005321114235348293,6.4110574597798e-05,1.1000267507355302e-05
0.04925174061190274,-0.04225271496754726,0.4955665522756096,-0.24650830860607229,0.23622226876137997,0.14795295033766145,-0.0049711652039466534,-0.00461330506181075,-1.7894267076751945e-05,0.005328735323874228,7.150249635002436e-05,1.0985183893370631e-05
0.0467796218385689,-0.039882261584501665,0.49702251931003005,-0.2465419018655701,0.2363164698561123,0.14789936260532952,-0.004917745061023128,-0.0046124995412240855,-1.778855140986963e-05,0.005342063059054201,8.049880417537363e-05,1.0969609410636994e-05
0.044307171403576276,-0.037511001553131695,0.4984780344739899,-0.24657538542313895,0.23640529155788287,0.1478418555440663,-0.004864245007067501,-0.004611594173688055,-1.76834417411129e-05,0.005350053873738608,9.048426239983218e-05,1.0953542418104212e-05
0.04183439082360973,-0.035138988930284824,0.499933059360011,-0.24660875071437474,0.23648871719264533,0.14778045099784,-0.004810768143100655,-0.0046105815073585734,-1.7578970495114028e-05,0.005347734570397583,0.00010121491079306951,1.0936767394512747e-05
0.039361281747064325,-0.032766277667552836,0.5013875424878361,-0.24664199275220489,0.2365667580434639,0.14771384667380133,-0.004757347240681725,-0.004609446760209413,-1.7475207605827628e-05,0.005342138077832733,0.00011342377635138352,1.0918927444375028e-05
0.03688784589844824,-0.03039292147661429,0.5028414489748377,-0.24667509833638412,0.2366394402452291,0.14764368247056356,-0.004703909183894836,-0.004608175878665959,-1.7372302134826363e-05,0.005343853106982614,0.0001270380522965064,1.089152723490216e-05
0.034414085133083555,-0.028018973974134442,0.504294742914193,-0.24670805745612098,0.23670678882848656,0.14756982733024598,-0.004650348145638489,-0.004606750959716013,-1.7270301941011367e-05,0.0053561508229651705,0.00014244263038281607,1.0866250051620757e-05
0.03194000148797377,-0.0256444888611923,0.5057473745127036,-0.24674086082446975,0.2367688061738948,0.14749088100062271,-0.0045966299141638675,-0.004605154813500491,-1.716925585834e-05,0.005371869689938979,0.00015956619771644124,1.0842366910123095e-05
0.029465597130259452,-0.023269519903307077,0.5071993093510523,-0.24677348945611463,0.2368254665636502,0.14740839799892752,-0.0045428321335064,-0.0046033795189676764,-1.7069175046826262e-05,0.005379824146760844,0.00017748186612956784,1.0819129604931224e-05
0.026990874430709612,-0.020894120895271436,0.5086504994644798,-0.24680593085493846,0.2368767587708811,0.1473210438890777,-0.0044890484697859565,-0.004601413584275028,-1.697008973604181e-05,0.005378411976169121,0.00019654671899468906,1.0796126459663506e-05
0.024515835906361,-0.018518345456797026,0.5101009117976759,-0.24683816513992568,0.2369226913551762,0.14723031014342297,-0.004435289506923044,-0.004599245624791228,-1.687203231230015e-05,0.005375941397073899,0.00021675003588394434,1.0772917946409337e-05
0.022040484298556852,-0.01614224707656434,0.5115504994330742,-0.24687017896026017,0.23696329706287184,0.1471347839915755,-0.004381459397196074,-0.004596856751271895,-1.67750644413666e-05,0.005383055560163165,0.0002388422843050802,1.0749691859164744e-05
0.019564822526614276,-0.013765879176252237,0.512999230026809,-0.24690194974107824,0.23699858964986428,0.14703589737604233,-0.004327461918595794,-0.004594233296502684,-1.6679224445098697e-05,0.0053997919048867455,0.0002623012572347355,1.0726177014785729e-05
0.017088853768786928,-0.01138929531115237,0.5144470572084804,-0.24693345996457633,0.23702856193064295,0.1469322436865996,-0.004273291883937614,-0.004591361471708491,-1.6584546791055473e-05,0.005417046950518027,0.000287139109656696,1.0702567103582253e-05
0.014612581408999101,-0.009012549121080373,0.515893949023371,-0.24696468336990737,0.23705318459695474,0.1468252859664505,-0.004219044363991858,-0.004588234249974861,-1.6491039019426188e-05,0.005424794913932253,0.0003126796498665338,1.0678461312140123e-05
0.012136009051349135,-0.006635694209413753,0.5173398840584159,-0.24699559374205568,0.23707244327028823,0.14671609900574734,-0.004164808505489181,-0.004584846577422841,-1.6398698460301685e-05,0.0054236282038194914,0.00033872557091783477,1.0653960913827454e-05
0.009659140590497078,-0.00425878407229552,0.5187848226728261,-0.24702617225200446,0.2370863589751447,0.14660285238547485,-0.004110562748283755,-0.004581184964632895,-1.6307556072382254e-05,0.005424617492426625,0.0003661204333613165,1.0629120997316146e-05
0.00718198020882687,-0.0018818721037339044,0.5202287139521682,-0.2470563977209306,0.23709496213512746,0.1464843888234476,-0.004056195857409025,-0.004577231914709702,-1.6217659461004634e-05,0.005436730254199022,0.00039526498910738165,1.0603667681386743e-05
0.0047045323310634934,0.0004949883064551781,0.5216715230255935,-0.24708623998880877,0.23709825769614212,0.1463622915740747,-0.004001627023784839,-0.004572976705865988,-1.612901995837806e-05,0.005456923917128328,0.0004254817193817229,1.057816688024649e-05
0.0022268017006145794,0.00287174360138857,0.5231132023535661,-0.24711567461984632,0.23709622982692938,0.1462352970272742,-0.003946879995661285,-0.004568407065729485,-1.6041653376311762e-05,0.00547474274615684,0.00045692568378395584,1.0552584009734432e-05
-0.0002512066735055464,0.005248340136572355,0.5245537194557189,-0.2471446691513209,0.23708884761460816,0.14610493487688894,-0.003892060410461852,-0.004563515131530583,-1.5955559280261127e-05,0.005481997831408733,0.0004891559186385075,1.0526627859139592e-05
-0.0027294874450478207,0.007624724278066397,0.5259930285733545,-0.24717319768904672,0.23707610775004467,0.1459698891715529,-0.0038372291605203936,-0.00455828759155513,-1.587075909105535e-05,0.005483163671915436,0.0005227173221186536,1.0500120880746142e-05
-0.005208034926396301,0.01000084250267788,0.5274310745872983,-0.247201232385828,0.23705803136235779,0.14582920901529042,-0.0037823363220882565,-0.004552709168309832,-1.5787280318268624e-05,0.00548932187320189,0.0005578064731684923,1.04729830003805e-05
-0.00768684313522892,0.012376641383005295,0.5288678199786575,-0.2472287367278926,0.23703463644781994,0.1456846272442966,-0.0037272726248098226,-0.0045467716730195895,-1.570511630698541e-05,0.005506407111598072,0.0005937144931624245,1.0445666322227751e-05
-0.010165905721348664,0.014752067388891957,0.5303032159713321,-0.24725568032477416,0.23700592542663704,0.1455350011889738,-0.003671974410241944,-0.004540464792063264,-1.5624270257881803e-05,0.00552985819142898,0.0006306538700815443,1.0417769324210726e-05
-0.012645216018417308,0.017127066835170693,0.5317372291068585,-0.24728202536971994,0.23697186853529012,0.1453818742839486,-0.003616495332373358,-0.004533781623894429,-1.5544728868724618e-05,0.005547943877066184,0.0006682833929870372,1.0389502291747978e-05
-0.015124766974940463,0.019501585909431934,0.5331698132849993,-0.24730774071778053,0.2369324420140657,0.14522400413556452,-0.003560937909336062,-0.00452670922055274,-1.546650210037135e-05,0.005555777743683253,0.0007072077071931702,1.0360625887745142e-05
-0.017604551202537608,0.02187557085825968,0.5346009369475132,-0.24733278703795675,0.2368876396065598,0.145062853821172,-0.0035053451819616723,-0.0045192392853916075,-1.5389581478977657e-05,0.005559307529751172,0.0007469616772071672,1.0331163789506782e-05
-0.020084560904902817,0.024248968016832958,0.5360305555601168,-0.24735713037757284,0.23683748485601244,0.14489710678605155,-0.0034496428986205935,-0.004511363249449636,-1.5313953411143468e-05,0.00557026248378326,0.000787572532985738,1.0301565249431602e-05
-0.022564787930652308,0.026621723748351873,0.5374586387444343,-0.24738072868239472,0.2367819905938617,0.14472815354111151,-0.003393722999940634,-0.0045030802198723725,-1.523957185469128e-05,0.00559202339475649,0.0008282726585073465,1.0272221130923962e-05
-0.02504522371370105,0.02899378425674726,0.5388851429467072,-0.24740354699320594,0.2367211499192324,0.14455466716883594,-0.003337549114649304,-0.004494384225009479,-1.5166416536651278e-05,0.00561742144111776,0.0008695699403237557,1.0242166208303957e-05
-0.027525859330082933,0.0313650955633351,0.5403100385198438,-0.24742554390458604,0.2366549276645649,0.14437805622454822,-0.003281200673805017,-0.0044852687463834435,-1.5094466442276969e-05,0.0056348763901551075,0.0009115190606573429,1.021154562696052e-05
-0.030006685431979905,0.033735603582317086,0.5417332827932302,-0.24744668445872428,0.23658330229001678,0.14419703951301402,-0.0032247777126218377,-0.004475720655051432,-1.502372360683213e-05,0.005642327815998792,0.0009547810694305802,1.0180153425819559e-05
-0.032487692292167684,0.03610525429584119,0.5431548469039359,-0.2474669249424111,0.23650627317665024,0.1440130010108322,-0.0031682959719550154,-0.004465734796358978,-1.4954159986073195e-05,0.00564820516808096,0.0009985585319496541,1.0148268106524381e-05
-0.0349688697387968,0.03847399375526283,0.5445746889797216,-0.24748622661392003,0.2364238644388299,0.14382461765897267,-0.0031116603736156675,-0.00445530946022269,-1.4885729537413853e-05,0.005663590358900507,0.0010425069878870015,1.0116470472702601e-05
-0.03745020721406432,0.040841767980354146,0.5459927808059233,-0.24750454363720598,0.23633608221440353,0.1436332338618874,-0.0030547715324684504,-0.004444450207383268,-1.4818366012931283e-05,0.005688914092115899,0.001085899353482639,1.0084390594155087e-05
-0.03993169372596546,0.04320852279164543,0.5474090812418451,-0.2475218385233316,0.23624291065141392,0.14343755548696424,-0.0029976236418053762,-0.004433153311555177,-1.4752033535621054e-05,0.0057148185114378,0.0011296643372201663,1.0051810686936603e-05
-0.042413317905834025,0.04557420381934657,0.5488235626910745,-0.2475380687581942,0.23614431148930506,0.14323895880025828,-0.002940317094322449,-0.00442140809626709,-1.468671592421808e-05,0.0057306836677066455,0.00117449696034426,1.0018782835671763e-05
-0.044895067984280584,0.04793875663590388,0.550236206548779,-0.247553191130718,0.23604026215445784,0.1430383641955679,-0.0028829471597376605,-0.0044092062973661765,-1.4622388663440334e-05,0.005737021862421874,0.0012201559889896084,9.985346061589304e-06
-0.04737693172482643,0.05030212687305431,0.5516469782757015,-0.24756716570384893,0.23593077492693915,0.14283417520826064,-0.002825498319762777,-0.00439654721327153,-1.4559006553097499e-05,0.005744911905340353,0.0012658851631243385,9.951303450282671e-06
-0.04985889640756735,0.05266426020528118,0.5530558198935728,-0.24757995319538653,0.23581587583473784,0.14262402384742712,-0.002767858972950497,-0.004383436524307745,-1.449650061203228e-05,0.0057639621227929295,0.0013110462890285927,9.917143042818415e-06
-0.05234094893561019,0.055025102231846694,0.5544626944216928,-0.24759150472296387,0.2356955629656749,0.14240999273105834,-0.0027099418275917226,-0.004369884781031356,-1.443479069466115e-05,0.005791741545747045,0.0013551523437112026,9.88259236036935e-06
-0.054823075786446705,0.05738459832947152,0.5558675555072008,-0.2476017819504089,0.23556981250395015,0.14219114983389677,-0.0026517695089771885,-0.004355887985269326,-1.4373840350259873e-05,0.005817258454952214,0.0013996582073485995,9.847288964515897e-06
-0.05730526303407995,0.0597426936845474,0.557270359337495,-0.24761074480951922,0.23543858805336387,0.1419677728663416,-0.0025934527385348674,-0.004341433021147999,-1.4313636777444159e-05,0.005831703226292249,0.0014454756527601375,9.811250280987704e-06
-0.05978749633423895,0.062099333448472224,0.5586710654183894,-0.24761835101014323,0.23530187366427652,0.1417402098098574,-0.002535067266916436,-0.004326509575570197,-1.4254155513026531e-05,0.0058385729424304525,0.0014923243996607864,9.774806294000514e-06
-0.062269760908167014,0.06445446285015084,0.5600696358606746,-0.24762455491664823,0.2351596818891824,0.1415087127096539,-0.002476569207051996,-0.0043111216756798925,-1.4195328141742586e-05,0.005849831394490142,0.001538770417676978,9.73858778304783e-06
-0.0647520415456951,0.0668080271414205,0.5614660345852052,-0.2476293099445104,0.23501203048992475,0.14127343956307037,-0.0024178406512109303,-0.0042952847231523756,-1.4137062185604712e-05,0.005872880658741443,0.001583676252515321,9.702147184511547e-06
-0.06723432262537919,0.06915997143263297,0.5628602265668323,-0.24763257247821974,0.2348589136780994,0.1410344837454332,-0.002358814840965006,-0.004279009752138535,-1.4079280096958285e-05,0.0059026057982624934,0.0016274786603035019,9.66513207752974e-06
-0.06971658813060133,0.07151024059239497,0.564252177508371,-0.24763430287072938,0.23470029835276168,0.14079193105003654,-0.0022995480064222865,-0.004262292093389009,-1.4021946253505067e-05,0.0059267079412155125,0.0016717479870321764,9.627159013932978e-06
-0.07219882164443038,0.07385877931960058,0.5656418539028045,-0.24763446227626956,0.23453614985521443,0.1405458858177646,-0.0022401590891425772,-0.0042451174654419,-1.396504330092424e-05,0.005938915934479606,0.0017174454551173192,9.588614794039859e-06
-0.07468100632897273,0.07620553231115569,0.5670292228412731,-0.2476330086979004,0.23436645985079174,0.1402964195195315,-0.0021807001979213736,-0.004227479776241397,-1.3908529350935701e-05,0.005945913064798021,0.0017637521201024026,9.550014417030468e-06
-0.07716312491476493,0.07855044434239675,0.5684142519321176,-0.2476298964792921,0.23419124544888356,0.1400435711896517,-0.0021210997704587797,-0.004209391646400208,-1.385231676064064e-05,0.005960066460873272,0.0018087967102041471,9.511768834606078e-06
-0.07964515971658885,0.08089346017303999,0.569796909335446,-0.24762508024094326,0.23401052083852406,0.13978737469255745,-0.0020612393508481026,-0.0041908749849309,-1.3796305494530875e-05,0.005986065488264452,0.001851650386362116,9.473210024657217e-06
-0.08212709266351068,0.08323452437977852,0.571177163634136,-0.2476185192169285,0.2338242721354603,0.13952786718982393,-0.0020010810826665477,-0.004171940679912188,-1.3740424334580298e-05,0.006015850186093727,0.0018934152467540624,9.433913685053546e-06
-0.08460890531492465,0.085573581295064,0.5725549838217974,-0.24761017701816282,0.23363246216426667,0.13926510852328403,-0.001940710165832748,-0.004152579789380847,-1.3684641131630002e-05,0.006037114903567195,0.0019360742995921257,9.394088117598608e-06
-0.0870905788480616,0.08791057512067499,0.5739303392051224,-0.24760001693604014,0.23343506071539602,0.1389991546975914,-0.0018802442105058839,-0.004132776866784488,-1.3628930479888003e-05,0.00604661861359371,0.0019802780033545144,9.354308093828597e-06
-0.0895720940345194,0.090245450095381,0.5753031992972735,-0.2475879978456903,0.23323206761367793,0.1387300326782648,-0.0018197062645303973,-0.004112531541818953,-1.3573236956643897e-05,0.006053817559846297,0.002024518730092331,9.314628319644676e-06
-0.0920534312366785,0.0925781505348569,0.5766735338830414,-0.2475740752119092,0.23302350311325754,0.13845775370418328,-0.001759000783273873,-0.004091865237633158,-1.3517463162730267e-05,0.006070571006969246,0.002066617131337301,9.275253988021494e-06
-0.09453457043497338,0.09490862070226515,0.578041312942287,-0.24755820662163833,0.23280937649119968,0.13818231915160664,-0.0016980173710339024,-0.004070804111119665,-1.3461510839392092e-05,0.006098364061839302,0.0021060998348201624,9.235610402007811e-06
-0.09701549126375979,0.0972368046496604,0.5794065065872152,-0.24754035583340794,0.2325896665271605,0.13790374417081455,-0.0016367509678240067,-0.004049355928913133,-1.3405320545229707e-05,0.006126663136552406,0.0021448058712637825,9.195209587801815e-06
-0.09949617302250871,0.09956264620184761,0.5807690851110989,-0.24752049068663437,0.2323643347385993,0.13762206985048447,-0.0015753101086173526,-0.004027506812493416,-1.3348867031426425e-05,0.0061441087209003695,0.0021848997587528515,9.154331381635417e-06
-0.10197659465536214,0.10188608910421311,0.5821290188772632,-0.24749857712611587,0.23213335780332098,0.1373373254866969,-0.00151380160107004,-0.004005241961745313,-1.3292122029110232e-05,0.006150873547528123,0.0022264736556373145,9.113376890091944e-06
-0.10445673472737547,0.10420707717694058,0.5834862783261955,-0.2474745756471111,0.2318967438736381,0.13704951956041442,-0.0014522160034106254,-0.00398256881054231,-1.3235019741951588e-05,0.006158582573940614,0.002267304159953809,9.072623947111748e-06
-0.10693657143080171,0.10652555430918752,0.5848408339778881,-0.2474484443407749,0.23165451476265522,0.13675864215051697,-0.0013904396492365918,-0.003959516973428626,-1.3177465077484009e-05,0.006177658274512139,0.0023051732037985473,9.031835909283902e-06
-0.1094160826236626,0.10884146430232781,0.5861926564199422,-0.24742014550758856,0.23140667381541635,0.13646468619242388,-0.0013283783720389965,-0.003936113722205731,-1.311937263124014e-05,0.0062061506555169885,0.0023403150639957656,8.990652071561281e-06
-0.11189524586698567,0.11115475073187835,0.5875417162178361,-0.24738964865895868,0.23115319368818346,0.1361676580137627,-0.0012660612293376886,-0.0039123611683611285,-1.30606957038043e-05,0.006231737298308017,0.0023752457755835204,8.948870083631794e-06
-0.11437403840947812,0.11346535698481586,0.5888879744641463,-0.2473569278989951,0.23089403865199937,0.13586663696883716,-0.001203615053955266,-0.003888243352380051,-1.3001406513044504e-05,0.006244640664789361,0.002411772439429875,8.907028614088754e-06
-0.11685243720415751,0.11577322642049623,0.5902314050194996,-0.24732194979668537,0.23062919192358924,0.13556291796861267,-0.0011411262565804003,-0.0038637479084004805,-1.2941471244880046e-05,0.006248902970345612,0.002449535689303066,8.865250994229336e-06
-0.11933041886094897,0.11807830250612625,0.5915719806764601,-0.24728467773656512,0.23035866969153218,0.13525638947719623,-0.0010785517922117485,-0.003838891004635828,-1.2880823604348909e-05,0.006257469796192252,0.002485682116084898,8.823430960745589e-06
-0.12180795966558383,0.12038052876335935,0.592909673557354,-0.24724507418143618,0.23008249366173494,0.13494696595550992,-0.001015767269564724,-0.0038137085341818995,-1.2819375926058405e-05,0.006278475778431246,0.0025182392315796433,8.781725396412769e-06
-0.12428503562754926,0.12267984859440027,0.5942444553510353,-0.24720310780113958,0.22980066071120323,0.13463459535064787,-0.0009527020858088451,-0.0037882254814830237,-1.2757065555986575e-05,0.006306542061587178,0.002548297904240771,8.739118994212772e-06
-0.12676162251441897,0.12497620517503376,0.5955762974244477,-0.24715875471447407,0.22951313907364088,0.13431925990715604,-0.0008894184035614809,-0.003762436777851711,-1.2693861742529982e-05,0.006328392088324941,0.00257886344926125,8.69562825902042e-06
-0.1292376958439905,0.12726954153327075,0.5969051709324908,-0.24711199239942103,0.22921989566149978,0.13400096456137126,-0.0008260473672372511,-0.0037363209225872484,-1.2629743458640197e-05,0.006337127674861172,0.002611579067629874,8.651823481625804e-06
-0.1317132308511976,0.12955980073304812,0.5982310468861439,-0.2470627928543364,0.22892092539230927,0.13367970859493772,-0.0007626492058851655,-0.003709872198319182,-1.2564668620161277e-05,0.00633984036526684,0.002644866424674413,8.608386357789953e-06
-0.13418820247478128,0.13184692596554148,0.599553896175257,-0.24701112242951673,0.22861625023202647,0.13335547086470873,-0.0006991503281373904,-0.0036831170743983252,-1.2498571239565597e-05,0.006349912209716826,0.0026755068479225384,8.565222351080956e-06
-0.1366625853727145,0.13413086046601697,0.6008736801575776,-0.24695695010279295,0.22830589184082697,0.13302728076246897,-0.0006354206759995615,-0.003656099940317603,-1.2431384092325045e-05,0.0063729898709373334,0.002701708324841796,8.521482050309548e-06
-0.139136354001892,0.13641154731314062,0.6021903632989665,-0.2469002510540405,0.22798983899790007,0.13269544658652327,-0.0005714181552658827,-0.0036288435464917074,-1.2363061353982297e-05,0.006400276961862035,0.002725634765231862,8.476930895257562e-06
-0.14160948264586093,0.13868892936124277,0.6035039121359096,-0.24684100816244733,0.22766805565919343,0.1323601957479277,-0.0005072375767521272,-0.0036013366872533746,-1.229357842006732e-05,0.006418082972230814,0.0027506817779871075,8.431768480352415e-06
-0.14408194539533908,0.14096294936653975,0.6048142945602616,-0.2467792039681246,0.22734051362078928,0.13202169009855802,-0.00044301154992356333,-0.00357355792386321,-1.2222910606296956e-05,0.006422628036715618,0.002777872669504214,8.386572343511566e-06
-0.14655371611257137,0.1432335501755342,0.6061214793859052,-0.24671481431181422,0.22700721737591306,0.13168003062726005,-0.00037876919418320634,-0.0035455106467142655,-1.2151016972084656e-05,0.006424261166976705,0.002804724525741485,8.3417528556883e-06
-0.14902476842895318,0.14550067477380035,0.6074254360192434,-0.24664781052348853,0.22666819372435257,0.13133526364829787,-0.00031440748269142107,-0.0035172317468865305,-1.207785065808454e-05,0.006436196989088024,0.002827887278735051,8.296699015167663e-06
-0.1514950757907793,0.14776426614626328,0.6087261342415959,-0.24657816790770898,0.22632345780815838,0.13098741102547373,-0.000249804782961916,-0.0034887636811903205,-1.2003372532605631e-05,0.006460296064814335,0.002846804356957776,8.250868142270554e-06
-0.1539646115156075,0.15002426710224068,0.6100235440700329,-0.2465058713389529,0.22597299207442656,0.1306364996844954,-0.00018495458136993478,-0.0034601196180611884,-1.1927559089973219e-05,0.006485046502356193,0.0028644045989174595,8.203962058262442e-06
-0.15643334880904977,0.15228062025572803,0.6113176357898611,-0.24643091160332026,0.2256167605251353,0.1302825803499058,-0.000119976755783718,-0.0034312802860988413,-1.185039124676515e-05,0.006497809150578649,0.0028839319878991433,8.156439227385572e-06
-0.15890126073479938,0.15453326818774665,0.6126083799200395,-0.24635327653297437,0.22525474350497357,0.12992570013175292,-5.4991701055374135e-05,-0.0034022259534466034,-1.1771840751738135e-05,0.006498532313834055,0.0029054325686547386,8.109183214208829e-06
-0.16136832018140815,0.15678215361902048,0.6138957471657117,-0.2462729464195277,0.22488695522348406,0.12956588071489303,1.0006917548847459e-05,-0.0033729693454984306,-1.1691874209661698e-05,0.006499888952105771,0.002925660615968241,8.062413435437868e-06
-0.1638344998732667,0.15902721940846054,0.6151797084015782,-0.24618989868624067,0.2245134247385231,0.1292031236604288,7.514157207769941e-05,-0.0033435540672526877,-1.1610467844199417e-05,0.006513492793524613,0.0029415281702598827,8.015357313594786e-06
-0.1662997724264436,0.16126840838394954,0.61646023457772,-0.24610411702789303,0.2241341615827667,0.12883742439355075,0.0001405158964782631,-0.0033140191134838127,-1.1527610205874163e-05,0.006537460023873306,0.0029534962549483817,7.96724621543648e-06
-0.1687641104008894,0.16350566318975346,0.6177372967682648,-0.24601559498556272,0.2237491426102744,0.1284688046731215,0.00020609910879109845,-0.003284367774574506,-1.1443290413096405e-05,0.0065583490523154,0.0029651353095304384,7.918053319610403e-06
-0.1712274863031153,0.16573892631895001,0.6190108661527154,-0.24592432995816813,0.22335833435111635,0.12809730121895255,0.0002717541579738052,-0.0032545753868913774,-1.1357484977193043e-05,0.006565532974422561,0.0029792407352116426,7.86867800779927e-06
-0.17368987254789123,0.16796814030206128,0.6202809139457286,-0.24583031422625792,0.22296172725276123,0.1277229374970219,0.00033738197516761743,-0.0032246272524060295,-1.1270164508501767e-05,0.006562810010037884,0.0029948159709574586,7.819876120158246e-06
-0.17615124143141594,0.1701932478511621,0.621547411396325,-0.24573353258213032,0.222559344293791,0.12734571455054614,0.0004030246171408009,-0.00319454622673733,-1.118131415047527e-05,0.006564292716919588,0.0030081056518385576,7.771379974598366e-06
-0.17861156515644022,0.17241419180752926,0.6228103297867902,-0.24563396918362915,0.22215121474127444,0.12696561926063707,0.00046881539585896077,-0.0031643802101633013,-1.109093773960665e-05,0.006579106608988751,0.003016605312316296,7.72259758016052e-06
-0.18107081589475588,0.1746309149546433,0.6240696404027121,-0.24553161644774602,0.22173734187081662,0.12658264441435316,0.0005348316415870809,-0.0031341618616418186,-1.0999044686282697e-05,0.006601653514774956,0.0030218390849212516,7.672830876293588e-06
-0.1835289658306925,0.17684335990033095,0.6253253145888894,-0.24542647610546062,0.2213176988523295,0.12619681086274417,0.0006010064521647927,-0.0031038847521221856,-1.0905629429422159e-05,0.006617510196575157,0.0030277157707893983,7.621984120503866e-06
-0.1859859871497093,0.17905146916037418,0.6265773237338862,-0.24531855131156013,0.22089225755994327,0.12580814992655273,0.0006671953538636734,-0.0030735220146000898,-1.0810664886161986e-05,0.0066189195039892445,0.0030362791653689106,7.571103324409504e-06
-0.18844185200664987,0.18125518533683632,0.6278256485536452,-0.24520783708270502,0.2204610182366935,0.12541760820193357,0.0007333306644899977,-0.003043063499346029,-1.0714130574841929e-05,0.006613560588015522,0.003045857540421093,7.520486644870418e-06
-0.19089653249247682,0.18345445124806697,0.6290702666390107,-0.24509432399398792,0.2200240110324877,0.12502486575598967,0.0007994850568264397,-0.003012538747077582,-1.06160313956376e-05,0.006615468938491993,0.0030524818506315822,7.470429298551771e-06
-0.19335000066092395,0.18564920985715785,0.6303111441961596,-0.24497800508103904,0.21958126571066156,0.12462876855444333,0.0008657928314253141,-0.002981998769324125,-1.0516402845717272e-05,0.006630807323626261,0.0030540050140350486,7.419929603103336e-06
-0.19580222860949179,0.18783940404577829,0.6315482491009416,-0.2448588807546601,0.2191327789883314,0.12422948160087859,0.0009322986949581739,-0.00295146891890841,-1.0415270032010359e-05,0.006650616359107441,0.0030529929019198717,7.368459885558628e-06
-0.1982531885112646,0.19002497654193606,0.6327815503359223,-0.24473695972152287,0.21867852249670033,0.12382713542503423,0.0009989038023343608,-0.0029209350663003844,-1.0312624697393888e-05,0.006660540878781292,0.003053393750668739,7.31613227249023e-06
-0.2007028525912975,0.19220587005048062,0.6340110176461666,-0.2446122497940307,0.2182184758355361,0.12342183247086438,0.001065466905833357,-0.0028903719143785343,-1.0208434696451043e-05,0.006656340626318702,0.0030563243202985546,7.264267347548058e-06
-0.2031511930839058,0.19438202745006106,0.6352366233891321,-0.24448474981383886,0.2177526526086256,0.12301384359987286,0.0011319599654954402,-0.002859788365824833,-1.0103013013298114e-05,0.00664933627819528,0.0030583645940917567,7.181863491402932e-06
-0.205598182228268,0.1965533918801304,0.6364583279624082,-0.2443544579863552,0.2172810899156794,0.12260196196984069,0.0011984881027046488,-0.0028292282071094806,-9.99631090031601e-06,0.006652844074838193,0.003056026231949353,7.109218555600431e-06
-0.20804379234207512,0.1987199065234967,0.6376761046928107,-0.24422137285609355,0.2168038078275174,0.12218746617240346,0.001265173344216987,-0.0027987351622598654,-9.888319568436877e-06,0.006668554542227985,0.0030493154760232455,7.0428562432758834e-06
-0.21048799586711717,0.2008815144720757,0.6388899260474585,-0.24408550542084947,0.21632079714950764,0.12177027357249733,0.0013320216023849655,-0.002768321408275485,-9.779021941071206e-06,0.00668485624255169,0.0030413870292551894,6.980189885972574e-06
-0.21293076538523875,0.20303815870480746,0.6400997639401529,-0.2439468724210364,0.21583203052395314,0.12135035209789465,0.0013989072792894425,-0.0027379643747182337,-9.668370078204328e-06,0.006688598156941741,0.003035715636688693,6.91999034309951e-06
-0.21537207358399643,0.205189782255258,0.6413055899682942,-0.24380548705099833,0.2153374971963179,0.12092769380184243,0.0014657015933695514,-0.0027076415405818386,-9.556317561031148e-06,0.00667946192014912,0.0030322963544716064,6.862047191893972e-06
-0.21781189321953542,0.20733632839405777,0.6425073755296744,-0.2436613544901917,0.21483722051145854,0.12050228282448923,0.001532405459515303,-0.002677365500496991,-9.44287111042885e-06,0.0066704171625083086,0.0030276176148051216,6.806052430703555e-06
-0.22025019712728788,0.20947774063353933,0.6437050919155697,-0.243514477058893,0.21433123889464237,0.12007409448613557,0.001599141453142163,-0.0026471815399244946,-9.328098422302776e-06,0.006673629920755616,0.003018410329871769,6.751091578573998e-06
-0.22268695827995458,0.2116139625574879,0.6448987102900265,-0.24336486357531928,0.2138195715999408,0.11964310448678407,0.0016660160251202646,-0.002617129796655102,-9.212075417072275e-06,0.0066874877393282945,0.003005189265575865,6.696063340025517e-06
-0.22512214984086756,0.2137449376634244,0.6460882018581511,-0.24321253267551787,0.21330220567236854,0.11920932562464746,0.0017329990600311864,-0.0025872130190953283,-9.094816213968129e-06,0.00669833400641686,0.0029916933656221126,6.6414872174899725e-06
-0.22755574516536448,0.21587060939288114,0.6472735378754835,-0.24305750654769187,0.2127791180445622,0.11877278822650963,0.0017999493632257074,-0.0025574052500714727,-8.976284223513196e-06,0.006695060812011429,0.002980793191913427,6.5876785514193815e-06
-0.2299877177605247,0.21799092132445666,0.6484546896142303,-0.2428998021220311,0.21225030939621536,0.11833351383970897,0.0018667612308274897,-0.002527690651526688,-8.856453550816415e-06,0.006681217230153854,0.0029714768316700365,6.535269790787204e-06
-0.23241804125077653,0.2201058173630342,0.6496316190002138,-0.24273943024913885,0.2117158151694382,0.11789056628071765,0.001933477099362393,-0.0024980954154445014,-8.735382063960581e-06,0.006671617279902563,0.002959541272411451,6.4836444643037015e-06
-0.23484668941396908,0.2222152416405349,0.65080429100343,-0.24257639953021753,0.2111756741107606,0.11744423424319765,0.0020002336908464848,-0.0024686690300241513,-8.613182068691873e-06,0.006675689497786683,0.0029426568869426297,6.432197452711802e-06
-0.23727363624438266,0.2243191383266131,0.6519726726336309,-0.24241072723489318,0.2106298988400431,0.11699471444234441,0.002067109381949303,-0.002439443930751987,-8.48994393393867e-06,0.006687599356078334,0.002922528948068871,6.380329728923674e-06
-0.23969885599455892,0.22641745151095805,0.6531367322900719,-0.2422424396572761,0.21007847266625065,0.11654216040150728,0.002134033970902716,-0.002410413082817076,-8.365677287667524e-06,0.006692489031582968,0.002903104493538874,6.328467472908639e-06
-0.2421223231622378,0.22851012529216402,0.6542964393427534,-0.24207156419224002,0.20952137866662388,0.11608669538408516,0.0022008580915992963,-0.0023815496359726306,-8.240345266214242e-06,0.006682442101434748,0.0028863650714315296,6.277145302725411e-06
-0.24454401244799534,0.23059710398621638,0.6554517637931766,-0.24189812174566766,0.20895862989287495,0.11562839706785431,0.0022675093943565166,-0.0023528466287282405,-8.113955520619815e-06,0.006665160197119193,0.002870321800258802,6.226133726599207e-06
-0.2469638987389405,0.23267833223433582,0.6566026760592562,-0.24172212730612197,0.2083902674528326,0.11516729944914861,0.0023340646173805736,-0.0023243347383624605,-7.986603045501979e-06,0.006655552087366429,0.002851210792782345,6.175206084852803e-06
-0.2493819571457072,0.23475375490030825,0.6577491469553665,-0.2415435980083008,0.20781632895576668,0.1147034256092863,0.0024006606655794095,-0.0022960587826071303,-7.85842448738828e-06,0.00665963443408758,0.002827617998199799,6.123847814855202e-06
-0.25179816306147806,0.23682331687569944,0.6588911476152568,-0.24136255981016771,0.20723682176434338,0.1142368043701628,0.002467342471612375,-0.00226803895711521,-7.729504721600878e-06,0.0066682100258624805,0.002802005629933634,6.071881639754451e-06
-0.25421249218817554,0.23888696300563766,0.6600286494973855,-0.24117904549023148,0.20665172912359128,0.11376748657416291,0.002534008864577144,-0.0022402589104541445,-7.599837931691454e-06,0.00666666852774696,0.0027780284072177505,6.019724075245079e-06
-0.25662492051099023,0.24094463822183518,0.6611616242461702,-0.24099308635981864,0.20606104290271532,0.11329551544158091,0.0026005159530238416,-0.0022126928300666656,-7.469390489063194e-06,0.006650737890905524,0.002756632445437204,5.967740526652406e-06
-0.2590354242579286,0.24299628774455936,0.6622900436977427,-0.2408047066462811,0.20546478759936876,0.11282091863479052,0.002666827561103607,-0.0021853414565830486,-7.3381979635043495e-06,0.006631189659844633,0.0027351624159556165,5.915729682166679e-06
-0.26144397989520546,0.2450418571396934,0.6634138798447309,-0.24061392637477375,0.20486300926499423,0.11234369943994317,0.0027330479773477715,-0.0021582389630349914,-7.206386463386754e-06,0.006622070253506459,0.0027102750662174606,5.863575180526996e-06
-0.26385056417034264,0.2470812921760791,0.6645331048157969,-0.24042076949865543,0.20425574200382082,0.11186385573755284,0.002799304000968005,-0.002131423613960919,-7.074107515234365e-06,0.006625630736028243,0.002681561240409963,5.810225769654091e-06
-0.2662551541632563,0.24911453864254118,0.6656476908334351,-0.24022526846874162,0.203642988174083,0.11138139852689484,0.0028656039334905865,-0.0021049040290459196,-6.941431577439058e-06,0.006630021357603437,0.002651985434774153,5.755970492428717e-06
-0.26865772729678583,0.2511415423245222,0.6667576102238155,-0.24002746023219537,0.20302473303302146,0.11089635940823532,0.002931823018392722,-0.0020786579429737874,-6.808331542604364e-06,0.006621936334225241,0.0026246361638692286,5.701940764879984e-06
-0.2710582613031928,0.25316224917171093,0.6678628354198944,-0.23982737831076845,0.20240097845221972,0.11040877074110982,0.002997832927994132,-0.002052663432546257,-6.674778184131969e-06,0.0066010185501105085,0.0025994792156007855,5.648334784222009e-06
-0.2734567341893922,0.2551766054805406,0.6689633389218399,-0.2396250494105892,0.20177175909032458,0.1099186415221141,0.003063635385644125,-0.0020269286929275273,-6.5408345879617715e-06,0.0065802730891166596,0.0025735027388846285,5.5947667418364964e-06
-0.27585312424359315,0.25718455789813516,0.6700590932680982,-0.23942049797648293,0.20113712332228964,0.10942595978896363,0.0031293539296790213,-0.002001488902206339,-6.406653454303161e-06,0.006571881432718721,0.002544008426414091,5.540616804959011e-06
-0.27824741008104603,0.2591860532508975,0.6711500710205243,-0.23921375368476153,0.2004971003815776,0.10893071437882267,0.003195095978832252,-0.0019763739112630013,-6.272377028836853e-06,0.006574231624333273,0.0025115289998279334,5.485636983007463e-06
-0.2806395706842248,0.2611810383861756,0.6722362448308736,-0.23900485369356786,0.19985168872416548,0.10843292074697113,0.0032608328625262166,-0.0019515820823017417,-6.1380422752073084e-06,0.006573714754796819,0.002479213343986628,5.430679188753746e-06
-0.28302958539934164,0.2631694602013005,0.6733175873816851,-0.23879383734399395,0.19920087782084933,0.10793260479244747,0.0033264253864820157,-0.0019270884528954705,-6.003607112374306e-06,0.006559278469400692,0.002449393934536505,5.376139556665715e-06
-0.28541743389923946,0.2651512658337517,0.6743940714120706,-0.2385807392725202,0.1985446802212679,0.10742978969334853,0.0033917694815903013,-0.0019028768571034062,-5.8690563969271666e-06,0.006534435279366422,0.0024211911177381934,5.322075331786539e-06
-0.2878030961570542,0.2671264028109818,0.6754656697463386,-0.23836558818857795,0.19788313890284365,0.1069244802529423,0.003456903441972295,-0.001878961628543127,-5.734479279347888e-06,0.006513421487933046,0.002391554919390061,5.268245888678938e-06
-0.2901865524623526,0.2690948190027265,0.6765323552423711,-0.2381484124345207,0.19721630208079333,0.10641666201704868,0.003521960445736974,-0.0018553761321623017,-5.600038208307794e-06,0.0065057254811678395,0.0023585821925642867,5.2140200769867035e-06
-0.2925677834654971,0.27105646243420706,0.6775941007800286,-0.2379292462388,0.1965441934687641,0.10590632696575558,0.003587021258620128,-0.0018321407486517052,-5.465854835668255e-06,0.006506106030769845,0.0023235713693213057,5.1592512713680035e-06
-0.29494677020521726,0.2730112811636772,0.6786508792766425,-0.23770812981479036,0.1958668092232565,0.10539348984745535,0.0036520228466483087,-0.0018092456396897787,-5.331938492294299e-06,0.006500183187150636,0.002289544371275637,5.104607339145405e-06
-0.29732349409393466,0.2749592233603693,0.6797026636797516,-0.23748510346390275,0.19518414496775444,0.10487817666569399,0.003716821554751913,-0.0017866660138203955,-5.1982424608123875e-06,0.00647989485057006,0.002257996521425229,5.050222134714966e-06
-0.2996979368793758,0.27690023745480313,0.6807494357077319,-0.23726020063328213,0.19449622198942476,0.10436127717767597,0.0037813410760810465,-0.001764390759832198,-5.064765392741428e-06,0.006451975834371413,0.0022275597869163906,4.996437677152722e-06
-0.3020700806305308,0.27883427236173475,0.6817911656427957,-0.2370334538465147,0.1938030918613883,0.10384163852894256,0.0038456531772561565,-0.0017424386247509947,-4.931624136219176e-06,0.006431233464899228,0.002195248320309656,4.942588261538105e-06
-0.304439907758399,0.28076127731666256,0.6828278247073685,-0.23680489444189742,0.19310480061206703,0.10331933620338092,0.003909891614096477,-0.001720838734848425,-4.798976489666169e-06,0.006423866656008626,0.002160024189001451,4.888720349235916e-06
-0.30680740105525717,0.28268120168765154,0.6838593848080093,-0.23657455966454485,0.19240136639480215,0.10279443249096075,0.003974105481285781,-0.001699602104109324,-4.666915732560257e-06,0.0064214093064276345,0.002123698633050199,4.834498722010895e-06
-0.30917254371255665,0.2845939949460205,0.6848858097583201,-0.23634249274045582,0.19169278637674375,0.10226613295195713,0.00403820279785861,-0.001678713499749648,-4.5354256130996e-06,0.006409753870223598,0.002088896351547042,4.7806131760927196e-06
-0.31153531929488837,0.2864996067256835,0.6859070665608308,-0.2361087329791579,0.19097906405578569,0.10173477744915123,0.0041020501122035246,-0.0016581513009252845,-4.404464006285639e-06,0.006384753286709037,0.0020562561547921646,4.7269821478282326e-06
-0.31389571170538555,0.28839798696380914,0.6869231329471027,-0.23587331321336943,0.19026022997716685,0.10120144572231722,0.004165607563286172,-0.0016379113659177231,-4.274055459326682e-06,0.006355766602131745,0.0020240301167584623,4.673906693502917e-06
-0.31625370518156803,0.29028908603346887,0.6879339852239282,-0.2356362655366502,0.18953633686759194,0.1006659817230212,0.004228971335315361,-0.0016180131291494723,-4.1443252878639865e-06,0.006336398324611885,0.0019898606015918345,4.621044282036645e-06
-0.31860928432080354,0.2921728546096368,0.6889395987220593,-0.23539762426596883,0.1888074266974455,0.1001282701720823,0.004292264481117143,-0.0015984788787937014,-4.015416638318967e-06,0.0063293353139643165,0.001953462229326707,4.567958775052749e-06
-0.3209624341110634,0.29404924348971573,0.68993994820855,-0.2351574288041686,0.1880735125036516,0.09958825317681827,0.004355500808851331,-0.0015793105052637952,-3.887383355724164e-06,0.0063236531186577705,0.0019168747953235196,4.515038477632971e-06
-0.32331313993372096,0.2959182035621221,0.6909350081313004,-0.23491572088527637,0.18733459154920598,0.09904591641222149,0.004418565924272322,-0.0015604888489297842,-3.7601845746241597e-06,0.006306531513114411,0.0018822033245646324,4.462643085527933e-06
-0.32566138753651575,0.2977796859586697,0.6919247527975091,-0.2346725394593096,0.18659067581426916,0.09850126462466809,0.004481336877954961,-0.001541994896970937,-3.633776990638765e-06,0.006277114979190753,0.0018494331364616,4.410926453493152e-06
-0.32800716300582927,0.2996336422277406,0.6929091565747216,-0.23442791869572965,0.18584180673486983,0.097954304509871,0.0045438109822495505,-0.0015238294457648725,-3.5082047289694728e-06,0.0062474296806084035,0.0018165832912786337,4.359817229245701e-06
-0.3303504527664151,0.3014800243447357,0.6938881937774745,-0.2341818910460043,0.1850880382324298,0.09740501369737518,0.004606103426905304,-0.0015060109064211618,-3.3835971450120573e-06,0.006229263344636725,0.0017818922951777544,4.3087366388797835e-06
-0.3326912436065113,0.30331878455235695,0.6948618387355264,-0.23393449184814388,0.18432940708194945,0.09685337802091093,0.004668319528861053,-0.001488554168280414,-3.260068344712158e-06,0.00622162869332645,0.001745712328395573,4.257703734548228e-06
-0.3350295226991678,0.3051498752064686,0.6958300658455701,-0.2336857605672575,0.1835659223213728,0.0962994071837148,0.004730438765747764,-0.0014714537218679853,-3.1376365084424745e-06,0.006211941810622126,0.0017100832947776904,4.206916481157964e-06
-0.3373652775953047,0.3069732487950248,0.696792849484996,-0.2334357374055808,0.18279758461709542,0.09574311832319879,0.004792333329511721,-0.0014546891683007233,-3.0162453819691363e-06,0.006189474138753878,0.0016764941530351117,4.156741071569427e-06
-0.3396984961954282,0.30878885811181794,0.6977501641427606,-0.23318445916072061,0.1820244149924511,0.09518453742162816,0.004853903065898727,-0.0014382455396160067,-2.8958599714020237e-06,0.006156991053996207,0.0016444018063754703,4.107462716641239e-06
-0.3420291667283295,0.310596656401136,0.698701984325959,-0.2329319587069186,0.18124646159624247,0.09462366121215839,0.00491517967390061,-0.0014221266749600472,-2.7765394204170996e-06,0.006127677867159269,0.0016119255199574707,4.0586057391356245e-06
-0.34435727775099617,0.3123965972625386,0.6996482927899416,-0.2326782666709362,0.18046377522275495,0.0940612966394726,0.004976281373265333,-0.00140634804654113,-2.6583998749760365e-06,0.006110186646103448,0.0015779019735804758,4.01014564027716e-06
-0.34668281817682634,0.3141886345579213,0.7005890696646161,-0.2324234188064878,0.1796763882646771,0.09349716879038551,0.0050372882135491575,-0.0013909176135059272,-2.5415236640177606e-06,0.006100700376959887,0.0015430824809880832,3.961809704888057e-06
-0.3490057772930095,0.31597272233879237,0.7015242851903359,-0.23216745539398176,0.17888430981811643,0.0929302954120755,0.005098150270873955,-0.0013758241328953999,-2.425893206756476e-06,0.006086221730333309,0.00150938727841236,3.9139667121510375e-06
-0.35132614473873347,0.31774881483178163,0.7024539111893223,-0.2319104137041904,0.1780875459222311,0.09236085345612918,0.005158737492042976,-0.0013610475747969867,-2.311440045677763e-06,0.006058737780931627,0.0014776950750720304,3.867113204167137e-06
-0.35364391047837646,0.31951686662228834,0.7033779206322527,-0.23165232754959564,0.17728612657601148,0.09178896746637442,0.005218979571115432,-0.001346576687434817,-2.198140738800515e-06,0.006024223247660529,0.001447128045140676,3.821062741985606e-06
-0.3559590647864382,0.32127683276124097,0.7042962872199464,-0.23139322781067742,0.1764801045883976,0.09121470005274729,0.005278939543791203,-0.0013324163069023938,-2.086059048905526e-06,0.005996012282672097,0.0014160773778096583,3.775312192577024e-06
-0.3582715982550489,0.32302866868329094,0.7052089852086808,-0.2311331456350841,0.17566953003830896,0.09063808693724404,0.00533874295593519,-0.0013185770738029122,-1.9752876216114937e-06,0.005980355898892864,0.0013839626149934026,3.7299822594616965e-06
-0.3605815018103699,0.3247723300314553,0.7061159891757595,-0.23087211479883102,0.17485442845936555,0.09005915133454487,0.005398441963460893,-0.0013050593564579334,-1.8658680707819577e-06,0.005969915108194261,0.0013518109974945808,3.6847113064567233e-06
-0.3628887667150975,0.32650777257638885,0.7070172739192817,-0.23061017067834502,0.17403480545520958,0.0894779259508284,0.0054579580469273125,-0.0012918486508379811,-1.757755560629485e-06,0.005951622386307094,0.0013211097850355793,3.6400826096966147e-06
-0.3651933845498784,0.32823495231846384,0.7079128144951141,-0.2303473470793727,0.17321067282253771,0.08889445427991868,0.005517165165386678,-0.0012789268538609462,-1.6508852581200134e-06,0.0059207255846404514,0.0012922188878122776,3.5959804045577297e-06
-0.36749534719582305,0.3299538257237754,0.7088025783288998,-0.2300836762456965,0.1723820702342568,0.08830797616447995,0.005576032070348361,-0.001266284648911466,-1.5452397881911789e-06,0.005886703942367598,0.0012642596457985548,3.552288236820621e-06
-0.3697946468087872,0.33166434964163277,0.709686543436288,-0.22981918428759968,0.17154904946224353,0.08771953665046932,0.005634643612061353,-0.0012539266410957464,-1.4408770199986578e-06,0.005861167323784975,0.0012358398663595053,3.5090599722294448e-06
-0.3720912758359756,0.33336648127197915,0.71056468717912,-0.22955390033979034,0.1707116553568999,0.08712905170118504,0.005693115461453151,-0.0012418585817819225,-1.3378642747218096e-06,0.005847197795726866,0.0012068449199007473,3.465934404443576e-06
-0.3743852270258912,0.33506017799775106,0.7114369865186698,-0.2292878554600047,0.16986990754866893,0.08653647688579572,0.005751467191077692,-0.0012300752957825542,-1.2362053225170056e-06,0.005835185528816938,0.001178367480396875,3.423018289751081e-06
-0.37667649342324866,0.33674539734627273,0.712303418276187,-0.2290210810862272,0.1690238116364581,0.08594181162411596,0.005809598881287257,-0.0012185607652073487,-1.1358351337660374e-06,0.005813181311093492,0.0011514918393759983,3.380868292683992e-06
-0.37896506834889004,0.3384220971229776,0.7131639591474545,-0.2287536066050573,0.168173385677464,0.08534505867910769,0.005867397043812407,-0.0012072990519537115,-1.0366896962614463e-06,0.005779828279767758,0.0011262100170754458,3.3392558426474462e-06
-0.3812509453794313,0.34009023557149476,0.7140185858298702,-0.22848545847570415,0.16731867314585647,0.08474621741765653,0.005924855112451276,-0.0011962841465534197,-9.38758843547564e-07,0.0057458186347127465,0.001101529135164165,3.2984185081467127e-06
-0.38353411834748674,0.341749771444183,0.7148672678122369,-0.22821666347322542,0.1664597299719644,0.08414454843141297,0.005982081760952147,-0.001185516587134398,-8.420741896239415e-07,0.005722676365825137,0.0010767944207785525,3.2578925488926108e-06
-0.38581458133010604,0.343400663723826,0.7157099844930366,-0.22794724512691317,0.16559659338775087,0.08354102632372107,0.006039176275958194,-0.0011749975351610185,-7.466698998878341e-07,0.0057094627623115995,0.0010519435399901163,3.217676160335756e-06
-0.388092328662457,0.3450428715597323,0.7165467145891821,-0.22767723045564617,0.16472927850775565,0.08293558304949358,0.0060961262881955355,-0.0011647180223236801,-6.525170481459955e-07,0.005695012239815625,0.0010279894897664808,3.1778937624948677e-06
-0.39036735492781505,0.34667635427419147,0.7173774363487235,-0.22740664601911667,0.16385779294018327,0.08232818667943469,0.006152818616214768,-0.001154661930947658,-5.595372859794525e-07,0.005669243586208871,0.0010056472231001789,3.1390086277186024e-06
-0.39263965494436426,0.3483010715721431,0.7182021206953847,-0.2271355177642664,0.16298216343125482,0.08171811503109612,0.006209166550319459,-0.0011448136446474079,-4.6766081771031023e-07,0.005634803975342617,0.0009848666063354092,3.10028555279685e-06
-0.39490922373789883,0.34991698359310175,0.719020740845651,-0.2268638670078634,0.16210243740834204,0.08110559054333123,0.006265199425776258,-0.001135166726710163,-3.7686978155615623e-07,0.005603297897231528,0.0009647296573601315,3.062000885963621e-06
-0.3971760565367454,0.3515240508813754,0.7198332716368895,-0.2265917142004164,0.16121866562980547,0.08049075627068131,0.00632103042471884,-0.0011257200845439454,-2.8717696981895113e-07,0.005583110034970982,0.0009447019554591742,3.0242565965966505e-06
-0.39944014877410233,0.3531222342321469,0.720639689115371,-0.22631908036703044,0.16033087998902867,0.07987371970305984,0.006376735516399778,-0.0011164690138984802,-1.9857068757587207e-07,0.005570519103134179,0.0009251446748994593,2.9870870491445814e-06
-0.4017014960854583,0.3547114945823249,0.7214399701415574,-0.22604598694241637,0.15943909169969658,0.07925456621666005,0.0064322726622121264,-0.001107400881189082,-1.1098701526231271e-07,0.0055537243213950455,0.0009068507662549336,2.9505325958543917e-06
-0.40396009429471597,0.3562917930635043,0.7222340921612934,-0.22577245425068077,0.15854331151738557,0.0786333688825577,0.006487526964241742,-0.0010984995271306622,-2.433929200461956e-08,0.005525439761177782,0.0008901728065786951,2.914440716311316e-06
-0.4062159393951001,0.3578630911617723,0.7230220331541688,-0.22549850035867927,0.15764357042060512,0.07801018798235952,0.006542434476873103,-0.0010897528657544098,6.14366341384511e-08,0.005490760649482306,0.0008747034578571868,2.879012732176136e-06
-0.4084690275355798,0.3594253508130037,0.7238037715072926,-0.22522414142169433,0.15673991815928828,0.07738505391924883,0.006597049517132621,-0.0010811558174591664,1.463549401236019e-07,0.005461513244802174,0.0008597420655395527,2.8436440436950028e-06
-0.41071935501702916,0.3609785343317945,0.724579286018155,-0.22494939301195216,0.1558324017011925,0.07675798914295885,0.006651484309331076,-0.0010727057630555712,2.3041786835474692e-07,0.005443488274183721,0.0008450425860285651,2.8086028697287946e-06
-0.4129669182921631,0.3625226042537499,0.7253485558828194,-0.2246742710357466,0.15492104716863508,0.07612902417421304,0.006705788065517412,-0.0010643955795013147,3.1366008969553716e-07,0.005430384514819155,0.0008310554163651168,2.7740037344310917e-06
-0.4152117139594318,0.3640575232605527,0.7261115605687568,-0.22439879125708437,0.1540058642262968,0.07549819352952832,0.006759893899573017,-0.0010562119228103826,3.961595923350844e-07,0.005410592154331257,0.0008184026658928583,2.7398743513370963e-06
-0.4174537387480723,0.3655832542665611,0.7268682798519828,-0.22412296801685275,0.15308686804718546,0.07486554167718515,0.00681369013770563,-0.0010481400232216123,4.780062321338446e-07,0.005379632426263945,0.0008072269165947213,2.706282640676787e-06
-0.41969298950109357,0.36709976057612953,0.7276186937330089,-0.22384681359544326,0.1521640953401474,0.07423109375135695,0.006867140150599924,-0.001040169603049605,5.592573284879972e-07,0.005345009774572722,0.000797078948913751,2.6728593492320583e-06
-0.42192946316428376,0.36860700593970525,0.7283627824824412,-0.22357033874828558,0.1512375968120547,0.07359486350586149,0.0069203194831943555,-0.001032295774802931,6.399356077844496e-07,0.005317941620842016,0.0007874197323813752,2.639670431338657e-06
-0.42416315677606936,0.37010495440056823,0.7291005327366386,-0.2232935523479404,0.15030741385323193,0.07295747133507795,0.006973330292132255,-0.0010245168540624632,7.200432824939102e-07,0.005301089133353578,0.0007779289534171661,2.606733387013717e-06
-0.4263940674836489,0.3715935702691049,0.7298319231496376,-0.22301646694720936,0.14937356930408277,0.07231811335020254,0.007026194903673517,-0.001016822968894636,7.996440511483858e-07,0.005286469279967252,0.0007694253865564173,2.574384728122964e-06
-0.4286221925239136,0.3730728180104001,0.7305569332161188,-0.22273909256919805,0.14843607310305176,0.07167688302375676,0.007078828463037184,-0.001009199821210783,8.788332992250239e-07,0.005263363959541535,0.000762351658573751,2.5425345674672517e-06
-0.43084752920791464,0.37454266235970934,0.7312755431025106,-0.22246143765453855,0.147494945779267,0.07103385881408712,0.007131131016621436,-0.0010016333034202401,9.577037686766032e-07,0.00523026328938385,0.0007566887180361386,2.5108935589498895e-06
-0.4330700749053473,0.3760030684661831,0.7319877334423738,-0.2221835087624291,0.1465502288627588,0.07038908570408291,0.007183094978504789,-0.000994113808677251,1.0363174816017893e-06,0.005196404034156916,0.0007519864798219871,2.47942462408558e-06
-0.43528982702819324,0.3774540018575394,0.7326934911210047,-0.22190530974860648,0.14560197108531622,0.06974317501538962,0.007234806197719622,-0.000986638527016982,1.1146899084356336e-06,0.005171129684452819,0.0007475652400087315,2.448188258584407e-06
-0.43750678303825935,0.3788954283915947,0.7333928013585745,-0.221626846087952,0.14465021083899204,0.06909594573860608,0.007286355820726826,-0.000979203520515,1.1928435058622266e-06,0.005154969983742221,0.0007435377968575399,2.4169506994885905e-06
-0.43972094045129806,0.3803273141686889,0.7340856425136602,-0.22134812470559084,0.14369496718613264,0.06844670949059241,0.007337740162648505,-0.0009717968413201936,1.270861723929775e-06,0.005138441803975604,0.000740705166284273,2.385858417163991e-06
-0.44193229681592433,0.3817496254602999,0.7347719942207542,-0.22106914979013964,0.14273625172662477,0.06779560405055039,0.007388863979685885,-0.0009644034780653527,1.348854043990652e-06,0.005112389255288181,0.0007393737106260857,2.355109419661621e-06
-0.4441408496976745,0.383162328842812,0.7354518370595011,-0.22078992384202012,0.14177409037384386,0.06714273204850804,0.007439645540280548,-0.0009570097784781557,1.4269183345802657e-06,0.005078163560243669,0.0007394075153348461,2.3243838822955344e-06
-0.44634659666436344,0.3845653913179544,0.7361251523118343,-0.22051044756944585,0.14080852795470458,0.06648815804562677,0.0074901056372303305,-0.0009496068824491478,1.5051159584907904e-06,0.0050460171506925295,0.0007403273501353581,2.2934225022489735e-06
-0.4485495352778847,0.38595878029179054,0.7367919217101272,-0.22023072063318075,0.13983961223403357,0.0658319110928232,0.007540345042119022,-0.0009421894182269337,1.5834859726222201e-06,0.005023947902929746,0.0007417843724041135,2.2624375618370535e-06
-0.4507496630908826,0.3873424634366257,0.737452127340826,-0.21995074244678606,0.13886737508841357,0.06517401452651064,0.007590437620126851,-0.0009347506395880152,1.6620798578512605e-06,0.005009265177630082,0.0007439160350074816,2.231486688104948e-06
-0.45294697764177644,0.38871640858326156,0.7381057516358402,-0.21967051222245113,0.13789183069036198,0.06451450452770671,0.007640352798629139,-0.0009272789589768529,1.7409878215654342e-06,0.004991525197711435,0.0007472064866603495,2.2006390674087414e-06
-0.4551414764430738,0.3900805837582894,0.7387527772800614,-0.21939002816745332,0.13691299248923333,0.06385341683655098,0.007689990010283555,-0.0009197599003760069,1.8203196648516575e-06,0.004963728492909475,0.0007519445799652063,2.1695170320519342e-06
-0.45733315696534077,0.3914349573234291,0.7393931872520665,-0.2191092867135167,0.13593089069893752,0.06319078578762886,0.007739288659767985,-0.0009121810554000024,1.9001739224021277e-06,0.004929872263855054,0.0007579235489908182,2.1384372174838167e-06
-0.4595220166237159,0.39277949806543794,0.7400269647955138,-0.21882828259511627,0.13494557128628462,0.06252662938547873,0.0077882939611659124,-0.0009045351189272321,1.9806083332163155e-06,0.004900537447095535,0.0007646330510735209,2.1071094699601966e-06
-0.46170805277145527,0.3941141751386013,0.7406540933644539,-0.21854700970575736,0.13395707784353955,0.06186095337620114,0.007837108210833638,-0.0008968177142414824,2.061659155091143e-06,0.004881432267796268,0.0007717802379812805,2.0755152818123102e-06
-0.463891262697767,0.395438957921747,0.7412745566769938,-0.21826546185235293,0.13296543632576519,0.0611937756296367,0.00788578278364995,-0.0008890220636168667,2.1433863639079205e-06,0.004867464580176778,0.0007796052220660366,2.044019954781377e-06
-0.4660716436227883,0.39675381594130593,0.7418883386840688,-0.21798363264937054,0.1319706585275972,0.06052512374889408,0.007934264797031859,-0.000881136031590542,2.2258880527361623e-06,0.004848208641191271,0.000788643790472528,2.0121025080570197e-06
-0.4682491926850243,0.3980587189403731,0.7424954235136123,-0.21770151456672607,0.13097276050839932,0.05985502499352109,0.007982455519451436,-0.0008731451542245318,2.3092840901927637e-06,0.004819079557894152,0.0007991288005056406,1.979975566618717e-06
-0.4704239069250431,0.3993536370169479,0.7430957955354679,-0.2174190982009635,0.12997177615151945,0.05918350526604836,0.008030318377387852,-0.0008650383231289854,2.3936664815971827e-06,0.004786293128158319,0.0008107246856920555,1.9473921770636707e-06
-0.47259578327351226,0.40063854068077015,0.7436894393320359,-0.21713637258391716,0.12896775106018765,0.0585105754804136,0.008077918563463796,-0.0008568102514722178,2.479083201758258e-06,0.004760025962226014,0.000822849273660295,1.91447706523553e-06
-0.47476481854725433,0.4019134007667569,0.744276339678962,-0.2168533262011584,0.12796072384755655,0.057836241370952474,0.008125353266290408,-0.0008484580522458002,2.5655642151392102e-06,0.004743477657216253,0.00083526257554985,1.8812406820707813e-06
-0.47693100944922473,0.4031781882980481,0.7448564815525742,-0.21656994775869373,0.12695071515701173,0.05716051797344626,0.008172649270080155,-0.0008399747857878346,2.6531745552085962e-06,0.004729607776064892,0.0008483698719734385,1.8478015921487936e-06
-0.47909435256316646,0.40443287444277415,0.7454298501196392,-0.2162862257568794,0.12593773572870293,0.05648343038822849,0.00821973591962669,-0.0008313473728143393,2.742027789617748e-06,0.004708672380641223,0.000862785144304459,1.813907231620771e-06
-0.4812548443395104,0.405677430608445,0.745996430764983,-0.21600214733017936,0.12492180485302207,0.05580500828229305,0.008266522701587647,-0.0008225612524329861,2.8322547011002826e-06,0.0046786856583018975,0.0008786565624084412,1.7799508992576803e-06
-0.48341248107872153,0.40691182857119007,0.7465562090370228,-0.215717697629121,0.12390295929979167,0.0551252667390543,0.008312998026612119,-0.0008136070112397373,2.9239392219904686e-06,0.004647540003848,0.0008954693562940393,1.7453676376173588e-06
-0.4855672589210991,0.40813604049676633,0.7471091707317692,-0.21543286037218767,0.12288124302378542,0.054444219441541604,0.00835924171274267,-0.0008044821900553193,3.017110646853321e-06,0.004624376151862129,0.000912528082168031,1.710343490410831e-06
-0.48771917384666524,0.4093500388330132,0.7476553018274692,-0.21514761920017578,0.12185668931106262,0.05376187340852289,0.00840534010618671,-0.0007951855288607476,3.1117895772418565e-06,0.004609846917960942,0.0009297128211083219,1.6749167868337707e-06
-0.4898682216717193,0.4105537961445736,0.7481945928066965,-0.2148619572898498,0.12082931373539658,0.05307867791885387,0.008451292754389546,-0.0007857115384373904,3.2080344446551483e-06,0.004595272428753159,0.00094744651006157,1.639257514802455e-06
-0.49201439805733865,0.4117472852042187,0.748727028588822,-0.2145758599447957,0.11979912825854894,0.05239408320742424,0.008497017626390678,-0.0007760452976789268,3.305982487082024e-06,0.004572494849460064,0.0009666723707179699,1.6032251786504684e-06
-0.4941576984848498,0.4129304790446041,0.749252594799319,-0.2142893094643105,0.11876615579426097,0.05170816539270524,0.008542438453551062,-0.0007661720381169083,3.4057664537091883e-06,0.004542090411246738,0.0009873751359480297,1.566384682257886e-06
-0.4962981182386612,0.4141033510702584,0.7497712775888618,-0.2140022860051054,0.11773043509170769,0.05102097323718971,0.008587568486041532,-0.0007560848251724816,3.507457499857403e-06,0.004513010989806846,0.0010087713927227932,1.5291329193364813e-06
-0.4984356523994038,0.41526587504585716,0.7502830635105959,-0.21371476863741923,0.11669200740824363,0.05033253611705768,0.008632496711508914,-0.0007457845000243962,3.611057446256933e-06,0.004492830327172351,0.0010300835345519775,1.4911037598108892e-06
-0.5005702958533788,0.41641802501465475,0.7507879354794642,-0.21342673778310203,0.11565090135384731,0.04964248106994657,0.008677297033750243,-0.0007352697385818526,3.7165874608395146e-06,0.004480040039667114,0.0010515280971597856,1.452299341207748e-06
-0.5027020432834598,0.4175597751015746,0.7512858819285344,-0.21313817259961607,0.11460712886034713,0.04895136078889294,0.008721947204464625,-0.000724532474608566,3.824130636757483e-06,0.004465024921767632,0.0010737793235113368,1.4130116785217165e-06
-0.5048308891688973,0.4186910995947953,0.7517768911205099,-0.21284905299632081,0.11356070194459693,0.04825916501057003,0.008766357674599054,-0.0007135570593441911,3.933838726219099e-06,0.004441054902674764,0.001097595497041784,1.373438580758945e-06
-0.506956827766559,0.4198119730684236,0.7522609512579321,-0.21255935684197175,0.11251164666475373,0.0475658911326559,0.008810469000165303,-0.0007023301915618287,4.045841407531602e-06,0.004411140486498904,0.0011227418540595998,1.33332434892563e-06
-0.5090798530944497,0.42092237046884834,0.7527380505719609,-0.2122690598137974,0.11146000238328803,0.0468715368459826,0.008854316158280813,-0.0006908492108700097,4.160173754580021e-06,0.0043847237765265576,0.0011481542690111584,1.2924649521405192e-06
-0.5111999589298502,0.42202226706997514,0.7532081773986363,-0.211978137031555,0.11040580657429286,0.04617610303614391,0.008897990764679694,-0.0006791191979278388,4.276800439441496e-06,0.004367468629325398,0.0011730586049665084,1.2506035437091876e-06
-0.5133171388189742,0.4231116383452666,0.7536713202493893,-0.21168656475963765,0.10934908189383101,0.045479601742890424,0.008941544086359575,-0.0006671414667670539,4.395724190119566e-06,0.004355340173795822,0.0011978315437193663,1.2081833325503887e-06
-0.5154313860823722,0.4241904598916759,0.7541274677905474,-0.21139432032822114,0.10828983903347866,0.04478205093497688,0.008984933593732666,-0.0006549056985025078,4.517049738450538e-06,0.004338958757894504,0.0012236364217257996,1.1650003386286065e-06
-0.517542693804076,0.42525870748343525,0.7545766089001085,-0.21110138025266245,0.10722809217023639,0.044083477609969765,0.009028069869960888,-0.000642394675991951,4.640946749626013e-06,0.004313635660072462,0.001251163095161885,1.1212937539261275e-06
-0.5196510548101946,0.4263163571978341,0.7550187326163292,-0.2108077185960673,0.10616387046806783,0.043383899051396425,0.009070914257477388,-0.0006295973241942118,4.767528440769484e-06,0.004284446802848474,0.0012797973279842013,1.0768529620315902e-06
-0.5217564616548962,0.42736338547405134,0.7554538281360214,-0.21051330741135463,0.10509721303507874,0.04268332527701094,0.009113520664133195,-0.0006165160858828181,4.896782573672551e-06,0.004260648719490162,0.0013081872805898375,1.0312940576637332e-06
-0.5238589066250953,0.42839976904172933,0.7558818848483247,-0.2102181189414567,0.10402815318549977,0.04198176775333371,0.009155977866539785,-0.0006031601268152554,5.0286369604294294e-06,0.0042457282822795355,0.0013356606279485538,9.847220522251352e-07
-0.5259583817556694,0.42942548479643555,0.7563028923243486,-0.20992212730301457,0.10295670909516122,0.04127924179378409,0.00919831575418964,-0.0005895307076354582,5.1630907363394e-06,0.004233796783706683,0.0013630079136589509,9.370665130997524e-07
-0.5280548788345042,0.4304405097521821,0.7567168403646768,-0.20962530770082285,0.10188289052100595,0.040575773743041096,0.00924047461604857,-0.0005756146990820956,5.300279454959537e-06,0.0042158941787574355,0.001391668192853582,8.887500277489794e-07
-0.5301483893871854,0.4314448211215966,0.7571237189260424,-0.20932763396691595,0.10080671438110429,0.03987138371965779,0.009282370682158326,-0.0005613941878397021,5.440380041203377e-06,0.004189614576368612,0.0014221198887390206,8.39427301947468e-07
-0.5322389046536647,0.43243839643387505,0.7575235181927634,-0.20902907712957242,0.09972821232827217,0.03916609404056884,0.00932398740413275,-0.0005468618478149049,5.583476504151503e-06,0.0041616801274175635,0.0014533042384568186,7.89523761116934e-07
-0.5343264155784425,0.43342121356281277,0.7579162285877852,-0.2087296066012475,0.09864742214922469,0.03845992297157206,0.009365393243920243,-0.000532026286702693,5.729500663319919e-06,0.004140591856526562,0.0014836277906234514,7.386055593120285e-07
-0.5364109128235511,0.4343932506354703,0.7583018406753452,-0.20842919297368942,0.09756437267336265,0.03775287905280852,0.0094066687144975,-0.00051690002895719,5.878348125670563e-06,0.0041275548648124745,0.0015126988526766134,6.867446189730927e-07
-0.5384923867881855,0.4353544859175209,0.7586803451853779,-0.208127809312163,0.09647907836658212,0.0370449780496685,0.009447821505188955,-0.0005014827176547271,6.0300362169580755e-06,0.004115286793553234,0.0015418056199584826,6.340711440300098e-07
-0.5405708276143475,0.4363048978276508,0.7590517303854326,-0.2078254299355191,0.0953915499848993,0.03633597665583656,0.009488786756394528,-0.00048575852324243737,6.184721264747671e-06,0.004096532756702306,0.0015724954176746248,5.798864926303304e-07
-0.5426462251623253,0.4372444649877856,0.759415985697797,-0.20752202652696164,0.09430180679988205,0.0356259929242114,0.009529496865495013,-0.000469710255875993,6.342571912462113e-06,0.004071018451679171,0.0016049042804499767,5.240542672167262e-07
-0.5447185689844858,0.43817316629565967,0.75977310392951,-0.2072175674793727,0.09320988008643265,0.034915364259342545,0.009569952945924397,-0.00045333574684105105,6.503621452631168e-06,0.004045615476296596,0.001637530034453465,4.672499461808618e-07
-0.5467878483264357,0.4390909809685763,0.7601230776141358,-0.20691202089401448,0.09211580456550844,0.03420405891885462,0.009610230152647862,-0.0004366498287660828,6.667742741349457e-06,0.00402772797617009,0.0016686724697781506,4.0966963185431555e-07
-0.5488540521480638,0.43999788843777327,0.7604658991187706,-0.20660535702159394,0.09101960395892687,0.033492057080777245,0.009650394013023774,-0.0004196670144301011,6.834810940979333e-06,0.004016393191296285,0.0016983635721968388,3.513163086279773e-07
-0.5509171691456803,0.4408938682511157,0.7608015608052032,-0.20629754895046504,0.08992128957538555,0.03277935895089714,0.009690429194372923,-0.0004023837753045168,7.004874756612927e-06,0.004003525125504186,0.0017284075559967774,2.922418221005152e-07
-0.5529771877494654,0.44177890008728626,0.7611300551215427,-0.2059885700144532,0.08882087217092036,0.03206597633989998,0.009730254743866481,-0.0003847805175150752,7.178136010949905e-06,0.003982561769135511,0.001760411028725558,2.322105843583127e-07
-0.5550340960973948,0.4426529638662002,0.7614513746627675,-0.20567839075877326,0.08771837450012905,0.031351925611964954,0.009769810943673117,-0.00036684155056486195,7.354759165193883e-06,0.00395562661887282,0.0017939836347847095,1.71200088211064e-07
-0.5570878820128963,0.4435160398359924,0.7617655121218497,-0.20536697881077307,0.08661383072981342,0.030637214884481505,0.009809122556443384,-0.00034857207289600353,7.534704820511111e-06,0.003931167714311737,0.001827036380819905,1.0914338745812148e-07
-0.5591385330108009,0.4443681085416045,0.7620724603787218,-0.20505430192421223,0.08550727359323564,0.029921859766699904,0.009848270773749246,-0.000329993328043087,7.717773541183518e-06,0.003914827942291131,0.0018579646778256935,4.579601367735595e-08
-0.5611860363270149,0.44520915071199835,0.7623722124909428,-0.20474033106668124,0.0843987234040546,0.029205876688838766,0.009887305819842186,-0.0003111201989940891,7.903828958928634e-06,0.003903510573921654,0.0018874046117275738,-1.8666971452579215e-08
-0.5632303789411438,0.4460391471858972,0.7626647616540717,-0.2044250401598677,0.08328819045252796,0.02848928081812578,0.009926193012061976,-0.00029194482043329604,8.092962583119007e-06,0.0038887249254628267,0.0019176311270241808,-8.382285154505205e-08
-0.5652715475671776,0.446858078954038,0.762950101298348,-0.2041084025625234,0.08217568812742079,0.027772097829703506,0.009964849994834648,-0.00027244516013501946,8.285403703550144e-06,0.0038657037083404434,0.0019500609817329644,-1.4994983580661976e-07
-0.5673095286229493,0.4476659272742523,0.7632282250503737,-0.20379038823176093,0.08106124264308197,0.02705434792210752,0.01000323573238199,-0.00025260977963829044,8.481268535923665e-06,0.0038385788971957596,0.0019836347393179785,-2.1789353195550166e-07
-0.5693443082123443,0.4484626737326458,0.7634991267458013,-0.2034709646494485,0.07994488870084676,0.026336050670170294,0.010041394144562121,-0.00023245245963249194,8.680409434055873e-06,0.00381584604826279,0.002015830346884455,-2.8887365072335176e-07
-0.5713758721429754,0.44924830018736395,0.7637628002810408,-0.20315010078164147,0.07882665604887497,0.025617210745146064,0.010079405781925434,-0.00021199967718042316,8.88256444034291e-06,0.0038011682291996425,0.0020453781161156185,-3.61492974418746e-07
-0.5734042059628204,0.45002278865517825,0.7640192396615048,-0.20282776967251243,0.0777065616962867,0.024897839114837308,0.01011730217454108,-0.00019126421577485156,9.087623168983997e-06,0.0037896433966574427,0.0020736474871899504,-4.3422013534444134e-07
-0.575429294979292,0.450786121260925,0.7642684391415242,-0.2025039469373599,0.07658461565158042,0.024177961969737153,0.010155032244504111,-0.0001702328263477535,9.295733214323835e-06,0.003773010758308777,0.002103241844062403,-5.074678295357897e-07
-0.5774511242415246,0.4515382803041249,0.7645103932907757,-0.20217860660833026,0.07546083416778938,0.02345761196050251,0.010192517984284036,-0.00014888268728499273,9.507119865306802e-06,0.003748577351269257,0.00213511847094296,-5.832057872165256e-07
-0.5794696785073326,0.452279248368493,0.7647450970386775,-0.20185171893980888,0.07433524602899057,0.022736825105844113,0.010229739024580761,-0.00012720904188271426,9.721800149656867e-06,0.0037221069936749416,0.002167470758198643,-6.639442092865989e-07
-0.5814849422340695,0.45300900835721536,0.764972545433028,-0.20152325265943097,0.07320788510191055,0.022015612910248044,0.010266753841511336,-0.00010523450431601771,9.939521850163201e-06,0.0037014842238807582,0.002197561485302425,-7.486268392650573e-07
-0.5834968996079594,0.45372754341571925,0.7651927335155609,-0.20119317933774136,0.07207877758436818,0.021293975046856088,0.01030363700628595,-8.29889471563514e-05,1.0159981752729197e-05,0.003688318552666298,0.002224664798208359,-8.34762778684804e-07
-0.5855055345863227,0.45443483684087405,0.7654056551716236,-0.20086147525560558,0.07094793799519875,0.02057179681733992,0.010340404985655059,-6.048303094989479e-05,1.0383071068450258e-05,0.003676799537677771,0.0022507019977068645,-9.224983661223057e-07
-0.5875108309099197,0.4551308720319747,0.7656113051174429,-0.20052811847642807,0.0698153764828143,0.019849162094300096,0.010377000528219727,-3.770046728413242e-05,1.0608940311363923e-05,0.0036595553657075325,0.002278368103643859,-1.013645998252915e-06
-0.5895127720798468,0.4558156325718493,0.7658096786658725,-0.20019308478660217,0.06868111109155167,0.01912613076922567,0.01041335881206587,-1.4621189750710446e-05,1.0837762606441195e-05,0.0036358289836320554,0.002308040918491159,-1.1098983940689867e-06
-0.5915113413274052,0.4564891023237172,0.7660007714001763,-0.1998563464670876,0.06754517060556944,0.018402730107306458,0.010449479911260044,8.751126119833184e-06,1.1069487819340622e-05,0.0036121099878220907,0.002337346144243706,-1.2089401227342287e-06
-0.5935065216148744,0.4571512654245309,0.7661845799999655,-0.19951787546119268,0.06640758511290817,0.017679070686387667,0.010485425528745762,3.238867374119698e-05,1.1303861523563384e-05,0.0035945612668544604,0.0023638705934688527,-1.3059529462441895e-06
-0.5954982956731498,0.4578021062148749,0.7663611010450297,-0.19917764754257736,0.06526837623508921,0.016955144130706094,0.010521255314552256,5.626260921109512e-05,1.1540609165981758e-05,0.003582977531633575,0.0023875105194138485,-1.4016877605601534e-06
-0.5974866460424396,0.4584416091487403,0.7665303311672756,-0.19883564308588839,0.0641275554075951,0.016230956644456267,0.010556958035195596,8.037168105448088e-05,1.1779743294991527e-05,0.003570270431017488,0.002411025314353281,-1.4962528372267275e-06
-0.5994715550749177,0.45906975880129575,0.7666922671505715,-0.19849184313310503,0.0629851340097079,0.015506523222361401,0.010592459979635618,0.00010474017350137195,1.2021528283742514e-05,0.003550192206511914,0.002436968672598515,-1.5913444827783948e-06
-0.601453004899808,0.4596865399669548,0.7668469060977716,-0.1981462250925224,0.061841133828160824,0.014781875288275903,0.010627701896191567,0.00012938718337280274,1.2266146409253777e-05,0.0035241887923697928,0.0024648217954921317,-1.6897508002846767e-06
-0.6034309773938572,0.4602919377454732,0.7669942452930165,-0.19779876292729656,0.060695586348473614,0.014057031738736648,0.01066270000098621,0.00015430067287251369,1.2513445151995003e-05,0.0034998069720390585,0.0024914710411116734,-1.791936474990058e-06
-0.6054054541942644,0.4608859375247264,0.7671342819836351,-0.1974494315951954,0.059548521789863036,0.01333199135766915,0.010697525193792867,0.00017944390216453478,1.276302735236739e-05,0.0034825151161826085,0.0025144460847306197,-1.8959452148773104e-06
-0.6073764167473644,0.4614685248811894,0.767267013430114,-0.19709821113946968,0.05839995997770276,0.012606757925759968,0.010732224870124596,0.0002047890177671426,1.3014616950819799e-05,0.0034699628000705827,0.002534635640322659,-1.9989398328506838e-06
-0.6093438463469667,0.4620396855076895,0.767392437048274,-0.19674508591666556,0.05724991262672047,0.011881347497209942,0.010766770489969992,0.00023034143834648024,1.3268291722100534e-05,0.003454556465802722,0.0025553671109717737,-2.101028674854162e-06
-0.6113077241264447,0.4625994052460577,0.7675105505617156,-0.19639003972268712,0.05609839443589066,0.011155789639439237,0.010801086430403202,0.0002561280393229775,1.3524335303067488e-05,0.0034315878157876478,0.0025787862696269493,-2.2046784890838783e-06
-0.6132680310058704,0.4631476700118326,0.7676213672905003,-0.1960330516250789,0.05494542958563982,0.010431637509446324,0.010835115717520103,0.00028219577820270915,1.3783390725233023e-05,0.003402921739232746,0.0026069015962015157,-2.295767932933284e-06
-0.6152247476658241,0.4636844662607531,0.7677248829239375,-0.19567409629760318,0.05379105405261112,0.009707131792843887,0.01086889850443457,0.0003085099520236808,1.404493641391788e-05,0.003378270966941057,0.0026315462623026603,-2.402571971754499e-06
-0.6171778545611583,0.46420978057515155,0.767821106168651,-0.1953131508504619,0.052635295758494655,0.00898357438047116,0.010902495639171002,0.00033505077646450867,1.4308910153508798e-05,0.0033597049798028047,0.002654212542029812,-2.495158308113689e-06
-0.6191273319691071,0.46472359978949224,0.7679100407036009,-0.19495019677089942,0.05147817517048015,0.008260464058340538,0.010935937475646449,0.00036180051112809196,1.4575165075185451e-05,0.003344174370852355,0.002675104724602419,-2.584130849181122e-06
-0.6210731600242755,0.46522591102546124,0.7679916782678179,-0.19458521885648758,0.05031970804383344,0.007536609614502914,0.010969195440463816,0.0003887509431894317,1.484345688336918e-05,0.003325786413703486,0.002695175403820078,-2.689479927715064e-06
-0.6230153187083328,0.46571670156302164,0.7680660125823111,-0.1942182015283143,0.04915991221720614,0.006812208687080875,0.011002197893843891,0.0004159215161339467,1.5113993889530547e-05,0.0033002344536232323,0.0027171905396326155,-2.7961009338230336e-06
-0.62495378779693,0.4661959587906683,0.76813305237315,-0.19384912447471891,0.04799881538989714,0.006088758008832905,0.01103490629743031,0.00044333837122240215,1.5387206441042135e-05,0.003270828620904433,0.002741820113672556,-2.889199202371962e-06
-0.6268885468475328,0.46666367049368396,0.7681928016250329,-0.19347796504049106,0.04683645296576721,0.00536578593077333,0.011067367898896454,0.0004709727768494856,1.5662750692296337e-05,0.0032461475502409552,0.002763576320240524,-2.985799226993272e-06
-0.6288195752406275,0.4671198247557463,0.7682452617937172,-0.19310470478844619,0.04567285283246785,0.004643043511236454,0.011099642072953544,0.0004987869448415064,1.594022852204335e-05,0.0032274039516489938,0.002781553497552926,-3.081140390704999e-06
-0.630746852222647,0.4675644098539868,0.7682904338979698,-0.19272932984098534,0.04450803430934709,0.00392048989134838,0.011131743168192125,0.0005267609211610932,1.621931958349741e-05,0.003210095213071756,0.002797535035597893,-3.1869935863610965e-06
-0.6326703569398028,0.4679974142348333,0.7683283178826121,-0.1923518298526747,0.04334201332220096,0.003198015628046014,0.011163610087560658,0.0005549175056622999,1.6500289751911908e-05,0.00318667674115517,0.0028157967104857286,-3.2921328651782148e-06
-0.6345900684129395,0.4684188267152935,0.7683589030933402,-0.19197219129197526,0.042174815425493714,0.002474561242139784,0.011195190438593065,0.0005832624991277063,1.6783117177176604e-05,0.0031580190080784287,0.0028346383999574855,-3.40637209748105e-06
-0.6365059655031022,0.468828636419846,0.7683821798420276,-0.19159039770782074,0.04100647297062614,0.0017502260877974988,0.011226485932541119,0.0006117768649839446,1.706755574184341e-05,0.0031295323992975004,0.0028515762723792105,-3.5242605893785843e-06
-0.638418026896295,0.4692268325764621,0.7683981568511231,-0.1912064322909121,0.03983701764501219,0.0010268538112198494,0.011257544415983464,0.0006404332312904319,1.735346619541253e-05,0.003105830443487367,0.0028657769634887107,-3.625618844959636e-06
-0.640326231194743,0.46961340486436826,0.7684068266597559,-0.19082028533545,0.038666476898432674,0.00030283411433816544,0.011288434900878639,0.0006691714205203963,1.7640033412217082e-05,0.0030890297252766322,0.0028739593626071233,-3.7409501388319227e-06
-0.6422305569713644,0.4699883431253303,0.7684081815139476,-0.19043195365787405,0.03749486694983477,-0.0004218591483354713,0.011319160095206213,0.0006979722292050314,1.792702685559107e-05,0.003072499814937373,0.0028802212731809202,-3.85765349995451e-06
-0.6441309827782827,0.47035163732802776,0.768402216484392,-0.1900414351747828,0.03632220401781282,-0.0011469441660556822,0.011349673475601887,0.0007268459765217323,1.8214431435452677e-05,0.0030513175648420594,0.002887515014386389,-3.9874033165823105e-06
-0.6460274871353248,0.4707032776501557,0.7683889273957452,-0.18964872647711753,0.035148510388830746,-0.0018723477457819003,0.011379920837365316,0.0007558110652824357,1.8502483990592663e-05,0.0030247148224179883,0.0028966491828299225,-4.114139834668901e-06
-0.6479200484899275,0.471043254549639,0.7683683119371417,-0.18925382028856194,0.03397381672192157,-0.0025978810677973,0.011409913933396293,0.0007848482296624039,1.8790935641732438e-05,0.0029992873830401293,0.0029038566063430016,-4.243608998788991e-06
-0.649808645238659,0.4713715587617246,0.7683403687224828,-0.18885671158934672,0.032798152127369876,-0.0033234450599065224,0.011439716131607363,0.0008139070321909694,1.907917828045289e-05,0.0029801967798575983,0.00290601991301853,-4.376048652506982e-06
-0.651693255792903,0.47168818121441164,0.7683050969950935,-0.1884574020186554,0.03162153682080192,-0.0040489712440736824,0.011469374174851851,0.0008429470809585808,1.9366743767792242e-05,0.002965780501965993,0.002904143752927536,-4.508675217054346e-06
-0.6535738586326751,0.4719931129603491,0.7682624965742924,-0.1880558985205947,0.030443984339599172,-0.004774401958313174,0.011498868346307945,0.0008719690444146796,1.965365179308618e-05,0.0029493925446664516,0.0029023344513820987,-4.6395420965701654e-06
-0.6554504323030781,0.4722863451960963,0.7682125681617178,-0.1876522075591179,0.02926551081673547,-0.005499653075841688,0.011528133558362422,0.0009010022401122383,1.994026881767004e-05,0.0029264957974722344,0.002903457128471243,-4.766842599649866e-06
-0.657322955370302,0.4725678693539824,0.7681553131362532,-0.1872463311901435,0.028086141376802095,-0.006224659460305132,0.011557128952662967,0.000930062307310743,2.0226781066199635e-05,0.002899513199139984,0.002906143838518825,-4.892914931091708e-06
-0.6591914063946536,0.47283767716435077,0.7680907332597977,-0.18683826898929565,0.026905906696888728,-0.006949379806391384,0.011585879454095014,0.000959124206102374,2.0512908186884948e-05,0.0028750231160319566,0.0029063263974301243,-5.017454213239574e-06
-0.6610557639602951,0.473095760625987,0.7680188303876238,-0.186428023732136,0.025724833822852924,-0.007673798260011229,0.011614445688495845,0.0009881396936830876,2.0798121024861712e-05,0.002856595671048364,0.002901684383039731,-5.138331103580298e-06
-0.6629160067388823,0.4733421119191215,0.7679396065571346,-0.18601560453934962,0.024542941304724973,-0.008397892729387846,0.011642856306843271,0.001017080521325567,2.1082152178873973e-05,0.0028410333576879684,0.0028942173723241734,-5.252339207643068e-06
-0.6647721135275098,0.47357672335851125,0.7678530641610387,-0.18560102404443188,0.02336024371518955,-0.009121629967240225,0.011671074774579942,0.0010459605621766965,2.1365215909261383e-05,0.002821817575254296,0.002888137828595173,-5.3601668727329665e-06
-0.6666240632343886,0.4737995874550572,0.7677592042557995,-0.18518429300894282,0.022176760301709245,-0.009845149404233661,0.011699026515778851,0.0010748161139763986,2.16478365235806e-05,0.002795144151317779,0.0028856884211704175,-5.456975005228467e-06
-0.6684718348108196,0.4740106969725061,0.7676580309569321,-0.18476541606652847,0.02099252076095515,-0.010568147053182786,0.011726688414025325,0.0011036544939731752,2.193003415317577e-05,0.002766159086868055,0.0028839707103696472,-5.559400614754939e-06
-0.6703154072465067,0.47421004499746655,0.767549547963998,-0.18434439745599257,0.019807557131858184,-0.011290660362598749,0.011754097792031468,0.0011324427595133604,2.221139931445618e-05,0.002740906342797509,0.0028789584785694445,-5.663219535663219e-06
-0.6721547596093812,0.47439762488709447,0.7674337587709037,-0.1839212456735866,0.018621896136043443,-0.012012703467501478,0.011781310983185649,0.0011611345592774324,2.249140210275057e-05,0.002721287005189592,0.002869310809947801,-5.764560825911405e-06
-0.67398987110725,0.4745734301871895,0.7673106667743368,-0.1834959751600632,0.017435556828306373,-0.012734283876517278,0.01180834061201611,0.0011897121552348463,2.2769866422989447e-05,0.002702930151871256,0.002857889251695643,-5.861519230243116e-06
-0.6758207211191232,0.4747374546308736,0.7671802732357633,-0.18306860270597675,0.016248556570224167,-0.0134556197442897,0.011835133263598347,0.0012182012596120503,2.3047130321144502e-05,0.002679231777019069,0.0028490391341502337,-5.953852983377775e-06
-0.677647289147913,0.4748896921658901,0.7670425808641703,-0.18263914060434355,0.015060920002498028,-0.014176572525883191,0.011861623331454492,0.0012466357474239088,2.3323610701639527e-05,0.0026489727118241546,0.0028435767730085417,-6.043392167150951e-06
-0.6794695547614232,0.4750301370213895,0.7668975960835087,-0.18220759601591255,0.013872680434677162,-0.014896771263501226,0.01188780524522435,0.001275011909435961,2.3599203627841506e-05,0.002618156629731787,0.0028377433902808,-6.137762064555979e-06
-0.6812874976073184,0.4751587837711379,0.7667453241984165,-0.18177397758879693,0.01268387098270274,-0.015616322549204307,0.011913725628242115,0.001303289612405776,2.3873406143700302e-05,0.0025920029530916676,0.0028278963677453015,-6.233549573900022e-06
-0.6831010974622157,0.47527562726448663,0.7665857699079639,-0.1813382990924344,0.011494518290527977,-0.016335280951397992,0.011939433669586774,0.0013314261824451776,2.4145713800188543e-05,0.0025707682619532817,0.002813781656712229,-6.3277034697276294e-06
-0.6849103342876638,0.47538066255012884,0.7664189377443892,-0.18090057946868873,0.010304642629088649,-0.017053662776126497,0.011964927386212805,0.0013594141669236693,2.4416048579259594e-05,0.0025493352913651952,0.00279892164101854,-6.419425323763804e-06
-0.6867151882383925,0.47547388486861736,0.7662448325231277,-0.1804608379368632,0.00911426496942215,-0.017771445274744363,0.01199015378232184,0.0013872815128565545,2.468475003473077e-05,0.0025226027089924373,0.0027868565318080294,-6.5092357959646255e-06
-0.6885156396211244,0.4755552897232079,0.7660634593614655,-0.18001908956393228,0.007923413464443736,-0.018488603751457562,0.012015063739638598,0.0014150539370694725,2.4952096344024285e-05,0.0024909582721152172,0.0027773632529775,-6.600674875169446e-06
-0.6903116688548939,0.47562487295053424,0.7658748235129498,-0.17957534605476444,0.0067321222574841365,-0.01920512414623581,0.012039661171999953,0.0014427206652922581,2.5217920488427142e-05,0.002459705252997897,0.002766792423461036,-6.694509914867859e-06
-0.692103256480813,0.475682630717571,0.765678930283061,-0.17912962074584052,0.005540424187878366,-0.019920995367285983,0.012063994764222005,0.0014702390108011206,2.5481693689763054e-05,0.0024333208043032435,0.0027519525933262534,-6.788457194573057e-06
-0.6938903832178885,0.4757285594537682,0.765475784984359,-0.17868193252489264,0.004348345338646353,-0.02063621180414628,0.012088102557387419,0.0014975733674172573,2.574299242676754e-05,0.002410740542391875,0.0027335518922535023,-6.880360090490605e-06
-0.6956730300114302,0.4757626557941501,0.7652653929512975,-0.17823230439763196,0.0031559071601757003,-0.021350772922334886,0.012111968858694689,0.0015247268340692767,2.6001867312917504e-05,0.002386591010973969,0.0027154611213969816,-6.9694258963387815e-06
-0.697451178026931,0.47578491659301775,0.7650477598250406,-0.1777807581780251,0.0019631337248977626,-0.02206465467721371,0.012135538718603069,0.0015517303756853174,2.625868497820913e-05,0.002356946486534812,0.0027004670594786115,-7.057778242933147e-06
-0.6992248086043824,0.47579533899790954,0.7648228916039139,-0.17732731130478252,0.0007700563167996773,-0.022777826177114525,0.01215877472081094,0.0015786030501721586,2.6513644392369524e-05,0.002323560315509376,0.002687378888919204,-7.1478268914840774e-06
-0.7009939032275561,0.4757939205044247,0.7645907944751487,-0.17687197897512638,-0.0004232896624263898,-0.023490266702415,0.01218169343731892,0.0016053252343457434,2.6766476586648077e-05,0.0022918314009364293,0.0026723282175708032,-7.239405828849917e-06
-0.7027584435471049,0.47578065893699706,0.7643514745660139,-0.17641477929080154,-0.0016168718535293975,-0.024201976099326828,0.012204343400795858,0.001631853435151129,2.701664282072393e-05,0.0022649558561681584,0.0026529279065195584,-7.3303515786151344e-06
-0.7045184114379942,0.4757555523788535,0.7641049380380452,-0.1759557358168315,-0.002810664354047923,-0.024912947587684673,0.012226750343011808,0.0016581609394555796,2.7263825844962073e-05,0.002240653559921929,0.0026308560931223783,-7.418831198672974e-06
-0.7062737890352826,0.47571859912936715,0.7638511912934728,-0.17549487480389583,-0.004004643990038592,-0.02562316071415615,0.01224888699829759,0.0016842601690415905,2.750817976453658e-05,0.0022136246920036423,0.0026100265528436594,-7.5054385930397e-06
-0.7080245587157578,0.4756697977382652,0.7635902409822541,-0.17503222013405617,-0.005198783423239365,-0.026332597926500004,0.012270701053518206,0.0017101825159800369,2.7750076974902543e-05,0.0021813644668570963,0.0025923364399836396,-7.591598976783285e-06
-0.7097707030515459,0.4756091470772708,0.7633220939781351,-0.17456779151138274,-0.006393048792453761,-0.02704124059643423,0.012292168220855285,0.0017359389266996636,2.798962630482223e-05,0.0021466754580059897,0.0025757410211512655,-7.678681419010478e-06
-0.7115122047902714,0.47553664637523835,0.7630467573549429,-0.17410160766850785,-0.007587404089099472,-0.02774906565876097,0.012313314903744297,0.0017615026415858416,2.8226478111044672e-05,0.00211462687023465,0.002556469413264353,-7.766232424689116e-06
-0.7132490468886259,0.4754522951843216,0.7627642381770016,-0.17363369114752006,-0.008781817545579622,-0.028456068217232403,0.012334186065040617,0.0017868323892555789,2.8460119910049557e-05,0.0020870746777604805,0.0025330703487123673,-7.85258993093215e-06
-0.7149812125674505,0.47535609331246276,0.7624745437149154,-0.1731640694205257,-0.009976263057795993,-0.029162226273551913,0.012354794101246744,0.001811912036795873,2.869034337991753e-05,0.002060762194936137,0.0025080578582721176,-7.938204143683846e-06
-0.7167086853336837,0.47524804080232935,0.7621776814258311,-0.17269277111017914,-0.011170715267621957,-0.029867526575456375,0.01237510385270603,0.0018367618413967608,2.891738262241287e-05,0.002030933726413963,0.0024850712212387835,-8.023722758395441e-06
-0.7184314489343216,0.4751281379285383,0.761873663359443,-0.1722198208518923,-0.012365143529333593,-0.030571516259576957,0.012395079988655588,0.0018614068659931452,2.914153073307798e-05,0.0019975721481698206,0.002464591048591557,-8.109255519772004e-06
-0.7201494873421626,0.4749963853249709,0.7615624994774185,-0.1717452413108087,-0.013559513507518672,-0.031274406292212086,0.012414715338081354,0.0018858484372274115,2.936278503996738e-05,0.001963493487844706,0.0024442435269950566,-8.195051862183322e-06
-0.721862784761481,0.4748527840370305,0.7612441942127683,-0.1712690559927286,-0.014753790930130777,-0.03197674619163532,0.012434034425134797,0.0019100579854712423,2.958077925835274e-05,0.001931867331146659,0.002421038808295033,-8.280376396600517e-06
-0.7235713256377578,0.47469733539610376,0.7609187541400276,-0.17079129107279847,-0.015947944945070118,-0.03267831718307428,0.012453071120129675,0.0019340012248667373,2.9795073988070396e-05,0.0019036283114892535,0.002394405222607572,-8.365353089063438e-06
-0.7252750946915943,0.4745300409258425,0.7605861916552785,-0.17031197605370127,-0.017141948664121352,-0.033378537373836586,0.01247183242690986,0.001957670841174146,3.0005568390569452e-05,0.0018760897193397222,0.002367040144075568,-8.449615804375305e-06
-0.7269740769560948,0.47435090242367783,0.7602465170621968,-0.16983114161910434,-0.01833577550658726,-0.03407762235291033,0.012490284109563005,0.001981090705655926,3.0212543204829948e-05,0.0018451275041712672,0.0023420623564212478,-8.533881205361931e-06
-0.7286682577564841,0.4741599220473162,0.75989973495787,-0.16934881546595398,-0.019529394253964875,-0.03477615022965698,0.012508379554864685,0.002004288592007794,3.041633527190699e-05,0.0018095039208100442,0.0023198621429612143,-8.617478604251651e-06
-0.7303576226399147,0.4739571022848285,0.7595458522066185,-0.16886502089034236,-0.02072276813132958,-0.03547389563116711,0.012526115223551683,0.00202726032587261,3.0616884371256355e-05,0.001773526442598728,0.002297244451960909,-8.70023860614968e-06
-0.732042157381912,0.47374244596969367,0.7591848769289041,-0.16837978267998685,-0.021915861420295203,-0.03617072877741247,0.012543523955205534,0.00204997345284243,3.081376862834739e-05,0.0017408330282990916,0.0022713810471322498,-8.782911257482754e-06
-0.7337218480318848,0.473515956241037,0.7588168178417088,-0.16789312996600717,-0.023108643094197183,-0.03686658662204388,0.012560633289144587,0.002072400178466115,3.10066333023402e-05,0.0017108936409630103,0.0022427379714718,-8.864556016727772e-06
-0.7353966809528749,0.4732776365058103,0.7584416839325326,-0.1674050946656411,-0.024301084950363455,-0.03756144489593181,0.012577432360412043,0.0020945447026902166,3.119552117323668e-05,0.0016798677725464244,0.002214514911654463,-8.945538247871737e-06
-0.7370666428159185,0.4730274904499903,0.7580594844595008,-0.1669157071921638,-0.02549315650759702,-0.03825528418792781,0.012593880813525804,0.0021164355109857935,3.1380783095334246e-05,0.0016448063047270276,0.0021891406157924023,-9.025608321384179e-06
-0.7387317205594625,0.47276552209328676,0.7576702289227496,-0.16642499415864753,-0.026684822189764465,-0.03894808637793112,0.012609949871047616,0.002138092291830757,3.1562660484405985e-05,0.0016068670621250238,0.0021657353168922267,-9.104715931916035e-06
-0.7403919013596598,0.4724917358303566,0.7572739269640654,-0.16593298038440818,-0.027876043884450603,-0.03963983720703719,0.012625649513266241,0.002159503136917153,3.1740992845842444e-05,0.001569925901906134,0.0021411390809377684,-9.183283211354901e-06
-0.7420471726432818,0.47220613641465053,0.7568705885556094,-0.16543969287938,-0.029066785852351104,-0.040330499425379245,0.012641013718936412,0.0021806356724481616,3.191536367026659e-05,0.0015363827273975512,0.002113305198789596,-9.261072856365163e-06
-0.7436975221321387,0.4719087289117386,0.7564602238500846,-0.1649451626225621,-0.030257016691537696,-0.041020053209804785,0.012656061540110864,0.0022014704657843495,3.2085525028096515e-05,0.0015047448342472597,0.002083527895707503,-9.337530283321078e-06
-0.7453429378704252,0.47159951867017474,0.7560428431717731,-0.16444942206058755,-0.03144670646266009,-0.041708485896231766,0.012670775684440163,0.0022220196868650587,3.225162712986313e-05,0.0014713776954361113,0.002054967680425336,-9.412805630198408e-06
-0.7469834082081003,0.47127851134304405,0.7556184570128447,-0.1639525012485052,-0.032635822255723757,-0.04239578855955691,0.012685120570966935,0.0022423118860057417,3.241402301095614e-05,0.001434452403280004,0.0020292627163693727,-9.487413073456133e-06
-0.7486189217599633,0.47094571293579884,0.7551870760907479,-0.16345442674542526,-0.03382432700469804,-0.04308194356592066,0.012699079107997599,0.002262360236128508,3.2572873063997656e-05,0.0013958179247493575,0.002004875143876347,-9.561197395645303e-06
-0.7502494673855084,0.4706011298323124,0.7547487111985544,-0.16295522434035803,-0.03501218269058082,-0.043766942233045565,0.012712668633097777,0.0022821478720539547,3.2727953274340765e-05,0.0013589172719053859,0.001978800906916392,-9.634514932311635e-06
-0.7518750342097765,0.47024476876914567,0.7543033733422012,-0.16245492253355442,-0.036199354336962905,-0.044450759591284174,0.012725919884126741,0.002301645576007982,3.287888935977996e-05,0.001325090509953636,0.0019498046546389475,-9.706686720583657e-06
-0.7534956116635517,0.4698766367910684,0.7538510737724455,-0.16195355309451026,-0.03738581052950293,-0.04513337112161517,0.01273884298988358,0.002320842687628513,3.302554213849189e-05,0.0012922766806950888,0.0019197422770390513,-9.777784359320168e-06
-0.755111189499382,0.4694967412355176,0.7533918239113168,-0.16145114806995908,-0.038571520094200465,-0.04581476554034366,0.012751416730081788,0.002339757718401447,3.3168143693372974e-05,0.0012573407894242467,0.0018915311952809324,-9.84784110326492e-06
-0.7567217577665067,0.46910508976143606,0.7529256352610121,-0.16094773654152553,-0.03975644864264795,-0.046494942438991424,0.012763611473017503,0.0023584174584777807,3.330703183748195e-05,0.001219441667575269,0.0018659993437097307,-9.91689811128174e-06
-0.758327306772381,0.4687016903884866,0.7524525195388677,-0.1604433446355142,-0.040940558675924534,-0.04717388394516558,0.012775420081084498,0.0023768288909770006,3.3442291870400166e-05,0.0011808287822649454,0.0018411658584795135,-9.985006223501036e-06
-0.759927827071357,0.46828655150838006,0.7519724885917713,-0.15993799858224783,-0.04212381299433899,-0.04785157533591117,0.012786863433875218,0.002394972345999204,3.3573672981431384e-05,0.0011443039328867166,0.0018143652257799718,-1.005177508418178e-05
-0.7615233094906841,0.4678596818545713,0.7514855544743384,-0.1594317274983328,-0.04330617757117614,-0.04852799311245454,0.012797966199159847,0.0024128237236799898,3.3700865641715866e-05,0.0011102459526853928,0.001785154410147009,-1.011741142957924e-05
-0.7631137451386371,0.46742109038530755,0.7509917363600735,-0.1589245619337542,-0.04448762062938383,-0.049202426734515324,0.01280873962236231,0.0024303817702596474,3.382385528236279e-05,0.0010773125370809903,0.0017558182123340535,-1.0181652542147963e-05
-0.7646991254740436,0.46697078647839074,0.7504910429004599,-0.15841653395316796,-0.04566811159576283,-0.049875935312786626,0.012819156082876168,0.002447668686236606,3.394292641430669e-05,0.0010416170096739855,0.0017287022489910519,-1.0244657556266668e-05
-0.7662794422282303,0.46650877981556754,0.7499834849280109,-0.15790767074591844,-0.04684761526801588,-0.050548307764214775,0.01282919061619534,0.0024647079815632495,3.405837514693334e-05,0.0010034249755713587,0.0017039374699654478,-1.0306999637641319e-05
-0.7678546873751465,0.4660350804269592,0.7494690745221525,-0.1573979973746111,-0.04802609437695235,-0.05121942184781067,0.01283884268903319,0.002481500865583141,3.4170221621114004e-05,0.0009651796230192261,0.0016792936440565252,-1.0367731568127372e-05
-0.7694248531311444,0.46554969869980944,0.7489478242968003,-0.15688753982329987,-0.0492035127683862,-0.05188922216930196,0.012848132541211553,0.0024980270022954957,3.427821004554865e-05,0.0009289583313029014,0.0016526160601329437,-1.0426821360902452e-05
-0.7709899319837461,0.46505264535161406,0.7484197472261864,-0.1563763268319799,-0.050379837095044656,-0.052557671219623556,0.012857077365814158,0.002514268581909678,3.4382109194237145e-05,0.0008944564216324781,0.001624157349810154,-1.0485061850064624e-05
-0.7725499167188364,0.46454393140791556,0.7478848563614708,-0.15586438857804052,-0.051555035456083725,-0.05322476459466489,0.012865672100555394,0.0025302314366961423,3.44820008774826e-05,0.0008594482789764528,0.0015962819262514182,-1.0541549334951506e-05
-0.774104800413358,0.46402356820525426,0.7473431650254404,-0.15535175352558436,-0.05272907451119199,-0.05389048222789205,0.012873895288323098,0.002545940229569661,3.4578205110162904e-05,0.0008222943593415533,0.0015708730047283305,-1.0596722978711571e-05
-0.7756545764022419,0.46349156742069075,0.7467946867539627,-0.15483844702154448,-0.05390191832044343,-0.05455480889101104,0.012881731561318726,0.002561414657884854,3.467098043981755e-05,0.000783603607765461,0.0015474339915090471,-1.0650395836097849e-05
-0.7771992382506384,0.46294794109244075,0.7462394353284431,-0.1543244928539275,-0.0550735299442558,-0.05521772149279557,0.012889186255252745,0.0025766515516554666,3.476028804786845e-05,0.0007454464500106738,0.0015236779593168525,-1.0702903618425894e-05
-0.7787387797581407,0.4623927016130965,0.7456774247024833,-0.1538099161174043,-0.05624387395112862,-0.05587920106167779,0.012896277569477609,0.0025916317167617334,3.484588134226953e-05,0.0007091093039946126,0.0014980023600510888,-1.0754400722313537e-05
-0.7802731949861457,0.4618258617030781,0.7451086690271067,-0.15329474423957515,-0.05741291713716296,-0.05653922772985694,0.01290301584854112,0.0026063440948846522,3.492762645760501e-05,0.0006738066609222066,0.0014712208514173106,-1.0804117855667974e-05
-0.7818024782752001,0.46124743439479876,0.7445331826618711,-0.15277900508223347,-0.0585806268368677,-0.057197785120114204,0.01290939288415421,0.0026208008996730504,3.5005685141527064e-05,0.0006376831601314143,0.0014456608179564273,-1.085253809716826e-05
-0.7833266242299858,0.46065743304353973,0.7439509801215807,-0.15226272422128823,-0.059746968820905806,-0.057854864690904714,0.01291539136551675,0.0026350270826705057,3.5080381786374484e-05,0.0005998285066422643,0.0014225961531649587,-1.0899878884978118e-05
-0.7848456276858031,0.4600558713505428,0.7433620761110155,-0.1517459243917813,-0.06091190700641859,-0.05851045243873758,0.012921003278687143,0.002649037887324329,3.515192286741627e-05,0.0005611724156769128,0.0014010559762943423,-1.0945444307870019e-05
-0.786359483687468,0.45944276337368006,0.7427664855406932,-0.15122862745929755,-0.06207540517469751,-0.05916452851530028,0.012926236979685899,0.0026628269618304617,3.522023105485381e-05,0.0005233519577051421,0.0013788805758488151,-1.0989755806849328e-05
-0.787868187498584,0.45881812351591916,0.742164223475293,-0.15071085683382757,-0.0632374286920529,-0.05981707628116515,0.012931106504775651,0.0026763776686940686,3.528509413698652e-05,0.00048693519313380704,0.001355041294269069,-1.1033033022051435e-05
-0.7893717346263738,0.4581819665049354,0.7415553051393823,-0.15019263769577562,-0.06439794441752918,-0.06046808096799495,0.01293561633608231,0.002689685884074836,3.534646495113475e-05,0.00045096666470204587,0.0013307896057640608,-1.1074970041161779e-05
-0.7908701208621887,0.457534307485927,0.7409397374625062,-0.1496739958913037,-0.06555691948346039,-0.061118377561421015,0.012939748032620447,0.0027027656275670454,3.5404529594220415e-05,0.00041315399829483377,0.0013079400038495204,-1.111572709944623e-05
-0.7923633421798363,0.45687516178566884,0.740317540711212,-0.14915495217606856,-0.06671431732427319,-0.06176663868937081,0.012943495136213146,0.002715642532961808,3.545962575729461e-05,0.00037469543261329006,0.0012876540073270717,-1.1155203792823722e-05
-0.793851394762452,0.4562045451101231,0.7396887328075082,-0.1486355265939298,-0.06787010230999131,-0.062413102676224144,0.012946858017150023,0.0027283281376705433,3.55119105501667e-05,0.00033627386186139497,0.001268521862665786,-1.11932588074987e-05
-0.795334274982329,0.45552247352891384,0.7390533306523058,-0.14811573873382394,-0.06902423923816649,-0.06305787190542982,0.012949846241815808,0.002740814262756122,3.556128271488891e-05,0.00029880896542599356,0.0012485717657541192,-1.1230238532166025e-05
-0.7968119794108915,0.45482896345372625,0.7384113508076977,-0.1475956096789583,-0.07017669420213543,-0.0637009798118434,0.012952469212157688,0.002753088096149029,3.560757970369962e-05,0.0002622843166473398,0.0012273403627743307,-1.1266297696958168e-05
-0.7982845048377746,0.45412403162185494,0.7377628097448222,-0.14707516157153894,-0.0713274340781789,-0.06434243780670212,0.012954727482067557,0.0027651515384122184,3.5650829048939944e-05,0.00022581505798923305,0.0012062990397411482,-1.1301506354506392e-05
-0.7997518482699678,0.4534076950916805,0.7371077241307343,-0.14655441536404912,-0.07247642535484171,-0.06498223178351026,0.01295661433641366,0.002777024601373078,3.5691300787814585e-05,0.00018867421954993442,0.0011872590853492955,-1.133510062788923e-05
-0.8012140069427646,0.45267997136074517,0.7364461015628492,-0.14603339048824646,-0.07362363408268678,-0.06562127490628775,0.012958113546223053,0.002788726973341353,3.572925781104943e-05,0.00014991041798439133,0.0011701881414644768,-1.1367395966022972e-05
-0.8026709782003817,0.45194087810577727,0.7357779640920914,-0.14551210170130188,-0.07476902338237025,-0.06625812440628359,0.012959232900895021,0.0028002667347778627,3.5764812300282334e-05,0.000111925531519197,0.0011539253254531894,-1.1398444708696619e-05
-0.8041227595538902,0.4511904333764943,0.7351033311062061,-0.1449905658998546,-0.07591255927940507,-0.06689304673263731,0.012959981443610708,0.002811635295868744,3.5797861982479626e-05,7.484499800171788e-05,0.0011368034718610258,-1.1428118501117652e-05
-0.8055693486889651,0.45042865556531025,0.7344222208868328,-0.14446880121022332,-0.07705420857806211,-0.06752615285891156,0.012960364351144938,0.0028228239546455743,3.582829985172745e-05,3.828217838736697e-05,0.0011188113599951898,-1.1456770065802296e-05
-0.8070107434780703,0.44965556339174945,0.7337346513382479,-0.14394682610327816,-0.07819393830547412,-0.06815748364847768,0.012960380802303922,0.002833840081510418,3.585622574205033e-05,1.6372175402358051e-06,0.0011015563599930623,-1.1484567829669707e-05
-0.8084469419728135,0.44887117590209347,0.7330406401391699,-0.14342465731433812,-0.07933171517687504,-0.06878706701213425,0.012960027760637328,0.0028447054665378235,3.588192577724862e-05,-3.531146359052461e-05,0.0010864805594831303,-1.1511589420032175e-05
-0.8098779423741753,0.44807551246765576,0.7323402052500708,-0.14290230885976804,-0.08046750563113228,-0.0694148794907391,0.01295930525533014,0.0028554394447701486,3.5905658058131853e-05,-7.225729458232186e-05,0.0010733384395938553,-1.1537469269501336e-05
-0.8113037430080574,0.4472685927861918,0.7316333647606154,-0.1423797933415896,-0.08160127638477473,-0.07004091029421135,0.01295821641509941,0.002866045315674617,3.59274746501193e-05,-0.00010889026422952575,0.0010605263104754938,-1.1562042693380563e-05
-0.8127243423220468,0.4464504368766007,0.7309201369089134,-0.14185712392463443,-0.08273299462993823,-0.07066514493642616,0.012956763780027554,0.002876513783451053,3.5947261204125386e-05,-0.00014526918844991082,0.0010467845354867054,-1.1585646043300772e-05
-0.8141397389011833,0.4456210650766639,0.7302005399437321,-0.14133431501675814,-0.08386262778721919,-0.07128758356098387,0.01295494727065144,0.0028868399873869816,3.5964959386010654e-05,-0.00018165603764915564,0.0010325566587556915,-1.160844405561971e-05
-0.815549931477355,0.4447804980415472,0.7294745922673906,-0.14081138083123249,-0.08499014319897752,-0.0719082144085261,0.012952766165242697,0.002897035565096126,3.598072805951021e-05,-0.0002181151010697515,0.001019492655854707,-1.1630107459129291e-05
-0.816954918916283,0.4439287567447102,0.7287423124706666,-0.14028833348448957,-0.08611550822539481,-0.07252702352198456,0.012950221836722483,0.0029071228514557005,3.599486639089704e-05,-0.00025443695507171835,0.001008662345137502,-1.1650469028592947e-05
-0.8183547001891761,0.4430658624761349,0.7280037193191807,-0.13976518264720816,-0.08723869055008514,-0.07314399723655579,0.012947317307034398,0.002917118046682083,3.6007590831899684e-05,-0.0002904566743132676,0.0009994522048380136,-1.1669854272496302e-05
-0.8197492743518549,0.44219183683665075,0.7272588318057769,-0.13924193706228297,-0.08835965821855161,-0.07375911452668481,0.012944053577437529,0.0029270212924429077,3.601891251127601e-05,-0.00032637626795652147,0.0009902562488388665,-1.168800411772673e-05
-0.8211386405881178,0.4413067018590091,0.7265076586074217,-0.13871860765424493,-0.08947837980340013,-0.07437340820897428,0.012940417983840142,0.00293682006109469,3.602867718794537e-05,-0.00036356222266025216,0.0009798074381947223,-1.1705061699987818e-05
-0.8225227981223244,0.44041047970782476,0.7257502247258778,-0.1381952034210898,-0.09059482053087257,-0.07498524742397608,0.012936413273585617,0.002946515491657054,3.6036903367205095e-05,-0.00040047344531842063,0.0009694725483939333,-1.1721455527915693e-05
-0.8239017462991305,0.43950319290602513,0.724986552168016,-0.13767173456903914,-0.09170894811186826,-0.07559493530418707,0.012932043610362291,0.0029561234413156365,3.6043799979424454e-05,-0.00043696835774150133,0.0009607235191925118,-1.1737194547836187e-05
-0.825275484558491,0.4385848643108303,0.7242166616557211,-0.13714820876970557,-0.09282073071561557,-0.07620260448128459,0.012927316531317757,0.002965666205840866,3.604965920540442e-05,-0.0004727096393063838,0.0009542042628324399,-1.1752274394479805e-05
-0.8266440124042269,0.43765551709370487,0.7234405734526156,-0.13662463144151465,-0.09393013729023149,-0.07680830376617924,0.012922237258354336,0.0029751569155635578,3.605465471010087e-05,-0.0005079287802115952,0.0009489981586675453,-1.176668251491457e-05
-0.828007329386073,0.43671517472741705,0.7226583077647925,-0.1361010074935638,-0.09503713699435723,-0.07741204042566222,0.012916803504267793,0.002984593199495294,3.6058763888945696e-05,-0.0005433766331378225,0.0009435549505715612,-1.1780005346474817e-05
-0.8293654351042619,0.4357638609859864,0.7218698849502001,-0.13557734277261602,-0.09614169837945315,-0.07801380050508332,0.012911008617619417,0.002993967411935427,3.6061897457327176e-05,-0.0005794896015496278,0.0009373471252528905,-1.1792104100378198e-05
-0.8307183292231956,0.4348015999539134,0.7210753255249807,-0.1350536436894765,-0.09724378937945954,-0.07861357048428314,0.012904850059773121,0.003003282364738035,3.6064089424207316e-05,-0.0006158564419193057,0.0009314205102581932,-1.1804163930956906e-05
-0.8320660114717581,0.43382841603210026,0.7202746500491588,-0.13452991546288445,-0.098343378214444,-0.07921134937877186,0.012898334547424931,0.0030125557984233336,3.606557362860628e-05,-0.0006515516812575189,0.0009272681057556915,-1.1815466743621039e-05
-0.8334084816215769,0.43284433392795674,0.7194678792507638,-0.13400616085950579,-0.09944043430873234,-0.07980712371784247,0.012891473237365737,0.003021808873481305,3.60666270935665e-05,-0.0006861313237728176,0.0009252319358694072,-1.1826083437097668e-05
-0.8347457394605693,0.431849378640766,0.7186550339057926,-0.1334823808604364,-0.10053492816687104,-0.08040089104781115,0.012884270203029282,0.0030310509774886924,3.6067370684624474e-05,-0.0007203036586917333,0.0009241346057169631,-1.1836422766542684e-05
-0.8360777848651135,0.43084357569767195,0.7178361146453892,-0.1329585788846307,-0.10162683184049917,-0.08099466712492841,0.012876718849291159,0.0030402744877102063,3.606775857181273e-05,-0.0007551354915651487,0.0009222750105143723,-1.1841223466947084e-05
-0.8374046176149628,0.4298269505886065,0.7170111496397085,-0.13243475412402506,-0.10271611212644692,-0.08158569972895433,0.01286880852204235,0.0030494742038960554,3.606769841266481e-05,-0.0007910327065672218,0.0009198953188630008,-1.1848265566513649e-05
-0.8387262375194199,0.4287995291177882,0.7161801666736327,-0.13191090895336535,-0.10380273746119614,-0.08217402995653122,0.012860538446361237,0.0030586571807134618,3.606727091403403e-05,-0.0008270074375553509,0.0009182211438053405,-1.1856020107883816e-05
-0.8400426445097048,0.4277613376904992,0.7153431694935118,-0.13138704689563727,-0.10488667933190342,-0.0827620640133219,0.012851923970123405,0.0030678403774899326,3.606675281148157e-05,-0.0008614474650809714,0.0009182431214751951,-1.185761060756116e-05
-0.8413538384060604,0.426712402678172,0.7145001889439437,-0.1308631634366642,-0.10596790672099642,-0.08334709478608063,0.012842977012760376,0.0030770449223793957,3.606638227669043e-05,-0.0008946956224642677,0.0009203780502584162,-1.1862218412179863e-05
-0.8426598190722885,0.42565275092296617,0.7136512390564488,-0.13033925751871137,-0.10704639283849046,-0.08393080646127463,0.012833688072567401,0.0030862740222017183,3.606618843430777e-05,-0.0009288939595688342,0.0009228336761444551,-1.1867682323280567e-05
-0.8439605863517702,0.4245824095787208,0.7127963321057653,-0.12981532712004756,-0.1081221080915817,-0.08451337536466644,0.012824055727829605,0.0030955209276976245,3.606607757854751e-05,-0.0009632344395231546,0.0009246143156764634,-1.1873495827005463e-05
-0.845256139969812,0.42350140579445905,0.7119355044931447,-0.1292913681888462,-0.10919502034062233,-0.08509239107736465,0.012814066578645533,0.003104782558478492,3.606601011983069e-05,-0.000998914897502127,0.0009260868952587098,-1.1878961257969631e-05
-0.8465464797537101,0.42240976734348984,0.7110687662226227,-0.12876738202109997,-0.11026510127990753,-0.08567049502883811,0.012803730342871007,0.003114067733892983,3.606609815072993e-05,-0.00103362360483467,0.0009284414853117092,-1.1884159367410034e-05
-0.84783160540454,0.42130752198371274,0.7101961533230764,-0.1282433621657402,-0.11133231978726295,-0.08624508723092267,0.012793060951927277,0.003123398990457513,3.606662474621438e-05,-0.001066939258613378,0.0009330499089595635,-1.1889530334876143e-05
-0.8491115166869359,0.4201946980603937,0.7093176759557268,-0.12771930550373645,-0.11239665138091688,-0.08681875581123495,0.012782077372834592,0.0031327923316675065,3.6067787580204536e-05,-0.0010983582730242976,0.0009392588081394524,-1.1895199353518214e-05
-0.8503862131899514,0.41907132385658374,0.7084333704570617,-0.12719520238186446,-0.1134580675997154,-0.08738888546680319,0.012770771065727507,0.0031422505262473127,3.606962190932429e-05,-0.001130631286244878,0.0009457446062207149,-1.1900444830566841e-05
-0.8516556945433866,0.4179374282223744,0.7075432474795716,-0.1266710496467562,-0.11451654291831773,-0.08795804619230434,0.01275912877944325,0.0031517635971865924,3.607199509213709e-05,-0.001164229375280383,0.000951232619396216,-1.1905759864360509e-05
-0.852919960348348,0.4167930403481603,0.706647311991986,-0.12614684323397587,-0.11557204826653385,-0.08852680895165853,0.012747130754678473,0.003161324018030268,3.60748114861051e-05,-0.0011998033654965496,0.000955967930662867,-1.1910583173279742e-05
-0.8541790100695628,0.41563818945922787,0.705745592497811,-0.1256225755580097,-0.11662455106625544,-0.08909282138370822,0.012734793506296336,0.003170946860328762,3.6078257942252494e-05,-0.0012337259294224817,0.0009622105170899695,-1.1915479309807675e-05
-0.8554328430460755,0.4144729048697852,0.7048381340210256,-0.12509823709147175,-0.11767402264688062,-0.08965443332840231,0.012722136118916509,0.003180656550589725,3.6082649950922155e-05,-0.0012657401328119411,0.0009708959621600977,-1.191944829135949e-05
-0.8566814586594954,0.4132972165128993,0.7039249512101243,-0.1245738211573368,-0.11872044088431427,-0.09021468331529635,0.012709175476175963,0.0031904666564205337,3.608815296023407e-05,-0.001296066027086641,0.0009809382726201053,-1.1923603105604209e-05
-0.8579248560843005,0.41211115426613154,0.7030060832463586,-0.12404931491417172,-0.11976377828747828,-0.09077112051848332,0.012695895708787317,0.003200375572868471,3.609474602864714e-05,-0.001327978845644559,0.0009908200781312971,-1.1927247613862245e-05
-0.8591630345110525,0.4109147485817627,0.7020815422125704,-0.12352471226665071,-0.120804009751462,-0.09132645673424819,0.012682279026472777,0.003210371840267699,3.6102281894807296e-05,-0.0013616706469978387,0.0009995558266353095,-1.1930488573020295e-05
-0.8603959929365633,0.40970802987791666,0.7011513669012582,-0.12300000226225151,-0.12184110319221085,-0.09187802352378474,0.01266831290950054,0.0032204562129765934,3.6110762786685085e-05,-0.0013966144241993798,0.0010083670121021696,-1.1933881927775142e-05
-0.8616237303930581,0.40849102918448515,0.7002155695450359,-0.1224751784170293,-0.12287503264034054,-0.09242847744828518,0.012654019124562217,0.0032306439772786678,3.612037320705625e-05,-0.001429381593739589,0.0010187069413167321,-1.1937592884561996e-05
-0.8628462457043853,0.4072637774916049,0.6992741888603495,-0.12195022620235675,-0.12390577007227013,-0.09297517113761575,0.012639418806193679,0.0032409581531502273,3.613139836106696e-05,-0.001460035404393791,0.001031349048842831,-1.1941279191211777e-05
-0.8640635376830502,0.40602630634287246,0.6983272368417828,-0.12142513488645532,-0.12493329464936864,-0.093520777441216,0.012624523765676436,0.0032514075002444587,3.614394483591871e-05,-0.0014895081245597543,0.0010448671903453026,-1.1944693436117736e-05
-0.8652756048902389,0.40477864719038986,0.6973747523345789,-0.12089988853128517,-0.12595757901126559,-0.09406261405328495,0.012609310382331675,0.0032619854415319423,3.615792556873046e-05,-0.001521342887598142,0.001057727575393827,-1.1947792128368816e-05
-0.86648244587593,0.4035208320522488,0.6964167473919446,-0.12037447835848258,-0.12697859809278075,-0.09460336226710088,0.012593758908284307,0.0032726793073171666,3.617317685816648e-05,-0.0015551523878622616,0.001069320889456419,-1.1950555651386142e-05
-0.8676840589693624,0.4022528929159241,0.6954532609466411,-0.11984889065070625,-0.12799632000969718,-0.09514033620881783,0.012577862584271111,0.003283492456726294,3.6189736343620384e-05,-0.0015896378296850896,0.0010812501413142946,-1.1953057420015739e-05
-0.8688804425080687,0.4009748623737033,0.6944843051518157,-0.1193231155976858,-0.12901072037546327,-0.09567621345396013,0.012561650917369516,0.0032944431568100335,3.620782118404237e-05,-0.0016211726382298775,0.001095006231177532,-1.1956069770175188e-05
-0.8700715945834852,0.39968677295737487,0.6935099193097878,-0.11879713530524541,-0.13002177284543887,-0.09620827944154094,0.01254514587961477,0.003305552990714299,3.622769030430016e-05,-0.001650510332305944,0.0011109207946122558,-1.1959506161306159e-05
-0.8712575132452743,0.3983886577327771,0.6925301157401776,-0.11827093618773658,-0.13102945803304725,-0.09673923308655506,0.012528352503604316,0.0033168254015757616,3.624937947756689e-05,-0.0016793447827660292,0.0011271796933833304,-1.1962833597195584e-05
-0.872438196263467,0.3970805496645253,0.6915449339966895,-0.11774450022711577,-0.13203374859857347,-0.09726635415722792,0.0125112400572411,0.0033282490942689296,3.6272736793118434e-05,-0.00171125239690265,0.0011423089819919436,-1.1966321289040227e-05
-0.8736136413797638,0.39576248228359806,0.6905543865709269,-0.1172178167104973,-0.13303461958283128,-0.09779235085541707,0.01249378979918179,0.003339811136895649,3.6297593100785717e-05,-0.0017450340931278304,0.0011561449747506055,-1.1969661774374109e-05
-0.8747838460927567,0.39443448908851225,0.6895585133892285,-0.11669086966193709,-0.13403203965480812,-0.09831448107386738,0.012476002948811103,0.003351518485183933,3.632402453803202e-05,-0.0017786938801723285,0.001170676585643935,-1.1973200365488595e-05
-0.8759488078882178,0.3930966041735483,0.6885573271416244,-0.11616364648378061,-0.1350259864803265,-0.0988354670158472,0.01245791618135102,0.003363392024428037,3.635227997188788e-05,-0.0018086862326750928,0.001187296878202299,-1.1977002032972805e-05
-0.877108523974851,0.39174886155209593,0.6875508679919795,-0.11563612661689084,-0.13601643553771986,-0.09935256129787068,0.012439549308151712,0.003375450989295422,3.638259084849274e-05,-0.001836697532974315,0.001205840780561168,-1.1980659756949408e-05
-0.8782629914962925,0.3903912957532234,0.6865391487660304,-0.11510829441041392,-0.13700336864902718,-0.09986849864503751,0.012420898798448302,0.003387692759817428,3.641491840701125e-05,-0.00186506190217049,0.0012241226620160045,-1.1983915558541923e-05
-0.879412207295088,0.3890239411967975,0.6855222100405046,-0.1145801305439203,-0.1379867582622438,-0.10038050754679947,0.01240192793520064,0.003400101500014445,3.644905149241307e-05,-0.0018970979092191084,0.0012408208095608846,-1.1987579006727125e-05
-0.8805561681777293,0.3876468328741159,0.6845000647389997,-0.11405162302015906,-0.13896657971288287,-0.10089135501806323,0.012382621823751327,0.0034126657707079506,3.6484834211333324e-05,-0.0019306233339329334,0.001256374938401219,-1.1991614721069857e-05
-0.8816948706904378,0.38626000574114916,0.6834727536896599,-0.11352275403645333,-0.1399428026977772,-0.10139825098019133,0.01236299134772613,0.0034253968436073665,3.6522392032736684e-05,-0.0019630604436953205,0.0012730563117018634,-1.1996035650634305e-05
-0.8828283113494315,0.3848634953343579,0.6824402900768729,-0.11299350869336938,-0.14091540730674026,-0.10190395738827247,0.012343078420658371,0.003438317225695513,3.656199400602308e-05,-0.001991306297646175,0.0012919885481923142,-1.2000315289330663e-05
-0.883956486464172,0.3834573373341046,0.6814026929685408,-0.1124638666780486,-0.14188437380179353,-0.102407884788456,0.012322905051196775,0.003451440875474047,3.6603794844350584e-05,-0.0020173513460824896,0.0013123167234122364,-1.2005234988694e-05
-0.8850793920269512,0.3820415673025886,0.6803600078291762,-0.11193380594253693,-0.14284967870972393,-0.10290739637585844,0.012302446619273754,0.003464760443597786,3.664768862720081e-05,-0.0020458583712571,0.0013319098933942221,-1.2010518756746976e-05
-0.8861970239716256,0.38061622134851214,0.6793122501008326,-0.11140331225076372,-0.14381130088508534,-0.103405497222942,0.012281671986628674,0.003478254984795406,3.6693399049733154e-05,-0.0020774791329596716,0.0013494083592096458,-1.2016482969106099e-05
-0.8873093780491726,0.379181335776928,0.6782594403346843,-0.1108723697835618,-0.14476921285919772,-0.10390167774120947,0.012260569685489362,0.003491915973680988,3.674080737987146e-05,-0.002110246636184265,0.0013660542096044887,-1.2022696537189042e-05
-0.8884164498483672,0.37773694712639283,0.6772016027259147,-0.11034096186745884,-0.1457233892711779,-0.10439557194836928,0.012239166623997572,0.0035057584011122258,3.679008535909113e-05,-0.002140323390788284,0.0013841992482918847,-1.2028968978875357e-05
-0.8895182347836642,0.3762830921511686,0.6761387636054215,-0.10980906911773627,-0.146673809828056,-0.10488696361722939,0.012217502647355051,0.0035198064224969293,3.6841513727995245e-05,-0.002166415729966275,0.001404759994705254,-1.2035541872412672e-05
-0.8906147280664373,0.37481980777631335,0.6750709504390612,-0.10927667052167765,-0.1476204570630792,-0.10537573879849375,0.01219558926737246,0.00353406868705993,3.689518212431351e-05,-0.0021913569268158985,0.001426185712566644,-1.2042460027743096e-05
-0.8917059247352402,0.37334713116967955,0.6739981821494467,-0.10874374722650584,-0.14856331064317202,-0.10586275917069955,0.012173367289782229,0.003548529513141045,3.695088070983281e-05,-0.0022222174836087323,0.0014460431294652265,-1.2049915975992164e-05
-0.892791819576083,0.37186509959818226,0.6729204916913364,-0.10821028113035658,-0.1495023411871771,-0.10634662249032295,0.012150816991435893,0.003563166684312481,3.700832211042728e-05,-0.0022550502599756493,0.0014636787232482486,-1.2057744659553143e-05
-0.8938724072280215,0.370373750618536,0.6718379096829747,-0.10767625697926118,-0.15043752263803142,-0.10682756217331119,0.012127941596367282,0.0035779765324874687,3.706744408407838e-05,-0.00228756061683995,0.0014809474648333442,-1.2066070811340635e-05
-0.8949476821842313,0.3688731220663241,0.6707504658400499,-0.10714165759256324,-0.15136883207508658,-0.10730566542054919,0.012104779639083747,0.003592979117027393,3.7128476314925694e-05,-0.0023162176113812032,0.001500222278418144,-1.2074491819581227e-05
-0.8960176387624529,0.36736325199883063,0.6696581896778534,-0.10660646272185743,-0.15229625166586686,-0.10778094905599926,0.012081371041428007,0.0036081975157768297,3.719168265766684e-05,-0.0023408825236335153,0.0015218050311695036,-1.208314456099286e-05
-0.8970822710722409,0.36584417863807434,0.6685611105622472,-0.1060706511508019,-0.15321976509966018,-0.10825342816873268,0.012057717006495378,0.0036236332849889225,3.725706554873441e-05,-0.002365427135221744,0.0015435434050195705,-1.2092047142104458e-05
-0.8981415730096706,0.36431594036341514,0.6674592580548465,-0.1055342038284918,-0.1541393523586192,-0.10872308653253124,0.012033781615886476,0.0036392643546379806,3.732434539007885e-05,-0.0023935634932811915,0.0015630746040666153,-1.2100887641183616e-05
-0.89919553828824,0.362778575762086,0.6663526617466443,-0.10499710479794638,-0.15505498876302518,-0.10918992442305603,0.01200953125265854,0.0036550684736463357,3.739323409738226e-05,-0.0024250614477140694,0.0015803805147111057,-1.2110384141648237e-05
-0.9002441604712168,0.3612321236786405,0.6652413512426729,-0.10445933876973973,-0.1559666491640144,-0.10965393994266771,0.01198497347235535,0.0036710471617311616,3.746373507051119e-05,-0.0024558038552990394,0.0015978383953406965,-1.212003282298893e-05
-0.9012874329711263,0.35967662320696264,0.6641253562720847,-0.10392088797820026,-0.15687431308396804,-0.11011511678516966,0.011960152012014405,0.003687224324481267,3.753611436661085e-05,-0.0024821726634864467,0.0016176869869134235,-1.2130385009544688e-05
-0.902325349017277,0.35811211363072354,0.663004706648781,-0.10338173178200054,-0.15777796509483286,-0.11057344335962901,0.011935101224595153,0.003703620018912237,3.7610593335084915e-05,-0.0025051062651169085,0.001639541405809384,-1.2141183060345572e-05
-0.9033579016266855,0.3565386343736632,0.6618794322236304,-0.10284184952559244,-0.1586775897808682,-0.11102891714514954,0.011909809673739195,0.003720227796172818,3.7687077187845884e-05,-0.002529183475889963,0.001660750876793052,-1.2152290357574015e-05
-0.9043850836102789,0.3549562250110889,0.6607495630097691,-0.10230122362367514,-0.15957316671182484,-0.11148152625790198,0.011884232733159228,0.003737019785853494,3.77652123756059e-05,-0.002557723191740524,0.0016791730882388736,-1.2164082954049873e-05
-0.905406887611757,0.35336492533266717,0.6596151290641264,-0.10175983955214274,-0.1604646709569854,-0.11193126926408507,0.01185834107419945,0.003753975579310281,3.784473702419517e-05,-0.0025891956819917602,0.0016955542735378728,-1.217638737616747e-05
-0.9064233061373731,0.35176477538591067,0.6584761604934488,-0.10121768259978783,-0.16135207860252287,-0.11237813943508752,0.011832153591279202,0.0037711033003917723,3.79257251424228e-05,-0.002618778764201404,0.0017127478798213607,-1.218954847524807e-05
-0.9074343315456935,0.35015581545205476,0.6573326875444888,-0.10067473495958318,-0.16223537141549899,-0.11282211796787756,0.011805718752678175,0.003788429650861697,3.800847750376126e-05,-0.002643515138642174,0.0017326118365934688,-1.2202827224360171e-05
-0.9084399560105079,0.3485380859790809,0.656184740526226,-0.10013097638080103,-0.16311453549984206,-0.11326319598482283,0.011779062562079992,0.0038059695182254905,3.8093149900258983e-05,-0.0026656512116978587,0.0017539646288405612,-1.221662753875628e-05
-0.909440171497745,0.34691162754230703,0.6550323498035964,-0.09958638773458105,-0.1639895551898578,-0.11370137034028496,0.01175216029264386,0.0038237074125384457,3.8179541875478714e-05,-0.002690259900838096,0.0017737683027835745,-1.2230698999578427e-05
-0.9104349697845843,0.3452764808755838,0.6538755458244934,-0.09904095369327515,-0.16486040886638526,-0.11413663773111256,0.011724963000694111,0.0038416116457745965,3.826726360874183e-05,-0.0027197628158142275,0.001790402940177997,-1.2245007360224245e-05
-0.9114243425031147,0.34363268693982185,0.652714359103804,-0.09849466157436054,-0.16572707128115738,-0.11456899355049957,0.011697450400807989,0.003859665998380597,3.835610386155635e-05,-0.0027512941978750406,0.0018054154918862358,-1.2259992008562308e-05
-0.9124082811640007,0.3419802869541396,0.6515488202752739,-0.0979474975491124,-0.16658951996320145,-0.11499842251569435,0.011669654222983014,0.003877885243669584,3.844621697301036e-05,-0.00277965264533064,0.0018219054602181622,-1.2275437585523589e-05
-0.9133867772167784,0.34031932252250785,0.650378943294578,-0.09739944564003798,-0.16744774074750773,-0.1154265883220318,0.011641617942119807,0.0038962981286174135,3.853792676827952e-05,-0.0028036637348530956,0.0018412703137360865,-1.2290615389579861e-05
-0.914359821886413,0.33864983530848175,0.6492047513537145,-0.09685048578250836,-0.16830171827851959,-0.11585256594952646,0.011613354726402035,0.003914913715082306,3.863132370943998e-05,-0.0028263580490368854,0.0018615414021260976,-1.2305768453956836e-05
-0.915327406181007,0.33697186706194776,0.6480262718520745,-0.09630060061217936,-0.16915143439830255,-0.11627593885152424,0.011584825426096934,0.003933707937981506,3.8726113497990515e-05,-0.002852967229067753,0.0018794058081067868,-1.2320831389059106e-05
-0.916289520933557,0.33528545969345197,0.6468435341083336,-0.09574977733530282,-0.16999686458343696,-0.11669652082494406,0.011555977494621531,0.003952646231626903,3.8821877426885644e-05,-0.002884830909056483,0.0018938133981473847,-1.2336199697340222e-05
-0.9172461568543573,0.333590655358018,0.6456565683921472,-0.09519800532122842,-0.17083798190424992,-0.11711421792195358,0.01152680039727817,0.003971717660653333,3.8918472822099516e-05,-0.0029177480072955556,0.0019071273662600045,-1.235176899167637e-05
-0.9181973046309758,0.33188749664376305,0.6444653884928013,-0.09464527320464933,-0.17167476576206295,-0.11753067504147723,0.011497327437025353,0.003990943651561502,3.901613709530285e-05,-0.0029473349087687064,0.0019225841221163827,-1.2366891982968473e-05
-0.9191429546925393,0.3301760261034437,0.6432700346993798,-0.09409156241080067,-0.17250719589221092,-0.11794323488921662,0.011467616609934934,0.004010351677558814,3.9115160329163724e-05,-0.0029711223248622717,0.0019407883564955908,-1.2383130494627435e-05
-0.9200830973189609,0.32845628648056135,0.6420705425328875,-0.09353685611327703,-0.1733352595445239,-0.11835237305227193,0.011437674768117335,0.004029941653698388,3.921552520019842e-05,-0.002994224530025149,0.0019589840824396536,-1.239946732204674e-05
-0.921017722623604,0.32672832066919005,0.6408669456048467,-0.0929811406877248,-0.1741589383244894,-0.11875828553605483,0.011407455202529424,0.004049681388884262,3.931683660255956e-05,-0.003021997486806551,0.001973960463335723,-1.2416953830580662e-05
-0.921946820590219,0.32499217176717365,0.6396592767271082,-0.09242440691745375,-0.17497820712424292,-0.11916105754620715,0.011376910894990766,0.004069536841140394,3.941869158772443e-05,-0.003054472103132466,0.0019855324150496777,-1.243445174356039e-05
-0.9228703811175557,0.32324788313909486,0.6384475684702979,-0.09186664664807241,-0.17579304017842842,-0.11956071224143226,0.011346047953430447,0.004089504720661992,3.952103445332554e-05,-0.0030863359071458527,0.001996775351114729,-1.2452436290715934e-05
-0.9237883940237865,0.3214954984109808,0.6372318533560806,-0.09130784864886987,-0.17660341811005884,-0.11995724734114516,0.011314923033868138,0.00410961176926221,3.962414720084546e-05,-0.0031125342280352783,0.0020106926229347876,-1.2471248552322205e-05
-0.9247008490065018,0.3197350613895107,0.6360121642646583,-0.09074799821557047,-0.17740932834959125,-0.120350620489482,0.01128358526816213,0.004129881423586349,3.972827607080767e-05,-0.0031338194691921113,0.002026953693938052,-1.2490576306509642e-05
-0.9256077356081922,0.3179666159940461,0.6347885341477429,-0.09018708109449232,-0.17821075844736953,-0.12074082515101062,0.011252025100640172,0.00415030356124694,3.9833286379409834e-05,-0.0031560602275723946,0.002042202444572341,-1.2510505680301027e-05
-0.9265090432268073,0.31619020626820443,0.6335609958705117,-0.08962508748181296,-0.1790076893601084,-0.12112787639059287,0.011220186716236931,0.004170839668733174,3.9938733912350485e-05,-0.0031838823126677683,0.0020535995945093616,-1.2530105940772075e-05
-0.9274047611665112,0.3144058764564526,0.6323295823178687,-0.08906201179088025,-0.17980009617460288,-0.12151177677011363,0.01118803067484858,0.0041914591546126905,4.004426104765156e-05,-0.003215648261455956,0.0020619373995689667,-1.2549853812761155e-05
-0.928294878680441,0.31261367106324944,0.6310943263845785,-0.08849784835534213,-0.18058795560146382,-0.1218925220666011,0.011155579730081643,0.0042121675160429065,4.014991185461753e-05,-0.0032451388693447206,0.0020708249425047984,-1.2570168622723853e-05
-0.929179384962957,0.3108136348253804,0.6298552610583218,-0.08793258770781397,-0.18137125212490332,-0.12227009431373635,0.011122898015125815,0.004232995235765424,4.0256010326732e-05,-0.003268216296683992,0.0020827609381410574,-1.259092033704239e-05
-0.9300582691055623,0.30900581262356214,0.6286124193969264,-0.08736621754885604,-0.1821499760664121,-0.12264448091256304,0.011090024142647353,0.004253959519015028,4.0362728669829496e-05,-0.003287432533693433,0.0020964175485956907,-1.2612340874852014e-05
-0.9309315200692645,0.3071902494262913,0.627365834429191,-0.08679872739360517,-0.18292411546571427,-0.12301568766090287,0.011056931132217096,0.00427503983038083,4.0469820572584716e-05,-0.0033093467125274094,0.0021080204773457558,-1.263432227026773e-05
-0.9317991267083278,0.305366990323287,0.6261155392574993,-0.086230111892175,-0.1836936505749375,-0.12338371478205823,0.011023557202246351,0.004296193893546023,4.057680615416955e-05,-0.003337438847165369,0.002115395509156733,-1.2656319899055867e-05
-0.9326610778275756,0.3035360806127398,0.6248615669882589,-0.0856603692057234,-0.1844585570232963,-0.12374856528520885,0.010989873780431775,0.004317397632963079,4.068340615850693e-05,-0.003368388092079322,0.0021203628322136866,-1.2678625619695922e-05
-0.9335173622160617,0.3016975658458747,0.623603950730807,-0.08508949611819104,-0.18521881426049783,-0.12411023335657594,0.0109559192657503,0.004338665491474571,4.0789771350128944e-05,-0.003395497503521252,0.002126774525560348,-1.2700753551452305e-05
-0.9343679686260742,0.2998514917763824,0.6223427237133531,-0.08451748522637288,-0.1859744102358448,-0.1244686975591045,0.010921760243549909,0.004360028924879681,4.089623175039149e-05,-0.003415948523549331,0.002136331978564928,-1.2723349015441678e-05
-0.9352128857271292,0.2979979042672917,0.6210779192161124,-0.08394432727674894,-0.18672533703488003,-0.12482394884310559,0.010887420436482626,0.004381496786621157,4.100286715736856e-05,-0.003434027314725653,0.002146774816669138,-1.2746554984487611e-05
-0.9360521020892746,0.2961368492546318,0.6198095704819783,-0.08337001614524168,-0.18747158205620054,-0.12517599637899698,0.010852856016494416,0.004403039200401939,4.110933665482906e-05,-0.0034564887632712532,0.002154229837678126,-1.2770222364758466e-05
-0.9368856062200736,0.2942683728047303,0.6185377107946924,-0.08279455113190298,-0.18821312434110607,-0.12552484442933803,0.01081800336205713,0.004424613172441024,4.1215168585467524e-05,-0.003485312156304824,0.002157385229376774,-1.2793399579513287e-05
-0.9377133866226615,0.29239252120354825,0.6172623735742442,-0.08221793398198507,-0.18894994007155896,-0.12587048098324907,0.010782848577013124,0.004446203213440218,4.132018598330433e-05,-0.0035155250841124126,0.002158991598451296,-1.2816686626651279e-05
-0.9385354318184628,0.29050934098293024,0.6159835921564415,-0.08164016386499737,-0.1896820114341538,-0.12621290663095155,0.010747444353951273,0.00446783164025965,4.1424620535702556e-05,-0.0035404688530629304,0.0021628297814485584,-1.2840122162170908e-05
-0.9393517303141898,0.2886188788483094,0.6147013999858207,-0.08106123576550768,-0.19040932914104114,-0.12655210081959312,0.010711854660317783,0.004489528202141139,4.1528778262989155e-05,-0.0035590160124803925,0.0021696430528562217,-1.2864135057042594e-05
-0.9401622705576276,0.28672118158821164,0.6134158304953533,-0.08048114406130909,-0.19113188582869803,-0.1268880632309433,0.010676085578539905,0.0045112918743821385,4.1632641718051646e-05,-0.0035769549208247093,0.0021763538479830286,-1.2887916021125987e-05
-0.9409670409335287,0.2848162960604161,0.6121269171693566,-0.07989988741712627,-0.19184966725504501,-0.12722079666275868,0.010640078676399985,0.004533084950471465,4.173579953529877e-05,-0.0036007368641311145,0.0021792937748746776,-1.291170938586377e-05
-0.9417660298123035,0.28290426927084145,0.6108346935732317,-0.07931746974512377,-0.19256265100490333,-0.12755030137002246,0.010603774107912512,0.004554867270046291,4.183782388151014e-05,-0.003630503208606868,0.0021782174455768784,-1.2934830691019645e-05
-0.9425592256050908,0.2809851484598146,0.6095391933098647,-0.07873389609969084,-0.19327081411488928,-0.12787657279692882,0.01056717539936513,0.0045766330520558415,4.193864748971712e-05,-0.0036599168885277796,0.0021765629807441035,-1.2957992450075612e-05
-0.9433466167718966,0.2790589811020571,0.6082404500294024,-0.07814916794595904,-0.19397414146255468,-0.12819959623657812,0.010530347225307124,0.004598410953715383,4.2038566561021696e-05,-0.003682863244149448,0.002177774398425701,-1.2981316526982749e-05
-0.9441281917800534,0.277125814818237,0.606938497402852,-0.07756328296840066,-0.19467262582539424,-0.12851936060362903,0.010493346004159855,0.004620226354172697,4.2137841259690646e-05,-0.003700167873859444,0.0021815238714024644,-1.300477609036734e-05
-0.9449039390646076,0.2751856972925361,0.6056333691378353,-0.07697623964517282,-0.19536625930816448,-0.12883586366276525,0.010456158487486917,0.004642067540438276,4.223633908146415e-05,-0.0037187972833479977,0.0021841019779301574,-1.3028546927301841e-05
-0.9456738470396245,0.2732386762864287,0.6043250989564272,-0.07638804162975298,-0.19605502544827413,-0.12914911401262108,0.010418715679714627,0.004663891533907876,4.2333610598572676e-05,-0.0037443260377411497,0.0021823819967059913,-1.3051725709544327e-05
-0.9464379041546757,0.2712847997329865,0.6030137206456608,-0.0757986971877823,-0.19673890056942295,-0.12945911268955282,0.010380966735854745,0.004685663946626928,4.242929421671424e-05,-0.003774939116238159,0.0021772230383904157,-1.307481550688016e-05
-0.9471960989426348,0.26932411581225174,0.601699267964509,-0.07520821427126886,-0.19741786304678832,-0.12976585876570468,0.010342934397152918,0.004707389629023122,4.2523442086032555e-05,-0.003803278087276988,0.002172549159528468,-1.309746417652963e-05
-0.9479484200121153,0.26735667292340853,0.6003817747483594,-0.07461659654957532,-0.19809190052116485,-0.13006933281028946,0.010304691814491014,0.004729100851290124,4.261637775022069e-05,-0.003824302115818965,0.0021711024701644905,-1.312089422340725e-05
-0.948694856000225,0.2653825195829366,0.5990612748954248,-0.07402384473831032,-0.1987610071745214,-0.1303695210298208,0.010266283368782016,0.004750815972463162,4.270828742435048e-05,-0.0038408881360113556,0.0021714917861580417,-1.314428912017526e-05
-0.9494353955424027,0.26340170435826327,0.5977378023590948,-0.07342996174258079,-0.19942517381111924,-0.1306664225857306,0.01022767631369095,0.0047725133259265235,4.279894697240234e-05,-0.0038607486784600687,0.002169714332047284,-1.3167469204380306e-05
-0.950170027298347,0.2614142759098591,0.5964113910278307,-0.07283495609047068,-0.20008438158055206,-0.13096005558781199,0.010188795651381938,0.004794147871097286,4.288790115903858e-05,-0.0038881087809567332,0.002163432597742719,-1.3189817257937743e-05
-0.9508987400115966,0.2594202830943947,0.5950820748785551,-0.07223883988936482,-0.20073860610400843,-0.13125041692832273,0.010149604676375297,0.004815693626923113,4.297488563664639e-05,-0.003919139296357073,0.0021545526325845664,-1.3212035144838659e-05
-0.9516215225458349,0.25741977502127394,0.5937498879003097,-0.07164162352497433,-0.2013878277665657,-0.13153749838144832,0.010110145560014907,0.004837165236361251,4.306004924006247e-05,-0.003945952740003372,0.0021471370476593404,-1.3234276030856823e-05
-0.9523383638636553,0.2554128009978263,0.5924148641177882,-0.07104331285775974,-0.20203203701739889,-0.13182128346005093,0.010070495017062418,0.004858595519265555,4.314372655145264e-05,-0.003965094861368993,0.0021430036267765453,-1.3256268065258066e-05
-0.9530492529778822,0.253399410420946,0.5910770375996927,-0.07044391192850868,-0.20267122881244568,-0.13210176261891687,0.010030681220812462,0.004879993969795703,4.322601360278251e-05,-0.003981419693353405,0.0021398196778859564,-1.3278147208551042e-05
-0.9537541789332252,0.2513796527322622,0.5897364424905377,-0.06984342821780565,-0.20330539207558568,-0.13237893635248527,0.009990652883331017,0.004901330279857532,4.330660828146355e-05,-0.0040028731646545345,0.002133604776655235,-1.3299745217880646e-05
-0.9544531308444469,0.2493535774861948,0.5883931129674941,-0.06924187479745901,-0.20393450568513197,-0.13265281380195232,0.009950334353733072,0.004922560850401624,4.3385079513737275e-05,-0.004031891504825939,0.002123029765908442,-1.3320937570955171e-05
-0.9551460979556945,0.24732123445717902,0.5870470831940129,-0.06863926700550665,-0.204558545365186,-0.13292339937949713,0.009909707149338717,0.004943669839913473,4.346127897860741e-05,-0.004062758029917084,0.002110870543691547,-1.3341447819189168e-05
-0.9558330696624785,0.24528267367082152,0.5856983873292803,-0.06803561723855492,-0.2051774941594146,-0.13319068319091912,0.009868831307910057,0.004964680122266674,4.3535434268757316e-05,-0.004087620881113584,0.0021009988309330556,-1.336221980441768e-05
-0.9565140354778993,0.24323794532225917,0.5843470596777571,-0.06743093351655029,-0.20579134517257858,-0.13345463756167195,0.00982778166690408,0.004985622424420389,4.360784871993856e-05,-0.004105000128310129,0.002094199971851407,-1.3383283292781403e-05
-0.9571889849870515,0.2411870996699065,0.5829931345779646,-0.0668252233428839,-0.20640009343725774,-0.13371525720549932,0.009786566573157287,0.005006496592745982,4.367852593604345e-05,-0.004121544685873672,0.002087385761714337,-1.3404038658565233e-05
-0.9578579078424246,0.23913018701844202,0.5816366463810253,-0.06621849864726277,-0.20700372557994498,-0.13397255218601947,0.00974511867917269,0.005027265921933079,4.374711690772127e-05,-0.004144823810185401,0.002076900862679389,-1.3423993855810133e-05
-0.9585207938119339,0.23706725781046573,0.5802776293841259,-0.0656107764871371,-0.20760221863591322,-0.13422654007965834,0.009703367461569539,0.00504789128871322,4.381324597493087e-05,-0.004175155073818279,0.002062503465322357,-1.3443781750357489e-05
-0.9591776328314284,0.23499836272627772,0.5789161180083571,-0.06500207470732942,-0.20819554926824443,-0.13447720803613594,0.009661315602729467,0.005068367707298062,4.387687953736866e-05,-0.004205218071169515,0.00204760748930005,-1.3462681468109975e-05
-0.959828415012302,0.23292355268698228,0.5775521466738445,-0.06439240732037181,-0.20878370367184443,-0.13472454280981422,0.00961903786646797,0.00508872382659969,4.393830273221744e-05,-0.004227804820694617,0.0020355765550157025,-1.3481399958373062e-05
-0.9604731305998263,0.23084287875162254,0.5761857498589731,-0.06378178453580562,-0.20936667725498823,-0.13496852638434934,0.009576600903738587,0.005108985599497158,4.3997769877082955e-05,-0.004243726594875592,0.002026141041023824,-1.350022181555868e-05
-0.961111769933346,0.22875639202050985,0.5748169620659068,-0.06317021739198964,-0.20994446433216202,-0.13520915845342268,0.009533991026629522,0.005129143100397191,4.405519910108132e-05,-0.004261017109812129,0.002015712942296721,-1.3518210620881242e-05
-0.9617443234558599,0.2266641436491057,0.5734458177754558,-0.06255772195346242,-0.2105170489585981,-0.13544645524708293,0.009491128798930371,0.0051491562424542765,4.4110215533926084e-05,-0.004286251044215156,0.002001275991892245,-1.3536012455925833e-05
-0.9623707817664664,0.22456618495631744,0.5720723515758293,-0.061944318520432334,-0.2110844068635617,-0.13568041683676907,0.00944795465510325,0.005168993122892469,4.4162530137845476e-05,-0.004317441372757321,0.0019836486422873676,-1.3553179747843526e-05
-0.9629911356647675,0.2224625675122782,0.5706965981055209,-0.06133002673283369,-0.2116465165397095,-0.1359110336516034,0.009404493904333764,0.005188659344470037,4.4212210801289445e-05,-0.004346100806270453,0.0019665816168851677,-1.3569768000349514e-05
-0.963605376143303,0.22035334310920943,0.5693185919982536,-0.0607148618723374,-0.21220336757062108,-0.1361382904839444,0.009360831321251584,0.005208186688247542,4.4259565540202834e-05,-0.004366282925797613,0.001952692855151719,-1.3586377549414926e-05
-0.9642134943411975,0.21823856364324046,0.5679383679143772,-0.06009883633325045,-0.21275495705569136,-0.13636217459284308,0.009317019751816386,0.005227594015612232,4.430478153851941e-05,-0.004381180537325361,0.0019406903322889458,-1.360275395706169e-05
-0.964815481513975,0.21611828103548514,0.5665559605525531,-0.05948196459328259,-0.21330127782643593,-0.136582688637224,0.009273022718781155,0.0052468627540837665,4.4347703282930225e-05,-0.004399725783228323,0.0019268305045450481,-1.3618145266091398e-05
-0.9654113290554863,0.21399254727804587,0.5651714046262004,-0.05886426632418532,-0.213842311285566,-0.13679984718034505,0.009228753869668958,0.005265952393820863,4.438797017301986e-05,-0.004426906077763418,0.0019089195406712459,-1.363289951698256e-05
-0.9660010285525488,0.21186141455433613,0.5637847348850529,-0.05824576426656656,-0.2143780326526121,-0.13701365479455566,0.009184170191745916,0.005284840213941146,4.442539052148105e-05,-0.004458387533668111,0.0018887364174695826,-1.3646930043198086e-05
-0.9665845718164009,0.20972493530422912,0.56239598615632,-0.05762647917756053,-0.2149084230449226,-0.13722409477479933,0.009139319619612486,0.00530354113653024,4.4460118662592445e-05,-0.004485075599750506,0.001870045590629675,-1.366044884725295e-05
-0.967161950862161,0.20758316216278394,0.5610051932743799,-0.057006427353196845,-0.2154334754440522,-0.13743114938783396,0.009094291021568581,0.005322087205462984,4.4492458299530366e-05,-0.004502876986519183,0.0018545593030411534,-1.3674072115931848e-05
-0.9677331578620958,0.2054361478349543,0.5596123910755003,-0.056385623298585125,-0.2159531878524029,-0.1376348117318243,0.009049118119235016,0.0053404893055987975,4.4522525076327536e-05,-0.004517306263514792,0.0018401615687517877,-1.3687101388171121e-05
-0.9682981851263057,0.20328394504231415,0.5582176144521015,-0.05576408462395226,-0.21646755094433007,-0.13783508713495846,0.009003742948130312,0.005358721904526501,4.455010164909031e-05,-0.004537531863557678,0.0018232105085318015,-1.3699799811247248e-05
-0.9688570251355483,0.20112660660016565,0.5568208982903957,-0.0551418338705599,-0.21697654370505598,-0.13803199303754923,0.008958078616352115,0.00537674740860643,4.457486794846403e-05,-0.004566446472441815,0.0018024999568369221,-1.3711832398161227e-05
-0.9694096705921821,0.1989641855396693,0.5554222775629191,-0.05451889527892248,-0.21748014172444413,-0.13822552529296325,0.008912103075777958,0.005394553330011891,4.4596736253773874e-05,-0.0045975658356730235,0.0017805406029803622,-1.3722829321197854e-05
-0.9699561144384525,0.19679673514557586,0.5540217872544893,-0.05389529006280208,-0.217978329411734,-0.13841566940126238,0.008865884846476216,0.0054121620022207885,4.461592578640184e-05,-0.004621833299737714,0.0017608147121852549,-1.3733282532421724e-05
-0.9704963498250836,0.19462430886447776,0.5526194623566381,-0.05327103526350317,-0.2184711028684655,-0.13860240763589715,0.008819510162265086,0.0054296030309900776,4.463271594376376e-05,-0.004637477523647198,0.0017440495359236383,-1.3743447747659184e-05
-0.9710303700675522,0.19244696018139953,0.5512153378911108,-0.052646147343773035,-0.2189584600981151,-0.13878573463771662,0.008772989697851194,0.005446878594863089,4.464713838912497e-05,-0.004652054285461688,0.001727502240249002,-1.3753654378530755e-05
-0.9715581686393568,0.19026474259848114,0.549809448948245,-0.05202064659295672,-0.21944038912847602,-0.13896565856314794,0.008726247163427632,0.005463958622498354,4.4658950638607836e-05,-0.004674259887250912,0.0017079477206542876,-1.3763019627453419e-05
-0.972079739325348,0.18807770986760253,0.5484018114292383,-0.05139455845589514,-0.21991687013383657,-0.1391441155960714,0.008679197240562122,0.005480810450917718,4.46678913883894e-05,-0.004704997180116799,0.001685126807855473,-1.3771465280408332e-05
-0.9725950760907964,0.1858859159071965,0.5469924518033376,-0.05076790752334086,-0.22038787684284503,-0.1393200499732464,0.008631836003813929,0.005497430204755121,4.4673951444776606e-05,-0.004736127002125743,0.0016619183738711453,-1.3779102136199486e-05
-0.9731041730086406,0.18368941472981334,0.545581420510843,-0.050140714065442786,-0.22085339219588487,-0.13949104620944996,0.008584254674052579,0.0055138463052595895,4.467739744740781e-05,-0.004758134874268502,0.001641552197201804,-1.3786296959644757e-05
-0.973607024410213,0.1814882605327273,0.5441687596034472,-0.04951299606097036,-0.22131341657943568,-0.13965792698580604,0.008536532718997823,0.005530084318030213,4.467846678566585e-05,-0.00477219609686284,0.00162374269693917,-1.3793280173190075e-05
-0.9741036248202696,0.17928250755268477,0.5427545073898212,-0.04888477184609028,-0.2217679478453174,-0.13982106919145804,0.008488656535920552,0.005546138682260363,4.4677134125968666e-05,-0.004787617570603639,0.0016053771210656047,-1.3799523517133642e-05
-0.9745939689497808,0.17707221006561039,0.5413387004930322,-0.04825606383103868,-0.2222169714326423,-0.13998065962098685,0.008440536590143665,0.005561977573076112,4.467314778933948e-05,-0.004811992364594268,0.0015838289658771242,-1.3805435214496505e-05
-0.9750780517336183,0.17485742250386105,0.5399213747779079,-0.04762689772278017,-0.22266046320952462,-0.14013678823572293,0.008392104878351245,0.005577576261604697,4.4666324692112764e-05,-0.004843167379895391,0.0015598078650630907,-1.3810476558158673e-05
-0.9755558683605838,0.17263819955090048,0.5385025661820368,-0.04699729821172239,-0.22309840241254236,-0.14028944207767044,0.008343390194956684,0.00559294200546073,4.465674458599234e-05,-0.004871462989709552,0.0015365125753774489,-1.3815478618280226e-05
-0.9760274142638513,0.17041459610756754,0.5370823107665971,-0.046367285902377285,-0.22353078123491282,-0.14043858875082035,0.008294489700068516,0.005608104504284298,4.4644680955637e-05,-0.004890042733562847,0.001516187381896897,-1.3819748609028995e-05
-0.9764926850806182,0.16818666715880834,0.5356606444424394,-0.0457368787034587,-0.22395760042683738,-0.14058423043321158,0.008245464560131874,0.005623082693189579,4.463031529747611e-05,-0.0049025059275180135,0.0014977557914489666,-1.3823280820113758e-05
-0.9769516766234474,0.1659544676827647,0.5342376029903284,-0.04510609609760781,-0.22437885556534629,-0.1407263883806614,0.008196274441817412,0.005637863921919746,4.461356090370639e-05,-0.0049190023989716435,0.0014780591528127172,-1.3826674584355438e-05
-0.9774043848961993,0.16371805270217174,0.5328132219822701,-0.04447496168836225,-0.22479452910573253,-0.14086510385651826,0.008146822051652871,0.005652417309436592,4.459419375860957e-05,-0.0049452280844941455,0.001455274337356896,-1.3828857469713472e-05
-0.9778508061352543,0.16147747741877636,0.5313875370139304,-0.04384350127556948,-0.2252045966394272,-0.14100038500049542,0.008097058456049171,0.005666726632996105,4.457210784224549e-05,-0.004976347061780349,0.0014308672227331645,-1.3830302752662787e-05
-0.9782909368338951,0.15923279728892015,0.5299605835774319,-0.04321173862794789,-0.22560904085693012,-0.14113223090523186,0.008047037990744297,0.005680806842405009,4.4547446972921524e-05,-0.005002032539603678,0.0014079551638792212,-1.3831456410654357e-05
-0.9787247737214619,0.1569840679524898,0.5285323972087826,-0.042579693477928095,-0.22600785802331735,-0.14126061583596367,0.007996861399855898,0.0056946872121196685,4.45204699787458e-05,-0.00501764374614328,0.0013879706706842838,-1.3832212324757056e-05
-0.9791523137222891,0.15473134509152894,0.527103013403507,-0.04194738385776851,-0.22640104988511495,-0.14138553544220764,0.007946567324355199,0.005708379533719112,4.449129496232589e-05,-0.005029390916987112,0.0013691653976234805,-1.3832373596057582e-05
-0.9795735539371572,0.15247468436965075,0.5256724676637422,-0.04131483013690864,-0.2267886095808441,-0.14150700277242265,0.007896090870452444,0.005721866094312175,4.4459802985140575e-05,-0.005047627393393561,0.001348588802446785,-1.383208425476032e-05
-0.9799884916664985,0.1502141415179846,0.5242407954914649,-0.040682056429340016,-0.22717051694329968,-0.1416250388865775,0.00784533403959647,0.0057351191373199465,4.4425806022919804e-05,-0.005075663611658837,0.0013252364940678065,-1.3830516514653639e-05
-0.980397124449536,0.1479497724739529,0.5228080323896254,-0.04004908787255119,-0.22754674825129345,-0.14173964925237234,0.007794271960511837,0.005748131344605345,4.438927305494843e-05,-0.005106186933826812,0.0013011523775053077,-1.3828310943450069e-05
-0.9807994500756932,0.1456816334230362,0.5213742138945207,-0.03941594675249203,-0.2279172900468487,-0.14185081404740746,0.007742981770700494,0.0057609236615933125,4.4350393423370434e-05,-0.005128996608991137,0.0012791628942813691,-1.3825555250667987e-05
-0.9811954665565231,0.14340978069588636,0.5199393755297989,-0.03878265166098081,-0.22828214212124948,-0.14195851336543375,0.007691560931881719,0.005773522996614674,4.4309395702859916e-05,-0.005142060238840681,0.0012598643460678717,-1.3822734001531798e-05
-0.9815851720873426,0.1411342706287254,0.5185035528400055,-0.03814922047262171,-0.22864130612058267,-0.14206274227636842,0.007640021560543299,0.005785934339659824,4.426634071865241e-05,-0.005153912250508636,0.0012410648337152401,-1.3819483314214733e-05
-0.9819685650387494,0.13885515953973113,0.5170667814034717,-0.037515673869617974,-0.2289947721567806,-0.1421635159209892,0.007588278042334432,0.00579813698711484,4.4221099873141105e-05,-0.005174325618528992,0.0012201949273555202,-1.381506632272388e-05
-0.9823456439851285,0.13657250384548208,0.5156290967819396,-0.0368820356447368,-0.22934251798626068,-0.14226085583610917,0.007536239706368602,0.005810108224283977,4.4173530867870454e-05,-0.005203805988278323,0.0011970535151205291,-1.3809557557771636e-05
-0.982716407737224,0.13428636019132714,0.5141905345610865,-0.03624832947763695,-0.2296845216303669,-0.1423547591026536,0.007483909744343287,0.005821849189065409,4.4123667134114185e-05,-0.005232967203247087,0.0011740259214236784,-1.3803617830559223e-05
-0.9830808553417408,0.13199678545405108,0.5127511304290324,-0.03561457570361511,-0.23002077397835435,-0.1424451944773924,0.007431383911162095,0.005833384503751739,4.407171728730922e-05,-0.005252553045117951,0.0011534606501590924,-1.3797302568267196e-05
-0.983438986048525,0.12970383661161253,0.5113109200619101,-0.0349807915408661,-0.23035127769355943,-0.14253214400831135,0.007378748295872979,0.005844737082702521,4.401787466151123e-05,-0.005263530091268987,0.0011351868999137675,-1.3790606105890324e-05
-0.9837907992782241,0.12740757061828845,0.5098699390971804,-0.03434699440555694,-0.2306760333408898,-0.14261561496355318,0.007325986363839867,0.005855905598377869,4.396215712967914e-05,-0.005276160608174795,0.0011167804165718436,-1.37829362402752e-05
-0.9841362946229438,0.12510804442099138,0.5084282231791664,-0.03371320469731862,-0.2309950278435309,-0.14269562879057268,0.007272997669845732,0.005866868421793354,4.390442546363904e-05,-0.005298835562083175,0.0010962109956108865,-1.377514677358062e-05
-0.9844754718761521,0.1228053150976365,0.5069858080125172,-0.033079445111963396,-0.23130823778797902,-0.1427721962765194,0.0072197067494060505,0.00587760903800858,4.384459236621915e-05,-0.0053290569100082315,0.0010739900667104578,-1.3766010188863093e-05
-0.9848083310577929,0.12049943996856885,0.5055427293025065,-0.0324457372442414,-0.23161564406200588,-0.14284531021294694,0.00716614606431631,0.005888135961276421,4.3782744134321425e-05,-0.0053560321259378384,0.0010526206092664112,-1.3756429322807103e-05
-0.9851348724040222,0.11819047655853196,0.5040990227874687,-0.031812099163237774,-0.23191724213152506,-0.142914943100536,0.0071124235260649205,0.005898475280237423,4.371909087901258e-05,-0.005372216313839492,0.001033860104459927,-1.3746524344099349e-05
-0.985455096331832,0.11587848244674093,0.5026547242199563,-0.031178546517865807,-0.23221303670024435,-0.14298107816648367,0.007058606462164972,0.005908645120049916,4.3653783118958255e-05,-0.005381667836687796,0.001016912180418156,-1.3736293225449008e-05
-0.9857690034138855,0.11356351516740873,0.501209869265877,-0.030545095907097274,-0.23250302637375636,-0.1430437339828826,0.007004649390307634,0.005918638897212919,4.358679282942863e-05,-0.005395667571614652,0.0009993059063952185,-1.3725940562851652e-05
-0.9860765943862418,0.11124563226648146,0.4997644936940896,-0.029911766839817992,-0.23278719499388184,-0.14310292440568367,0.006950444299521987,0.005928435863148957,4.3517997358889084e-05,-0.005420468328876727,0.000979624744106425,-1.3715082304984078e-05
-0.986377870178687,0.10892489145329787,0.49831863328995796,-0.029278580217288193,-0.23306551910992004,-0.14315865980000814,0.00689593789060117,0.005938026380916575,4.344735859354679e-05,-0.005450598982065479,0.0009589798899508855,-1.3703228599950592e-05
-0.9866728319305691,0.1066013506824431,0.4968723238204326,-0.028645555009819076,-0.23333798349199034,-0.14321092815646286,0.00684119129469965,0.005947425185448867,4.3375003569699336e-05,-0.00547461659316591,0.0009398085869738152,-1.3690782797063885e-05
-0.9869614809719994,0.10427506807488764,0.4954256010470274,-0.028012706736146704,-0.23360458809195261,-0.14325970441102298,0.0067863165072933745,0.005956657987629432,4.3301130366558305e-05,-0.00548743477262707,0.0009232084517150956,-1.367797349106707e-05
-0.9872438187885427,0.1019461017598828,0.4939785007854585,-0.02738004929034621,-0.2338653386594287,-0.14330497317145455,0.006731355760168712,0.0059657373914665645,4.3225844892519845e-05,-0.005496029834956154,0.000907868763009174,-1.3664815238190126e-05
-0.9875198470036366,0.09961450980949034,0.49253105886998866,-0.026747598081499402,-0.23412023114421465,-0.143346748617013,0.00667623700525623,0.005974652986931265,4.314909826457769e-05,-0.005511829673681071,0.0008914880650769217,-1.3651142471013108e-05
-0.9877895673934501,0.09728035033452216,0.4910833111388532,-0.026115371116954285,-0.23436924683470903,-0.143385054633612,0.006620852844808943,0.00598338653017396,4.30707915555854e-05,-0.005538369226687196,0.0008732829609220602,-1.3636850553111315e-05
-0.9880529819138828,0.09494368163706034,0.4896352934328261,-0.025483386885109514,-0.2346123634587985,-0.14341989676312986,0.0065651774717950945,0.005991935227627117,4.299092943943839e-05,-0.005567489484381858,0.0008547985141559462,-1.3622023248675621e-05
-0.9883100927070153,0.0926045622549825,0.4881870415684359,-0.024851661374450173,-0.23484957043754295,-0.1434512574183396,0.006509297493283476,0.006000318076143406,4.290966199790651e-05,-0.005587949123920787,0.0008382138146514324,-1.3606452541044851e-05
-0.9885609020765285,0.09026305084592942,0.4867385913531198,-0.024220207408013145,-0.23508087178276624,-0.14347911249750886,0.006453320300885182,0.006008559017940032,4.282716146941268e-05,-0.0055976697046533986,0.0008240234012354839,-1.3590902400493885e-05
-0.9888054124543028,0.08791920603355154,0.48528997870417423,-0.023589036953072493,-0.23530627325350176,-0.14350344756669256,0.006397258749972394,0.0060166651595899385,4.274349469526203e-05,-0.005606104787464565,0.0008105436755501555,-1.357474835005682e-05
-0.9890436263918518,0.08557308638328805,0.48384123946438434,-0.022958163864995197,-0.2355257677679052,-0.14352429136668285,0.006341018496366555,0.006024623680767257,4.265859592134301e-05,-0.005623974247841915,0.0007957819040054596,-1.3558409521164577e-05
-0.9892755465782113,0.08322475053047085,0.4823924095276919,-0.022327604107946267,-0.23573933477970824,-0.14354166117074682,0.006284501232254472,0.006032420042219293,4.257239218084183e-05,-0.0056516744449138425,0.0007795661939542206,-1.3541668726842384e-05
-0.9895011758629407,0.08087425732277062,0.4809435247248541,-0.021697373296993082,-0.23594695444645605,-0.14355556183625048,0.0062277122862389265,0.006040057664132448,4.248492889313034e-05,-0.00567884180847168,0.0007636925286678755,-1.3524144917583765e-05
-0.9897205172534859,0.07852166582102361,0.47949462092095635,-0.021067484181128148,-0.23614862129944236,-0.1435659649608112,0.00617075806846151,0.006047558465293264,4.2396357916780576e-05,-0.005695368249008989,0.0007500107975753978,-1.3506658947276106e-05
-0.9899335738870423,0.07616703515407783,0.4780457339089523,-0.020437946799191885,-0.23634434267521282,-0.1435728554422322,0.006113732560622458,0.006054943177771991,4.230682185462129e-05,-0.005702496605264087,0.0007384023241086403,-1.3489116439807526e-05
-0.9901403490017506,0.07381042438206357,0.4765968995324902,-0.019808771057111912,-0.23653412327882894,-0.14357623203883205,0.006056616682901213,0.006062213907674638,4.221635251279695e-05,-0.005711532962451342,0.0007270044782615605,-1.3470939454329035e-05
-0.9903408459342184,0.07145189251636463,0.4751481536808518,-0.019179968914400842,-0.23671795280782762,-0.14357611518554053,0.005999300697006527,0.00606935669228395,4.212488355475056e-05,-0.005731543108271634,0.0007142103483920808,-1.3452176338396087e-05
-0.9905350681408588,0.06909149867197723,0.47369953220275324,-0.01855155387067526,-0.23689580995218606,-0.14357252733690856,0.005941703924506689,0.006076361314276491,4.203237218077654e-05,-0.005759621071068412,0.000700394482341471,-1.3432888263457606e-05
-0.9907230192142621,0.06672930218661233,0.4722510709609702,-0.017923538330444484,-0.2370676784553526,-0.14356545792641404,0.005883864031169706,0.006083236797552932,4.19388935017094e-05,-0.005783932502502378,0.0006874810386958241,-1.341283279160209e-05
-0.9909047028737143,0.06436536257658108,0.4708028057695018,-0.01729593169934935,-0.23723355810941887,-0.14355488365587737,0.005825899460475187,0.006090006171076266,4.184460372613686e-05,-0.005796399680811682,0.0006768705458583653,-1.3392006801836099e-05
-0.9910801229343654,0.06199973937183274,0.4693547724781464,-0.01666874122045269,-0.23739345853160396,-0.14354078335612708,0.005767882539479765,0.0060966863942220825,4.174961285063163e-05,-0.005801634220298221,0.0006679560269593527,-1.3371182466514027e-05
-0.9912492832846616,0.05963249200885839,0.46790700691720305,-0.016041974626102608,-0.23754738241448276,-0.1435231701464003,0.005709762519611906,0.006103275059602674,4.165391901304066e-05,-0.005811943615726433,0.0006588007731139725,-1.335014553001271e-05
-0.991412187890011,0.05726367989545,0.4664595449607558,-0.015415641737344696,-0.23769531643446795,-0.14350206646354993,0.005651422383568329,0.006109758013077512,4.1557455296544974e-05,-0.005833954700650385,0.0006482300920367667,-1.3328718015850313e-05
-0.991568840814903,0.054893362575381896,0.4650124224427883,-0.014789753294491193,-0.23783723967447667,-0.14347748885633763,0.005592806536150993,0.006116129722855667,4.146020510495164e-05,-0.005861525295285705,0.0006371062343519439,-1.330691306768319e-05
-0.9917192462334812,0.052521599814343324,0.46356567512419755,-0.014164318330688593,-0.23797314046946486,-0.14344942797268834,0.0055339835859955725,0.006122403762170664,4.136225791238965e-05,-0.005882235081115433,0.0006273397317056425,-1.328486223003936e-05
-0.9918634084124517,0.05014845151085101,0.46211933882404765,-0.013539342924182607,-0.23810302360237212,-0.1434178486731777,0.0054750752441954645,0.006128602956395888,4.126375526135703e-05,-0.00589077384425971,0.0006198558113029342,-1.3262278546214956e-05
-0.9920013316814841,0.04777397752504852,0.4606734493260607,-0.01291483161523993,-0.23822689988480208,-0.14338274329029213,0.005416125592652919,0.006134739820112391,4.116477283164242e-05,-0.005894904463568627,0.0006136233720442212,-1.3239784388077055e-05
-0.9921330204164495,0.04539823761009453,0.45922804239093346,-0.012290789945506255,-0.23834476927925166,-0.14334413202185184,0.005357055249053447,0.006140808257130372,4.1065290493524154e-05,-0.005906973302037017,0.0006067813124002398,-1.321670477268018e-05
-0.9922584790487669,0.043021291518270915,0.4577831537928998,-0.01166722538614413,-0.23845661599803814,-0.14330203998693006,0.005297749004369884,0.006146795362569685,4.096525168986309e-05,-0.005930563008623071,0.0005986487547147641,-1.3193106347415189e-05
-0.9923777120859726,0.04064319916532833,0.45633881925391656,-0.01104414568039071,-0.23856242079035675,-0.14325647769189118,0.005238181787180399,0.006152700373813238,4.086466464828119e-05,-0.00595665986260524,0.000590439943345578,-1.316909949007575e-05
-0.9924907239790661,0.038264020601865026,0.45489509621392255,-0.010421556329325257,-0.23866217218297803,-0.1432052517993355,0.005178441509471528,0.006158539163972881,4.076362439042688e-05,-0.005973965576515624,0.0005838184732641183,-1.314470745360546e-05
-0.9925975194384625,0.03588381607177028,0.45345201027856485,-0.009799460548684578,-0.2387558852354176,-0.1431515167889956,0.005118647237468439,0.006164334033522229,4.0662253215914116e-05,-0.005979364743279135,0.0005794270846567501,-1.3120291806982896e-05
-0.9926981031802085,0.03350264572349499,0.45200959095704535,-0.00917786020569823,-0.23884356984743274,-0.14309487825075107,0.005058812029685887,0.00617009297531218,4.0560598163047934e-05,-0.00598345808759638,0.0005758349945308619,-1.3095737483661093e-05
-0.9927924797848566,0.031120569520754718,0.45056789253607493,-0.008556758575499585,-0.23892521707185832,-0.14303288325345695,0.004998827060036063,0.006175805680813459,4.0458615515085364e-05,-0.005998434013809105,0.0005712120429236612,-1.3070745948897575e-05
-0.9928806540566036,0.02873764756238919,0.44912693927501096,-0.007936161040400404,-0.23900081499603268,-0.14296855739451675,0.004938592805956162,0.006181461706114706,4.0356264908643176e-05,-0.0060233621715228645,0.0005655446947098,-1.304504229316112e-05
-0.9929626306871422,0.026353940052595826,0.44768678171899917,-0.007316072215495719,-0.23907034125738824,-0.14289927040327904,0.004878112865829373,0.006187064051780416,4.025356847209264e-05,-0.006047930504751272,0.0005601774124083533,-1.3019141456891863e-05
-0.9930384145963209,0.023969507469703482,0.4462474421868166,-0.006696494567993035,-0.23913380016700753,-0.14282781556724986,0.004817507412796954,0.006192633316820317,4.0150631165929214e-05,-0.006060481588868761,0.0005568700591217914,-1.2993275847371811e-05
-0.9931080105603313,0.02158441023842267,0.4448089698279622,-0.006077427788394725,-0.23919119822133308,-0.1427514863162563,0.004756870805009431,0.0061981877652998495,4.004754976582655e-05,-0.006063596917859303,0.0005553891377272336,-1.2966833443929308e-05
-0.9931714235291574,0.019198708750636857,0.4433713861513974,-0.00545887162464603,-0.239242550022317,-0.1426730499605609,0.004696185122100308,0.006203731354100656,3.994434701113339e-05,-0.006068504297574127,0.0005543039101905892,-1.2940144776144896e-05
-0.993228658276445,0.01681246322737563,0.4419347400766602,-0.004840827264392165,-0.23928784285128465,-0.14258979357361068,0.004635327659582959,0.006209251706764437,3.9840970984741936e-05,-0.0060856820937815635,0.0005519810263084738,-1.2912943749110127e-05
-0.9932797197638524,0.014425734042588671,0.4404990528804387,-0.0042232974759705165,-0.2393270638521201,-0.14250449919352315,0.004574220247369195,0.006214741300419946,3.973738351231121e-05,-0.0061106768751899455,0.0005489058471665149,-1.2886262417279961e-05
-0.9933246128096195,0.012038581690647716,0.4390643731140327,-0.003606283839810428,-0.23936019470021055,-0.142414429046525,0.0045129020428853585,0.0062202076633971065,3.9633625830736224e-05,-0.006131755939648981,0.0005465835137540074,-1.2859127417448446e-05
-0.9933633424239167,0.009651066885802303,0.43763072195325536,-0.0029897854331171056,-0.23938724540295592,-0.14232228811126826,0.00445150559305113,0.006225672905733717,3.9529799935919425e-05,-0.006139580375535597,0.0005464722082279621,-1.2831908968405032e-05
-0.9933959134373143,0.007263250236211604,0.43619814778945704,-0.002373799202876064,-0.2394082249922409,-0.14222533691644554,0.004390100950130291,0.006231151708099527,3.942596916498283e-05,-0.0061403996243461585,0.000547828982598901,-1.2804837098740255e-05
-0.9934223308235499,0.004875192277960542,0.43476667168774247,-0.0017583226330043788,-0.23942314611003696,-0.14212631919777252,0.004328636871510864,0.006236643204698016,3.9322131602575145e-05,-0.006146343133025455,0.0005490991764698272,-1.2777394190639994e-05
-0.9934425993602706,0.0024869534065292557,0.43333634177021857,-0.001143354977616668,-0.23943199342835733,-0.14202255876415995,0.004266984891153686,0.006242133796739062,3.921823219033779e-05,-0.006165133211209873,0.0005490094804952033,-1.2749388392578291e-05
-0.9934567239893823,9.8594188457955e-05,0.4319071791185172,-0.000528896434833781,-0.23943475505128345,-0.14191677064114352,0.004205094945633776,0.0062476193577004555,3.9114255665941636e-05,-0.006188929622333725,0.000548507130874493,-1.272105498541048e-05
-0.9934647094868588,-0.0022898246863732696,0.43047923174755953,8.505435989278963e-05,-0.23943141812247318,-0.141806243240795,0.0041430387712478416,0.006253111511871608,3.9010254225014264e-05,-0.006205552436307071,0.0005491672230203901,-1.2692305563761071e-05
-0.9934665607871359,-0.004678242374127584,0.4290525207847893,0.0006985014903895926,-0.23942199816635132,-0.14169363213458808,0.00408095048270202,0.006258632729843749,3.8906315576055024e-05,-0.006208763834310982,0.0005520743911527272,-1.266388911105989e-05
-0.9934622826162298,-0.007066598185362898,0.42762709414838523,0.0013114504372319857,-0.23940650577930103,-0.14157624759851134,0.004018869089129054,0.0062641933891069675,3.880247927792791e-05,-0.006208074343519986,0.0005560193145399006,-1.2635351800170472e-05
-0.9934518798144095,-0.00945483153079632,0.4262029729688725,0.0019239057239531744,-0.23938495094339687,-0.14145678666369796,0.003956713159037182,0.00626978818259095,3.869871603461817e-05,-0.0062155279832848236,0.0005594335224302373,-1.2607118935255851e-05
-0.9934353570087849,-0.011842881924086245,0.4247802050344593,0.002535869875048812,-0.23935731631247553,-0.1413326122435622,0.0038943576244104402,0.006275402878967156,3.859496798056045e-05,-0.006235488388163328,0.0005614245860650086,-1.257858464971543e-05
-0.9934127189698054,-0.014230688694404352,0.4233588115280128,0.003147345152632624,-0.23932359218704446,-0.14120638786797046,0.0038317854174293848,0.006281037305120699,3.849123693353226e-05,-0.006257155575940505,0.0005633983402630103,-1.2549436584639439e-05
-0.9933839702810521,-0.016618191057672056,0.4219388400899518,0.0037583357092196836,-0.23928377171496207,-0.1410754428410106,0.003769095547545272,0.006286706653153166,3.838757442639979e-05,-0.006268921850700673,0.0005668913138671251,-1.252056798427169e-05
-0.9933491156525505,-0.019005328148139364,0.42052031192991873,0.00436884844992883,-0.23923787503799993,-0.14094238914080695,0.00370641270598093,0.0062924323118345145,3.828405384101367e-05,-0.006268219048924345,0.0005725231762248505,-1.2491886930066296e-05
-0.9933081595604302,-0.021392039294166325,0.4191032746093109,0.004978890846337634,-0.23918591281404028,-0.1408045894057401,0.003643740126084796,0.0062982195595006904,3.818069398408826e-05,-0.00626719292369558,0.0005786828740265689,-1.2462564041132548e-05
-0.9932611065709852,-0.023778263935652418,0.4176877493467228,0.0055884690314116844,-0.2391278917653509,-0.14066470175031934,0.0035809729339734433,0.006304058832748795,3.807745631066396e-05,-0.006276654162131421,0.0005838862229279098,-1.2432844140696234e-05
-0.9932079610250563,-0.02616394157079414,0.41627378351839983,0.006197587065375846,-0.23906379331863034,-0.14052013575997105,0.0035179998457437445,0.006309936487447042,3.797428719654802e-05,-0.006297243756746227,0.0005877251486045696,-1.2402902389837498e-05
-0.9931487273879164,-0.02854901150730367,0.4148613983733159,0.006806249497405615,-0.2389936110629848,-0.14037349848705186,0.0034548395935717585,0.006315856746290658,3.787119706018098e-05,-0.00631596013999299,0.0005919863458292325,-1.2372792106754011e-05
-0.9930834099181973,-0.030933412962510617,0.4134506411903005,0.007414462980711055,-0.23891734417885874,-0.14022215730033202,0.003391610301299597,0.006321837463184497,3.7768240442209425e-05,-0.006322864173042767,0.000598032941851756,-1.2342725867770465e-05
-0.9930120129718474,-0.03331708514527229,0.4120415332662076,0.008022236795975274,-0.23883501615054809,-0.14006868380465895,0.003328417334246088,0.006327897809049752,3.76654693449897e-05,-0.0063192317065298,0.0006059966353874177,-1.2313126908150081e-05
-0.9929345406501923,-0.035699967485473764,0.41063412171901326,0.008629579917844356,-0.23874663635432303,-0.139910502430539,0.0032652272370641265,0.00633403741725771,3.756287828611857e-05,-0.006318944770664053,0.0006139236628142989,-1.228296059326691e-05
-0.9928509971254829,-0.038081999521023174,0.40922842781636687,0.00923649968524696,-0.2386522080148597,-0.1397502255869872,0.0032019201910934614,0.006340243188437189,3.7460414591868964e-05,-0.006330639666934608,0.0006205407422189402,-1.2252788480381032e-05
-0.9927613863363169,-0.040463120800461265,0.40782449847571955,0.009843001441263035,-0.2385517122825496,-0.13958530808890243,0.0031384079218429225,0.006346503180195191,3.735804000243647e-05,-0.006351161987601805,0.0006259635767761819,-1.2221718301368666e-05
-0.992665712332093,-0.04284327068572912,0.40642235460876075,0.010449091885022186,-0.23844514690250965,-0.1394183364847316,0.00307474361378359,0.006352827358856356,3.7255838981312654e-05,-0.006366365914292154,0.0006323830659377691,-1.2184497633806154e-05
-0.9925639789323913,-0.04522238848054555,0.40502204330385344,0.011054779903695201,-0.2383325165880149,-0.13924666081054615,0.0030110561217362346,0.006359234528594207,3.7153825977882134e-05,-0.006368684367544162,0.0006406829669777654,-1.2150681647098764e-05
-0.9924561898919965,-0.04760041357449197,0.40362360771398104,0.011660076243339874,-0.23821384191540687,-0.13907065606662028,0.002947416775214398,0.006365738315648249,3.705201720141057e-05,-0.006363869879075569,0.0006503454888230341,-1.2118255483885104e-05
-0.9923423490224161,-0.04997728552837963,0.40222706464217917,0.012264991355676259,-0.23808914037730639,-0.13889296966752793,0.0028837677866240616,0.006372334911356638,3.6950384360747376e-05,-0.006364834131290187,0.0006596271360494311,-1.2086330369663007e-05
-0.992222459860027,-0.05235294405351904,0.40083245813825175,0.01286953281552338,-0.2379584012527822,-0.1387109072840178,0.0028199764135513825,0.006379006508574358,3.6848867160582046e-05,-0.006379072585845549,0.0006671280582731934,-1.20541240296365e-05
-0.9920965258775243,-0.05472732879349858,0.3994398300317164,0.01347370714141343,-0.2378216116621258,-0.13852470280561935,0.0027559875054293977,0.006385744916918357,3.6747436795034576e-05,-0.006398826078151215,0.0006738099379287249,-1.2021444211627157e-05
-0.9919645503917854,-0.05710037924844402,0.3980492371510497,0.01407752254816929,-0.23767876632697243,-0.13833283377178412,0.0026918891989556703,0.006392567078402361,3.664612148146667e-05,-0.006409765918073422,0.0006821860207181429,-1.1989599419171632e-05
-0.9918265368288142,-0.05947203486356936,0.3966607049965836,0.014680990509883595,-0.23752988684526682,-0.1381384009462245,0.0026278096416948627,0.006399491131291909,3.6544957288518164e-05,-0.006407891023802254,0.0006923759324303349,-1.1957868224303681e-05
-0.9916824885915796,-0.06184223522266885,0.395274244988409,0.015284122719975807,-0.23737499644611834,-0.13794280179414323,0.0025637871263298763,0.006406520602176751,3.6443942434480604e-05,-0.00640218685925705,0.0007029184997081094,-1.192595117294203e-05
-0.9915324087774623,-0.06421092013603816,0.39388989898771865,0.015886928853954676,-0.23721409739883847,-0.13774301317092671,0.0024997275811708295,0.006413646279526838,3.6343039823263266e-05,-0.006405889839122578,0.0007125399061310624,-1.1894068166698174e-05
-0.99137630052203,-0.06657802948323048,0.39250768575054235,0.016489416868982323,-0.237047186322629,-0.1375413734404792,0.002435509145740067,0.00642084701910126,3.624218813123459e-05,-0.006421778826709002,0.0007200468796909565,-1.1861796763623896e-05
-0.9912141668347582,-0.0689435030584273,0.3911276322298735,0.017091593220865692,-0.23687424989976025,-0.1373370672823971,0.002371107827143869,0.0064281170299372095,3.614136428111424e-05,-0.006440067088189914,0.0007269747538780437,-1.1829354024065215e-05
-0.9910460105266586,-0.07130728052508331,0.38974978697202683,0.017693466534793287,-0.23669528615714747,-0.137127906922399,0.0023066362668740675,0.006435476576467341,3.604060458870161e-05,-0.006447091223073265,0.0007359290745512619,-1.1797035474416767e-05
-0.9908718343734506,-0.07366930155968883,0.38837418955836095,0.018295048913664604,-0.23651031604403577,-0.13691475828957084,0.0022422160877555745,0.006442947307307908,3.5939944192281966e-05,-0.006441953097162333,0.0007470482581690144,-1.1764966040942935e-05
-0.9906916410551498,-0.07602950602758851,0.3870008756247435,0.018896352843403776,-0.23631936041584226,-0.13669801376421836,0.0021778500516546942,0.006450533138703124,3.5839379324049866e-05,-0.006436538781201255,0.000758559062676697,-1.1732745755053003e-05
-0.9905054331347308,-0.0783878339947343,0.38562987934880877,0.019497388664970673,-0.23612242459959193,-0.1364778451808693,0.0021134231498595936,0.006458218358441914,3.5738861532135484e-05,-0.00644262530422912,0.0007684986382387731,-1.1700514297871403e-05
-0.9903132129637814,-0.08074422556721411,0.3842612523310639,0.020098164455386296,-0.2359194962659805,-0.13625253235767512,0.002048836480287086,0.0064659908724254336,3.563835202927891e-05,-0.006458602009655593,0.0007772287987037982,-1.1668278560664245e-05
-0.9901149828732966,-0.0830986207435427,0.3828950360376215,0.02069868923397545,-0.23571057116458793,-0.1360230813533636,0.001984114942588087,0.006473854953087881,3.553784642417113e-05,-0.006472088746261057,0.0007863862015519502,-1.163610141691577e-05
-0.989910745137133,-0.08545095944174302,0.38153126717844144,0.021298974411310824,-0.23549566002007774,-0.13578993649260773,0.0019193834451592053,0.006481831063036167,3.54373748355282e-05,-0.006473084661685827,0.0007975898669608835,-1.160366456128233e-05
-0.9897005019293612,-0.08780118167234657,0.3801699801496887,0.021899033567101326,-0.23527478565252705,-0.13555330577990607,0.0018547335988554053,0.006489935956454092,3.533695863449884e-05,-0.006464919504310182,0.000810468950433544,-1.1570830934019077e-05
-0.9894842552928994,-0.0901492276724337,0.37881120824288056,0.022498879863119794,-0.23504796630273103,-0.135313307373031,0.001790126802798697,0.006498165997893206,3.523657156216008e-05,-0.006460614416498277,0.0008229844831978287,-1.1538345667898719e-05
-0.9892620071402162,-0.09249503785788782,0.37745498415725504,0.023098523874308587,-0.2348152038596509,-0.13507002854445757,0.0017254393414920712,0.006506501354750759,3.5136160848098164e-05,-0.006468680842981557,0.0008335167488233802,-1.150601779489604e-05
-0.9890337592810429,-0.09483855265016107,0.3761013399992047,0.023697974170602352,-0.23457648979951362,-0.13482354463517685,0.0016605979694361164,0.006514927734982681,3.503569173219353e-05,-0.006484071795753062,0.0008426198067655277,-1.1473285469112962e-05
-0.9887995134427252,-0.0971797123655273,0.37475030743463644,0.02429724006182093,-0.2343318223714856,-0.13457388420828229,0.0015956618029782372,0.006523452100255943,3.493516883807155e-05,-0.006493551115750071,0.0008524190318808963,-1.1439939258768517e-05
-0.9885592712615614,-0.09951845728973625,0.3734019177287218,0.024896333519760706,-0.23408121673421145,-0.134321054942642,0.0015307608207467717,0.006532095027050687,3.4834613356957305e-05,-0.006490032585549625,0.0008642759053242822,-1.140639313295723e-05
-0.98831303425209,-0.10185472786002664,0.372056202023659,0.025495268120251758,-0.23382469688404148,-0.13406505302826888,0.0014659565163518257,0.006540867669010926,3.473402721251958e-05,-0.006480364694284887,0.0008772481406421215,-1.1372844200429646e-05
-0.9880608037905054,-0.1041884647581294,0.3707131912522422,0.02609405612287245,-0.2335622782572093,-0.1338059149849106,0.0014011773153420413,0.0065497586343455875,3.463338166273986e-05,-0.0064778542280499755,0.0008890811924420262,-1.1338907993504944e-05
-0.98780258112827,-0.10651960881524915,0.36937291624620344,0.026692706794426556,-0.23329395975761538,-0.13354367916935705,0.0013362985965204091,0.006558744768403189,3.453263617414218e-05,-0.006487805853782694,0.0008985987753715448,-1.1304288929560477e-05
-0.9875383674241728,-0.10884810083508537,0.36803540779027605,0.027291227826710417,-0.23301973380702587,-0.13327835876736846,0.0012712789746627117,0.006567815228174088,3.4431763151369656e-05,-0.006501895982746339,0.0009070320552229887,-1.1269672485096175e-05
-0.9872681637609153,-0.11117388152679872,0.36670069656298876,0.027889628330695665,-0.2327396035168126,-0.1330099419018142,0.001206207435629441,0.006576981941046533,3.433076583343462e-05,-0.006507087526638066,0.0009166580737262279,-1.1235025953452517e-05
-0.986991971128818,-0.11349689162310175,0.3653688131974485,0.028487920138084297,-0.23245358848601258,-0.13273840203843218,0.0011412089916803133,0.006586265469414339,3.422965523713635e-05,-0.006499777850491819,0.0009283403306583305,-1.1200448777592842e-05
-0.9867097903957147,-0.1158170720578194,0.36403978833254047,0.02908611596941473,-0.23216171290267087,-0.13246373085928828,0.0010763103308486354,0.00659567081114021,3.4128425713338194e-05,-0.006489799365871978,0.0009405223712921783,-1.1165552426485611e-05
-0.9864216222981516,-0.11813436401063042,0.3627136525727129,0.02968422640566325,-0.2318639888618539,-0.13218595378050055,0.0010114130105745968,0.006605179974472066,3.402704485963006e-05,-0.006489665114491227,0.0009509052330856241,-1.113048395028124e-05
-0.9861274674653109,-0.12044870877285342,0.3613904364423374,0.030282258950822625,-0.23156041298169214,-0.13190510471762218,0.0009464021539855285,0.00661476940448539,3.39254776386162e-05,-0.006501018526009341,0.0009589326001144572,-1.1095211784390768e-05
-0.9858273264518781,-0.1227600475818281,0.3600701704298492,0.030880220223371543,-0.2312509798229099,-0.13162118729667235,0.0008812721368203193,0.006624433813050676,3.382370962801428e-05,-0.006512934352946443,0.0009664311537781966,-1.1059743279116185e-05
-0.9855211997462384,-0.12506832160349227,0.35875288501114466,0.03147811891050324,-0.23093569768609867,-0.13133417490265298,0.0008161351741234591,0.006634189985992026,3.3721745665763196e-05,-0.006513628677393261,0.0009756082897651668,-1.1024178369763602e-05
-0.985209087747342,-0.12737347208521632,0.3574386105989395,0.03207596624344997,-0.23061458977343388,-0.13104404645549503,0.0007511015151661012,0.006644056376820816,3.361958861111676e-05,-0.006503298075199111,0.000986630775444708,-1.0988625597014708e-05
-0.9848909907366395,-0.12967544051476637,0.3561273776610932,0.032673773483669954,-0.23028767929243446,-0.13075079752721275,0.0006861609324013909,0.0066540309981311585,3.351722708448246e-05,-0.006493990218626968,0.0009974545181541037,-1.0952731128258016e-05
-0.9845669088793608,-0.1319741686131078,0.3548192165649939,0.03327154911073071,-0.22995497483792063,-0.13045446448380738,0.0006211965357248526,0.006664090724022159,3.341463855898386e-05,-0.006496371356119968,0.0010059656688707925,-1.0916205751950603e-05
-0.9842368422550921,-0.13426959817224549,0.35351415765799027,0.03386929872806033,-0.22961647171805008,-0.13015507059315962,0.0005561129359427852,0.006674214008984933,3.331179454634739e-05,-0.0065082913927734755,0.001012322267602284,-1.0880082705013549e-05
-0.9839007908882955,-0.13656167091494728,0.3522122312505204,0.03446702784779185,-0.2292721677262424,-0.1298526110316892,0.0004909410138648702,0.006684401838368401,3.32086897173978e-05,-0.006517123343720107,0.0010187774015872223,-1.0843611822639704e-05
-0.9835587547476444,-0.13885032852879664,0.35091346764010006,0.03506474453490909,-0.2289220763870175,-0.1295470560850405,0.0004258070833500997,0.006694674538897542,3.310533008856577e-05,-0.0065133239114769734,0.0010272652079186405,-1.0806604454049049e-05
-0.9832107337174835,-0.1411355128414709,0.3496178970301395,0.03566245903051364,-0.2285662233894219,-0.1292383936707583,0.0003607971312530375,0.006705046975853118,3.300171284279989e-05,-0.00650092579040324,0.0010372395406942998,-1.0769441343387915e-05
-0.9828567275745432,-0.1434171659471645,0.3483255495759696,0.03626018070904303,-0.22820462994988916,-0.1289266381590008,0.00029586525991905484,0.00671550962658382,3.289782336193146e-05,-0.006493117423469787,0.0010462616062980458,-1.0732235093810933e-05
-0.9824967359983265,-0.14569523014840347,0.3470364554629681,0.03685791568502711,-0.22783730127870497,-0.12861181484715487,0.00023088595106301394,0.006726036021059061,3.279364418439842e-05,-0.006497860871958944,0.0010526366678170233,-1.0694921664958793e-05
-0.9821307586077435,-0.14796964777979868,0.3457506447991232,0.03745566764944098,-0.2274642325149154,-0.12829394624884352,0.00016579131078235491,0.006736608526539982,3.268916064938489e-05,-0.006509393699660856,0.0010572484556014537,-1.0657810216307914e-05
-0.9817587949863495,-0.1502403611046318,0.3444681476015172,0.03805344103495928,-0.2270854255769454,-0.1279730249965221,0.00010064655407559626,0.006747234793451551,3.258437097903664e-05,-0.00651440502514003,0.0010626252863359272,-1.0620290788574546e-05
-0.9813808446713351,-0.15250731239809273,0.3431889939085109,0.038651243101808605,-0.22670089888183712,-0.12764901735464815,3.558160480849522e-05,0.006757936665921629,3.247926693206475e-05,-0.006506423957136022,0.0010701865292117095,-1.0583059874936794e-05
-0.980996907122221,-0.1547704441301853,0.34191321370769784,0.03924908266777776,-0.2263106793882449,-0.12732191444003124,-2.9348861410847855e-05,0.006768723501801074,3.237384159391321e-05,-0.0064929753221228065,0.0010786835556643084,-1.0545654279108846e-05
-0.9806069817050733,-0.1570296990491169,0.3406408369279089,0.03984696681335654,-0.22591478553959243,-0.12699173911865433,-9.422229816040811e-05,0.0067795786123482134,3.2268086847251426e-05,-0.006487272037916117,0.0010855117066206536,-1.0508163073133512e-05
-0.9802110677137601,-0.15928502007790052,0.3393718934064131,0.04044489914224687,-0.22551321969264068,-0.12665852832954683,-0.00015916231133079924,0.006790474294082403,3.2161998852722037e-05,-0.006493929338888559,0.001089569509282169,-1.0470515275271798e-05
-0.9798091644073784,-0.16153635013806095,0.33810641296781513,0.04104288147605594,-0.22510597798425755,-0.12632229033412548,-0.00022420349072767464,0.006801398500498028,3.205558031613831e-05,-0.006504045621176454,0.001092422661896085,-1.0432209367368656e-05
-0.9794012710278646,-0.16378363209182364,0.336844425405159,0.04164091716557801,-0.22469306706344186,-0.1259830052102577,-0.0002892514724583219,0.006812365067925905,3.194882666142392e-05,-0.006504725509968637,0.0010966594478351546,-1.039357589133233e-05
-0.9789873867804617,-0.1660268088684227,0.33558596047041733,0.04223901242352421,-0.2242745096282945,-0.1256406474570763,-0.0003541836630391188,0.006823395163144898,3.184172265856631e-05,-0.006493146038700153,0.0011030129110547798,-1.0355293275216302e-05
-0.9785675108020911,-0.16826582363864526,0.33433104789427326,0.042837174195081804,-0.2238503327239283,-0.12529521367110058,-0.00041898073289194684,0.006834490918464341,3.173426229325374e-05,-0.00647963360404887,0.001109579603757204,-1.0316843029763413e-05
-0.9781416421559689,-0.1705006198493861,0.33307971730259367,0.04343540690844653,-0.2234205515722827,-0.12494673717822351,-0.00048374536496719356,0.00684562958542986,3.162644917005163e-05,-0.006476389465537535,0.001113871449856013,-1.0278300767827284e-05
-0.9777097798609978,-0.1727311410829474,0.33183199823970766,0.04403371157086997,-0.22298516635951485,-0.12459525103172786,-0.0005485891191629318,0.006856784411999007,3.151828916780296e-05,-0.006484301319769097,0.00111548809164794,-1.0239969363245641e-05
-0.977271922928583,-0.1749573308954271,0.33058792021398725,0.04463208821328018,-0.222544175346711,-0.1242407574280632,-0.0006135102467682278,0.006867950374161855,3.140978677916909e-05,-0.006492038305068766,0.001116602332771779,-1.0201183717189737e-05
-0.9768280703700891,-0.1771791328096461,0.3293475126922247,0.045230539063290415,-0.22209759019836722,-0.12388323277046646,-0.0006783930772114154,0.006879146108447839,3.1300930217586e-05,-0.006488208224101327,0.0011195802270673018,-1.0162206477178488e-05
-0.9763782210656674,-0.17939649043461525,0.3281108213055271,0.04582906843141858,-0.22164543350490318,-0.12352103662707606,-0.000743138609757494,0.006890391539343784,3.119169973273544e-05,-0.006474478054799966,0.0011245505696876345,-1.0123500105727088e-05
-0.9759223740015665,-0.18160934771188225,0.3268778664044493,0.04642768214425793,-0.22118773544660905,-0.12315669958902181,-0.0008077612720326431,0.00690168017903355,3.108209573927269e-05,-0.006462190647055892,0.0011288721292101987,-1.0084758034560305e-05
-0.9754605280810479,-0.18381764882783305,0.3256486732724999,0.04702638155858534,-0.2207245067929775,-0.12278975456003034,-0.0008723784507712997,0.006912984245271759,3.0972137568353845e-05,-0.0064616419249562875,0.0011304154625825253,-1.0045930482328104e-05
-0.9749926821793166,-0.18602133805611792,0.3244232693179407,0.04762516504290882,-0.22025574605147408,-0.1224200087023952,-0.0009370792724486339,0.006924280369135759,3.0861841752273103e-05,-0.006470005860979563,0.001129621903230413,-1.0007320332504086e-05
-0.9745188351838326,-0.18822035962826966,0.3232016828469935,0.048224030930019736,-0.2197814544202632,-0.12204736249900633,-0.0010018253407889312,0.006935570748577872,3.0751210657213235e-05,-0.006474530170379779,0.0011290481391563912,-9.968290399316898e-06
-0.9740389859940235,-0.19041465777948138,0.32198394263223884,0.04882298018707208,-0.2193016484124589,-0.1216717392382262,-0.0010664893656317236,0.0069468765978998445,3.064022886959497e-05,-0.006466325452209874,0.001130595805215391,-9.928702962711379e-06
-0.9735531334948482,-0.19260417692762985,0.32077007721473577,0.04942201591616359,-0.21881635638816727,-0.12129314304000924,-0.001130991847234934,0.006958211217373701,3.0528882186459635e-05,-0.0064501707489106165,0.0011334734976261244,-9.889012069109399e-06
-0.9730612765332116,-0.19478886179001445,0.31956011520287003,0.05002114014071715,-0.21832560230851022,-0.12091157845160401,-0.0011953854484517167,0.006969561364692795,3.041718362834131e-05,-0.006439282338926292,0.0011350269569996856,-9.849341463293869e-06
-0.9725634139337433,-0.19696865731538774,0.31835408522900155,0.05062035139721076,-0.21782939471569415,-0.12052707083794961,-0.0012597949849948932,0.006980897540382573,3.0305168772545854e-05,-0.00644087552424575,0.0011336304659058584,-9.809587160689475e-06
-0.9720595445389808,-0.1991435085080651,0.3171520159049625,0.05121964570807992,-0.21732773246693649,-0.12013963527895768,-0.00132428102994216,0.006992202114339485,3.0192859387396866e-05,-0.006448526032088051,0.0011304709631608238,-9.770061530950795e-06
-0.9715496672335017,-0.20131336033414415,0.3159539358954579,0.05181901987425471,-0.2168206209589384,-0.11974924941648431,-0.0013887721083190303,0.007003484314133328,3.0080250239532153e-05,-0.006449029038449059,0.0011282342172792368,-9.730168801211758e-06
-0.9710337809316952,-0.20347815781477294,0.3147598737748401,0.052418473526156084,-0.21630808151527187,-0.11935589247538143,-0.0014531403569962003,0.007014766113435779,2.9967318280783625e-05,-0.006436745715163537,0.0011281948386156258,-9.689813311200168e-06
-0.9705118845448079,-0.20563784620641765,0.3135698580758411,0.05301800772105878,-0.21579014361902166,-0.11895955736855587,-0.0015173391979247672,0.007026054345563955,2.9854051307766577e-05,-0.006419804577653144,0.0011288387907952926,-9.64983316960756e-06
-0.9699839769684697,-0.20779237107330345,0.31238391724779374,0.05361762163255915,-0.21526682852162582,-0.11856027065104341,-0.001581451872466396,0.007037329273633943,2.9740474043810106e-05,-0.006411187592983873,0.0011275090514128222,-9.610500357612796e-06
-0.9694500571074529,-0.20994167817518397,0.3112020796678173,0.0542173108831487,-0.21473814196240254,-0.11815806618002093,-0.0016455990317009997,0.0070485618714536714,2.9626641755300137e-05,-0.006414635754861369,0.0011232766870451804,-9.570524256988393e-06
-0.9689101238134232,-0.21208571323901476,0.31002438936614,0.054817068792100646,-0.21420408102353242,-0.11775138333764983,-0.0017098054068178704,0.0070597445396235175,2.9512569621866492e-05,-0.0064205570463295005,0.0011182843812105195,-9.530795638094109e-06
-0.9683641760547262,-0.21422442200263248,0.3088508816359214,0.05541689159313641,-0.21366465705878937,-0.11734107416820401,-0.0017739782309246245,0.007070892728876122,2.9398239688156027e-05,-0.006417201635808576,0.0011148371490924231,-9.490797689128827e-06
-0.9678122128639439,-0.2163577503229852,0.30768158778888804,0.05601677796143923,-0.2131198950864321,-0.11692751077587851,-0.001838004695978694,0.007082026607134616,2.9283624409300067e-05,-0.006402565401231242,0.0011134067096081899,-9.45045440948621e-06
-0.9672542332937027,-0.21848564432979345,0.306516537287358,0.056616727113042546,-0.21256982389697984,-0.11651087477457729,-0.001901872486596851,0.007093146158463157,2.9168723189545157e-05,-0.006386697627436371,0.0011119746746332182,-9.410526693930888e-06
-0.9666902364076511,-0.2206080504462421,0.30535575866847825,0.057216735791489295,-0.21201446152597894,-0.11609128036095778,-0.001965680711194591,0.007104227882053839,2.9053582446592155e-05,-0.00638074072781561,0.0011081925527159405,-9.370806228767548e-06
-0.9661202214082605,-0.22272491531192812,0.30419926456775476,0.057816798030173484,-0.21145381459904214,-0.11567034104815849,-0.0020295354460587293,0.007115242827933557,2.8938267507867213e-05,-0.006385391503404401,0.00110151542562974,-9.33082639833436e-06
-0.9655441875193905,-0.22483618553586965,0.30304707572236883,0.05841690544826557,-0.21088788320227692,-0.11524724390160346,-0.0020934268290742192,0.007126186576122483,2.8822797573625433e-05,-0.006389056081571395,0.0010943962973668652,-9.290644703905373e-06
-0.9649621340221133,-0.22694180771791223,0.30189921630825284,0.05901705198938515,-0.21031668110481108,-0.11482161835347644,-0.00215723737626719,0.007137077410220276,2.8707147551608943e-05,-0.006380972244821587,0.0010891055294572492,-9.250019798921403e-06
-0.9643740602404519,-0.22904172861758015,0.3007557119895088,0.05961723411536614,-0.20974023626555213,-0.11439329321670856,-0.002220868390014808,0.0071479313609938,2.8591286272971272e-05,-0.006363018623641661,0.0010854178393133462,-9.20981924933183e-06
-0.9637799655225141,-0.23113589530129638,0.2996165889188185,0.0602174480858166,-0.20915857684137648,-0.11396222493527591,-0.0022843454470149174,0.007158740156701622,2.8475239442855982e-05,-0.006347622690656276,0.0010809029691164584,-9.169561928708527e-06
-0.963179849153277,-0.2332242550510847,0.2984818883854083,0.06081768656366108,-0.20857171514397096,-0.11352692482306734,-0.002347784043550952,0.007169479403992923,2.835906825087197e-05,-0.006343776430125509,0.0010739487546178434,-9.129512945436647e-06
-0.9625737106369046,-0.2353067553612511,0.29735162874915844,0.06141794140348509,-0.20797965806346067,-0.11308970416290341,-0.0024112686718789442,0.007180125705746111,2.824283967453127e-05,-0.0063483794439381435,0.001064654817978957,-9.089212403533505e-06
-0.961961549547509,-0.23738334369789887,0.29622583311041034,0.06201820263107148,-0.20738240939638974,-0.11265007860768207,-0.002474754742436236,0.007190682314922396,2.812655453516532e-05,-0.006348523503009749,0.0010556861757521777,-9.049189636776584e-06
-0.96134336544168,-0.2394539675035396,0.2951045417732335,0.06261846220184084,-0.20677998485579038,-0.11220630113612524,-0.0025381241473880533,0.007201171937182213,2.8010165765450097e-05,-0.006336856745514585,0.0010489881029585994,-9.009381534275862e-06
-0.9607191580865713,-0.2415185745254429,0.2939877726633654,0.06321871623844598,-0.20617241801272618,-0.11176059317195289,-0.0026013026633103222,0.0072116042429890784,2.7893658264110083e-05,-0.006317767635228054,0.0010432570750483854,-8.969608492297289e-06
-0.960088927262274,-0.2435771128139884,0.2928755487161497,0.06381895814990601,-0.20555973414102746,-0.11131246624324606,-0.0026643483975387645,0.007221963998331657,2.7777087492250236e-05,-0.006304489299053086,0.001036002634427282,-8.92919354468162e-06
-0.9594526727038092,-0.24562953059063738,0.29176790956582527,0.06441917770112678,-0.2049419420687978,-0.11086027570511602,-0.0027273795236542474,0.007232226937629526,2.7660524945691123e-05,-0.006303028373503149,0.0010263216237367772,-8.889162430558218e-06
-0.9588103943889601,-0.24767577625425985,0.29066487282448644,0.06501936470197862,-0.20431904816157456,-0.11040623531179779,-0.0027904501174839036,0.007242376113374036,2.754403099844045e-05,-0.0063069750756100905,0.0010149458511930485,-8.84897772204203e-06
-0.9581620923842632,-0.249715798175303,0.28956646104854666,0.0656195078702035,-0.20369105971575924,-0.10994983378924515,-0.0028534844196213905,0.007252421331913005,2.7427592252158892e-05,-0.006303345828772443,0.0010045507123791523,-8.808798446368444e-06
-0.9575077668495191,-0.2517495448086221,0.2884726987846163,0.06621959868645665,-0.20305799967664914,-0.1094908450814609,-0.0029163588022369314,0.007262382494281733,2.7311163158050208e-05,-0.006287353767094064,0.0009961456801014994,-8.768841079471076e-06
-0.9568474180143002,-0.25377696487333945,0.28738361159075126,0.06681962994992797,-0.20241989906356253,-0.10902915988301236,-0.00297903623514033,0.007272263920048138,2.7194739353339275e-05,-0.006267658684194571,0.000988172601450679,-8.729281254933955e-06
-0.9561810461733612,-0.255798007414855,0.2862992253567374,0.06741959280110284,-0.20177678126314869,-0.10856476382751508,-0.003041604784164244,0.0072820459636558825,2.7078387938027894e-05,-0.006256770234452285,0.0009782349535308217,-8.690076535933795e-06
-0.9555086517137319,-0.2578126216867588,0.2852195659993592,0.0680194752607149,-0.20112865492181603,-0.10809767885263269,-0.00310418033321134,0.007291702798210465,2.696220798554519e-05,-0.006257470248628585,0.0009657145964747293,-8.65019511952514e-06
-0.9548302351502482,-0.2598207569844747,0.2841446594481693,0.06861926385547404,-0.20047552287523485,-0.10762790701839509,-0.003166780152270771,0.007301227136791185,2.6846232853544318e-05,-0.006259897287889334,0.0009524655394942543,-8.61081483060415e-06
-0.9541457971351335,-0.2618223626116089,0.28307453173120173,0.06921894654705343,-0.19981739739901658,-0.10715541644227472,-0.0032293025828139354,0.00731063447361538,2.673043028728809e-05,-0.006252158452552049,0.0009407659053164129,-8.571388253076978e-06
-0.9534553384364902,-0.2638173880185494,0.28200920883565656,0.06981851378909491,-0.19915430541508056,-0.1066801873515002,-0.0032916363812369467,0.007319942806143288,2.661475452579279e-05,-0.006233295224914284,0.0009308660202218985,-8.532257124595772e-06
-0.952758859911216,-0.2658057829625702,0.2809487166697512,0.07041795661253779,-0.1984862779103906,-0.10620222739196593,-0.0033537806369715716,0.007329150110150449,2.6499221890124403e-05,-0.006214340953803326,0.0009207637055865599,-8.493576779809206e-06
-0.9520563625047148,-0.267787497515667,0.27989308113049166,0.0710172638652341,-0.19781333512168517,-0.10572156052374165,-0.003415843693052673,0.0073382338619885235,2.638392289209532e-05,-0.006206221054126339,0.0009084090060708848,-8.454850203535338e-06
-0.9513478472815041,-0.2697624819152199,0.27884232798906655,0.07161642159892631,-0.19713548354569438,-0.1052382198951716,-0.0034779241298694987,0.007347172820813311,2.626895060744534e-05,-0.006207959263696959,0.0008939302011935332,-8.415701000256491e-06
-0.9506333154541393,-0.27173068641956644,0.2777964829621699,0.07221541520216873,-0.19645272773813605,-0.10475220669151127,-0.00354000320623994,0.007355967091127118,2.6154319951642892e-05,-0.00620782336826978,0.0008794618400094318,-8.376814083181437e-06
-0.949912768383301,-0.2736920613254554,0.2767555716878945,0.0728142319788324,-0.19576508428526557,-0.10426350383859034,-0.0036019630943780194,0.007364635047405841,2.6039984472794558e-05,-0.006195904662195144,0.0008668309294590662,-8.33785928847177e-06
-0.949186207551355,-0.2756465571313152,0.27571961968290953,0.07341286140456789,-0.1950725829245816,-0.10377210470191639,-0.0036637141652876293,0.0073731905335561185,2.5925907560211736e-05,-0.006175023031401822,0.0008555844109734788,-8.299243043537168e-06
-0.9484536345407704,-0.2775941246683365,0.2746886523475887,0.07401129283160528,-0.19437525350375667,-0.10327802813130936,-0.0037252909008564246,0.007381625581382579,2.5812129399629832e-05,-0.006157589620796186,0.0008435410605411385,-8.261105323709917e-06
-0.9477150510428094,-0.27953471505804195,0.27366269499570156,0.07460951317522588,-0.19367311303985701,-0.10278130739046387,-0.0037868120527140008,0.007389917011477711,2.5698753339089698e-05,-0.006152031451493859,0.000829179744544895,-8.222920352962556e-06
-0.9469704588889758,-0.2814682795457557,0.272641772841599,0.07520750706152544,-0.19296616678288958,-0.10228196734060908,-0.003848350821113684,0.007398049425387789,2.558585172825266e-05,-0.00615379336340946,0.0008132785651701139,-8.185162501309769e-06
-0.9462198600728632,-0.28339476939052666,0.2716259109699062,0.07580525923956433,-0.1922544219553922,-0.10178000973357469,-0.003909854170504499,0.007406029547714505,2.5473415011346003e-05,-0.006150251715678361,0.0007980498430923713,-8.147715602718629e-06
-0.9454632567401171,-0.28531413593144966,0.27061513441155877,0.07640275662580547,-0.19153789943084337,-0.10127541451910493,-0.00397119897457406,0.007413876256935954,2.53613838637081e-05,-0.006134397395086718,0.0007847089752841035,-8.110711607639675e-06
-0.9447006511619154,-0.28722633076123727,0.26960946799781865,0.07699998782738617,-0.19081663080829853,-0.10076818936801776,-0.0040323248421100764,0.007421598192176256,2.5249743729708165e-05,-0.006112503944546238,0.0007722320157865205,-8.073490496521948e-06
-0.9439320457198648,-0.2891313058166149,0.2686089364959877,0.07759694071255539,-0.1900906439493918,-0.10025835430588534,-0.0040932980674057776,0.007429182699114785,2.5138556351698962e-05,-0.00609723997124863,0.000758489606524292,-8.036905830104189e-06
-0.9431574429223881,-0.2910290132905592,0.26761356455200774,0.07819360069141744,-0.18935995280374615,-0.09974594557637327,-0.004154237513902024,0.007436608212637887,2.5027932078757746e-05,-0.0060938624264019105,0.0007425906564450089,-7.999926982259988e-06
-0.9423768453452945,-0.29291940538454514,0.2666233902133305,0.07878995084374765,-0.18862456023887533,-0.09922963062599378,-0.00421518390446623,0.007443870734935591,2.4917900540183225e-05,-0.006094557192962659,0.000726291914734,-7.963606357873847e-06
-0.9415902557783773,-0.29480243436697484,0.26563844389044167,0.07938597691132873,-0.18788447792556476,-0.09871015737362415,-0.004276060991517645,0.007450983230476749,2.4808425170306843e-05,-0.006087627176793007,0.0007112896218914461,-7.927446730002654e-06
-0.9407976771806789,-0.29667805265050645,0.26465875250787446,0.07998166649416986,-0.18713973028681652,-0.09818785166319145,-0.0043367562236508814,0.007457963570031029,2.46994390519888e-05,-0.006069441972527108,0.0006980744156147232,-7.892197825343294e-06
-0.9399991127308849,-0.2985462130185699,0.26368432796834296,0.08057700894186641,-0.18639035119977773,-0.09766420969215868,-0.004397236943775232,0.007464811241923812,2.4590958552823782e-05,-0.006047991073526604,0.0006848080320512724,-7.857278045418513e-06
-0.9391945656805541,-0.30040686855377485,0.2627151888171308,0.08117199051142823,-0.1856363647837714,-0.09713858522362998,-0.0044575921997841725,0.007471508993959425,2.4483076871053403e-05,-0.006035445035707731,0.0006698164016179035,-7.822398795645597e-06
-0.9383840393160233,-0.3022599724557521,0.2617513694492471,0.08176659473493691,-0.18487777997353042,-0.09660941355694307,-0.004517926299947609,0.007478042981362522,2.4375870014441857e-05,-0.006033329884199185,0.0006534402712540274,-7.787991819621197e-06
-0.937567537210213,-0.3041054781032058,0.260792885116043,0.08236080690688101,-0.18411460572414087,-0.09607861078529069,-0.004578247439398949,0.007484407293034239,2.4269385103978076e-05,-0.006032034283947395,0.0006364730138955567,-7.753548674939792e-06
-0.9367450630753391,-0.3059433388899059,0.25983975534008713,0.08295461135212269,-0.18334685571886813,-0.09554572931231578,-0.004638451703816628,0.007490614620027129,2.416358664719682e-05,-0.006020347227615937,0.0006207748624570876,-7.718893632921826e-06
-0.9359166207608178,-0.307773508381852,0.2588920013898889,0.08354799454198437,-0.18257455803146364,-0.09501057439143816,-0.004698435386899587,0.007496678496526752,2.4058432459887747e-05,-0.005998289512000382,0.0006064301314139902,-7.68413267791665e-06
-0.9350822142378996,-0.3095959404719075,0.25794964546436744,0.08414094352687383,-0.18179774505920565,-0.094473054893846,-0.004758206653400674,0.007502596172911401,2.3953950448450936e-05,-0.00597704829490341,0.0005918104245388481,-7.649733591519302e-06
-0.9342418475227221,-0.3114105892972099,0.2570127227506717,0.08473344315514349,-0.18101643755890803,-0.09393189240316457,-0.004817871907338609,0.007508355858221857,2.3850211715501742e-05,-0.0059664475354370885,0.0005760115981085131,-7.6157127858848994e-06
-0.9333955249086643,-0.31321740929820857,0.2560812488558625,0.0853254790033789,-0.1802306483551195,-0.09338906265828698,-0.004877521360275455,0.007513940340384597,2.3747319775250443e-05,-0.005964868012519898,0.0005584915320139349,-7.581605955192582e-06
-0.9325432508347848,-0.3150163549369375,0.2551552432543804,0.08591703401548789,-0.17944038432392187,-0.09284417354102564,-0.004937127615335348,0.0075193513392678695,2.3645286139634253e-05,-0.005960548813406002,0.0005411434428434445,-7.547610392662898e-06
-0.9316850298970174,-0.31680738074054066,0.2542347271633235,0.08650809283152694,-0.17864566388528974,-0.0922970284490749,-0.004996574204124901,0.007524603866635997,2.3544053783373446e-05,-0.005944582734673773,0.0005252965371413282,-7.513983072237125e-06
-0.9308208666748072,-0.31859044134695963,0.25331974334411816,0.08709863878559067,-0.17784651391046966,-0.09174546590162454,-0.005055809141075643,0.007529672675365269,2.3443786308729658e-05,-0.005923418224802796,0.0005069248653152237,-7.478667079539329e-06
-0.9299507661283151,-0.32036549188941693,0.2524103062231766,0.08768865658005275,-0.17704296734072134,-0.09119232360611497,-0.005114859971689367,0.007534570734963352,2.33444245758583e-05,-0.005905008223329517,0.0004898501538060821,-7.444946526415999e-06
-0.9290747333598082,-0.3221324877861342,0.251506431447153,0.08827813070454321,-0.17623504336954196,-0.09063749963618281,-0.005173835897302058,0.007539290941880516,2.324601607657099e-05,-0.0058975183938751174,0.0004720650691787094,-7.412212255054285e-06
-0.9281927734645521,-0.3238913844475581,0.25060815770734923,0.08886704107932346,-0.17542274572184152,-0.09007870799200372,-0.005232822632456603,0.007543792577899967,2.3148807560151958e-05,-0.005898600207651262,0.0004502080872729794,-7.378104745934724e-06
-0.9273048917331241,-0.3256421372693593,0.2497155274004543,0.08945536557394863,-0.17460607965170893,-0.08951557008168938,-0.00529177485709905,0.007548074334619784,2.3052838711345423e-05,-0.005895150049184503,0.0004282202437115,-7.3433008810549764e-06
-0.9264110938760299,-0.32738470190224067,0.2488285546418921,0.09004308800407525,-0.17378506805657148,-0.088950886778771,-0.00535055967685996,0.007552182756580307,2.295793689384296e-05,-0.005878410326372281,0.0004108868769491436,-7.303627182447028e-06
-0.9255113856038899,-0.3291190341307717,0.24794727361915553,0.09063019230655907,-0.17295973832806927,-0.0883826459725197,-0.005409141178228233,0.007556104622334571,2.2864155858341126e-05,-0.005858079295634643,0.00039223135123320603,-7.267805325645034e-06
-0.9246057729252706,-0.3308450901840492,0.2470716994988384,0.09121666134636375,-0.17213011854776514,-0.08781276450815576,-0.0054675903524308836,0.007559817142762721,2.2771626019480225e-05,-0.005844847488904478,0.0003712968723705339,-7.233588336679984e-06
-0.9236942621309189,-0.33256282658100444,0.2462018367435625,0.09180247620028549,-0.17129622382556423,-0.08724232787589563,-0.0055259991286169185,0.007563330396671823,2.2680447269436457e-05,-0.005840808675436767,0.0003513702008714923,-7.186322761581469e-06
-0.9227768595309299,-0.33427219978068756,0.2453377122854311,0.09238761652326595,-0.17045805731161984,-0.08666909751878905,-0.005584407003464821,0.0075666240819657156,2.2590680043269088e-05,-0.0058407195783976365,0.00032941331317533557,-7.146627595924926e-06
-0.9218535717905079,-0.3359731663814644,0.2444793347208329,0.09297206419990105,-0.16961563203409571,-0.08609488584031966,-0.005642710003157104,0.007569735175141495,2.2502263010778557e-05,-0.005830233055918469,0.0003111540476165313,-7.09488955005198e-06
-0.9209244055894779,-0.33766568300663685,0.2436267328276652,0.09355580227614076,-0.16876897069897048,-0.0855176579907677,-0.0057008059677225754,0.007572657395165431,2.24151364664158e-05,-0.005809530493593023,0.0002922667166932426,-7.05486099961966e-06
-0.9199893679311498,-0.3393497067106365,0.2427799159494081,0.09413881584250158,-0.16791810835071727,-0.08493934938496547,-0.005758659931881877,0.007575419169600092,2.232916443476931e-05,-0.005785331302620523,0.0002762221681593932,-7.014401117596757e-06
-0.9190484659473716,-0.34102519489080113,0.24193889517117487,0.09472109170609118,-0.16706307320177044,-0.0843597990874693,-0.0058163529369238175,0.007578028747918237,2.2244237406165435e-05,-0.005769236159544639,0.00026100261140160966,-6.982030167738961e-06
-0.9181017068770545,-0.34269210515139203,0.2411036859105341,0.0953026161250311,-0.1662038806369771,-0.08377858946320288,-0.00587397774085249,0.007580485950148622,2.2160331338085486e-05,-0.005762416800502479,0.00024576506831538097,-6.953955328033839e-06
-0.917149098086797,-0.3443503951786498,0.2402743058569648,0.09588337552190326,-0.16534054106199592,-0.08319549104501496,-0.005931525875909923,0.007582798634490986,2.2077387452660578e-05,-0.005754750622846893,0.0002313133633867076,-6.928893425370643e-06
-0.9161906470703696,-0.3460000227496919,0.2394507739022531,0.09646335782253555,-0.16447307342363854,-0.08261036412477478,-0.005988888890791372,0.007584982652950536,2.199530286827621e-05,-0.005736239238264768,0.00021844688921142692,-6.90636400397806e-06
-0.915226361434824,-0.34764094588638256,0.2386331092756951,0.09704255282581088,-0.1636015103014499,-0.08202315805818339,-0.006045970580155776,0.007587052237927309,2.191399428085461e-05,-0.005708107257745601,0.00020700367601350815,-6.885126885502969e-06
-0.9142562488815862,-0.3492731229946066,0.23782133147505521,0.09762095123982274,-0.16272588874999977,-0.08143384905109396,-0.006102787573281984,0.007589009322508489,2.183344845971686e-05,-0.005681638196318635,0.0001957537724503555,-6.865401586501627e-06
-0.9132803172044595,-0.3508965128465837,0.23701546023300604,0.09819854321072866,-0.16184623677012538,-0.08084243218430592,-0.00615944687813282,0.007590846148258625,2.1753711891817973e-05,-0.005665869967701508,0.00018372800843913798,-6.847104917913847e-06
-0.9122985743021519,-0.35251107443195095,0.2362155153864199,0.09877531794547978,-0.160962569925801,-0.08024891036766951,-0.006216027104512479,0.007592557396922778,2.1674827366657454e-05,-0.005657962753271424,0.0001711704004236554,-6.829205277522355e-06
-0.9113110281868643,-0.35411676684165444,0.23542151682182677,0.09935126465339182,-0.1600749014319681,-0.07965327233119367,-0.006272492509863535,0.007594147854163483,2.1596771833574234e-05,-0.005646481266856745,0.00015909136166635042,-6.812059745928905e-06
-0.9103176869792045,-0.35571354931174687,0.23463348436449613,0.09992637365416081,-0.15918325475417333,-0.07905550523878216,-0.006328731133918473,0.0075956289982321784,2.1519488237194887e-05,-0.00562380371151113,0.00014816015870415438,-6.794778144107581e-06
-0.9093185588921106,-0.3573013813802317,0.23385143778516093,0.10050063647742857,-0.15828766516857326,-0.07845560379539561,-0.006384676972420894,0.007597007621359234,2.144293781506515e-05,-0.005594525702123223,0.00013790818652670379,-6.778322676835463e-06
-0.9083136522924021,-0.35888022306679473,0.23307538578309817,0.10107404558635043,-0.15738817021645343,-0.07785468346508069,-0.006440372554740318,0.007598274254364764,2.136719167540673e-05,-0.005569500684738374,0.00012670926704809167,-6.762013634740458e-06
-0.907302975599629,-0.36045003469155246,0.23230534309477496,0.10164659038031429,-0.15648479474182783,-0.07725216011515985,-0.006495932124719502,0.00759941676067148,2.129234468720452e-05,-0.005555900124823288,0.00011429665120813184,-6.745340836590001e-06
-0.9062865372550161,-0.36201077665314657,0.23154133786236053,0.10221825878332008,-0.15557755099556295,-0.07664670208102614,-0.006551413019429999,0.00760043593030277,2.1218405002162343e-05,-0.0055480332793947755,0.00010196302856381497,-6.728729460854602e-06
-0.9052643458418336,-0.3635624094838838,0.23078339332734568,0.10278904114504742,-0.15466645409637308,-0.07603878908412347,-0.006606754027728045,0.007601339821626801,2.1145331232746226e-05,-0.005534045289199144,9.043525033530435e-05,-6.71233435481208e-06
-0.9042364100585418,-0.36510489391172957,0.23003153044528274,0.10335892868908166,-0.15375153040373252,-0.07542863209803252,-0.00666184676277238,0.007602139046279365,2.107306524027702e-05,-0.005509218571631434,7.996864813529185e-05,-6.6960056670958175e-06
-0.9032027386965324,-0.3666381910061964,0.22928576905755985,0.10392791343009941,-0.15283281580357977,-0.07481633740824536,-0.006716656776360411,0.0076028372776393285,2.1001597502405904e-05,-0.005480947027435797,6.986937870346844e-05,-6.679346313951724e-06
-0.902163340630851,-0.36816226222885173,0.22854612853198109,0.10449598716288504,-0.15191034318468494,-0.07420196545803665,-0.006771262408877398,0.0076034293828793845,2.0930975301713825e-05,-0.005460509558571784,5.9256803145245835e-05,-6.662544999916766e-06
-0.9011182248251378,-0.3696770693249029,0.22781262810943406,0.10506314079943949,-0.15098413291794763,-0.07358554618351253,-0.00682577043127791,0.007603908328851137,2.086125652727183e-05,-0.005450749230064262,4.794088704536839e-05,-6.645905094126568e-06
-0.900067400343251,-0.37118257417208406,0.2270852867390979,0.10562936474730795,-0.15005419664902075,-0.07296711195676145,-0.006880202103739168,0.007604274134588841,2.0792459568650916e-05,-0.005443114934138909,3.662685954245036e-05,-6.628651216660853e-06
-0.8990108763500634,-0.3726787387437365,0.22636412306651169,0.10619464991505813,-0.14912055012863729,-0.07234667941115037,-0.006934471417778338,0.007604534689217931,2.072454270124273e-05,-0.005426879759013788,2.610175208870846e-05,-6.611355932463294e-06
-0.8979486621007343,-0.37416552522537333,0.22564915548684705,0.10675898827585517,-0.14818322149227534,-0.0717242582726228,-0.006988479643577735,0.007604698598424953,2.06574617665283e-05,-0.0054007715692650496,1.6437220041472197e-05,-6.593632898912549e-06
-0.8968807669286665,-0.37564289615689955,0.22494040216522068,0.1073223724626111,-0.14724224606062764,-0.07109987153030478,-0.00704222363817524,0.007604767302320824,2.0591214384685853e-05,-0.0053743490821651875,6.916693669823771e-06,-6.5761858098247716e-06
-0.8958072002433277,-0.37711081444284056,0.22423788107234,0.10788479480665687,-0.1462976532900643,-0.07047355370251994,-0.007095798121470729,0.007604735295337584,2.052584941847476e-05,-0.00535739862287784,-3.1544135101969533e-06,-6.5587698851101335e-06
-0.8947279715383301,-0.3785692432213454,0.2235416100014662,0.10844624689602517,-0.1453494601461377,-0.06984533633228387,-0.007149292575602542,0.0076045979608396165,2.0461408882620622e-05,-0.005349396410050035,-1.3687205101088241e-05,-6.541520097578278e-06
-0.8936430903986042,-0.38001814573350473,0.2228516065797319,0.10900672011212482,-0.14439767783089755,-0.06921523385957719,-0.007202694250784577,0.007604358005640573,2.0397886850010012e-05,-0.005340119214748494,-2.3949320432444305e-05,-6.524046263773105e-06
-0.8925525664974703,-0.3814574853335553,0.22216788827565725,0.1095662065198447,-0.14344232464507475,-0.06858324660378015,-0.007255901310865055,0.007604023990126683,2.0335230753846506e-05,-0.00532065836486983,-3.335538432286202e-05,-6.506732403586111e-06
-0.891456409525522,-0.3828872255537847,0.22149048185736417,0.11012469841544635,-0.14248342996802876,-0.0679484332698376,-0.007308842266892907,0.00760360936166931,2.027334887429276e-05,-0.005294048550628207,-4.1416683324073206e-05,-6.489790169899793e-06
-0.8903546293287394,-0.3843073304084176,0.22081939918180835,0.11068219151305894,-0.14152102945476877,-0.06731228921958045,-0.0073615392429324435,0.007603110541494877,2.0212276955129077e-05,-0.005269651170442275,-4.983587979364221e-05,-6.4727419264961865e-06
-0.8892472357999661,-0.3857177642230827,0.2201546548299063,0.11123867879766891,-0.140555149291137,-0.06667455745747541,-0.007414092806536961,0.0076025212209232,2.0152068381144063e-05,-0.005255310586631786,-5.8885969648558796e-05,-6.4558943229832696e-06
-0.8881342388978061,-0.38711849150472066,0.21949626454687207,0.11179415282260921,-0.13958580417435226,-0.06603513105189256,-0.0074665675953092285,0.00760183894742787,2.0092748846454342e-05,-0.005247433783088324,-6.818132707421952e-05,-6.439247197964524e-06
-0.8870156487134845,-0.3885094769300948,0.2188442352348707,0.11234860707176247,-0.13861300743476102,-0.06539488845967585,-0.007518919406836193,0.0076010613121019035,2.0034348072887568e-05,-0.005235136761262741,-7.771759323642808e-05,-6.422401456498381e-06
-0.8858914752699406,-0.3898906851258331,0.21819859710832432,0.11290203205296176,-0.13763677796963786,-0.06475148279685315,-0.007571049738149864,0.007600207014315118,1.997672996398417e-05,-0.005212989339551206,-8.53838759927718e-05,-6.406040715932009e-06
-0.8847617286981985,-0.3912620810740601,0.21755937247535592,0.11345442374867254,-0.13665714873451867,-0.06410569691775292,-0.007622905875967214,0.007599285820954131,1.991982222151919e-05,-0.005185570534872006,-9.207344682998162e-05,-6.390267517801987e-06
-0.8836264191990685,-0.39262363015487256,0.21692658006105775,0.11400577812246421,-0.13567415342031752,-0.06345789649101963,-0.0076745379555097915,0.007598299056395117,1.986362103818193e-05,-0.005163165249703452,-9.863058445434691e-05,-6.374533099671565e-06
-0.8824855570315323,-0.393975298064492,0.2163002368011864,0.11455609072342818,-0.1346878160470671,-0.06280827422087028,-0.007726042673992349,0.00759724470023494,1.9808143548427913e-05,-0.005150429699268151,-0.00010538977257123403,-6.359301212861473e-06
-0.8813391525091235,-0.3953170506668385,0.2156803590628511,0.11510535674844924,-0.13369815065849802,-0.062156891912110615,-0.007777457149136259,0.007596124084739331,1.9753386677237622e-05,-0.005141405918857209,-0.00011201573823880601,-6.344029018778079e-06
-0.8801872159999624,-0.3966488539350544,0.2150669625483006,0.11565357176632021,-0.13270517171151908,-0.061503806736054586,-0.007828716848612074,0.007594943505779715,1.9699309262924174e-05,-0.005125928874415948,-0.00011801210642287089,-6.3286274985538455e-06
-0.8790297579177684,-0.3979706740348195,0.2144600624885523,0.11620073214699445,-0.13170890400613544,-0.06084905226067344,-0.00787972365288309,0.007593710322651658,1.9645852056843442e-05,-0.005100639831447671,-0.00012327252436285469,-6.313960808423935e-06
-0.8778667887622547,-0.39928247753312,0.21385966556684144,0.11674683568338091,-0.1307093826248672,-0.060193480012701826,-0.007930444576937668,0.00759242110611153,1.9593047011759235e-05,-0.005072052311715718,-0.00012887588470099522,-6.299313208557502e-06
-0.8766983190409606,-0.40058423133760396,0.21326578278458808,0.11729187812552698,-0.12970664030149717,-0.0595366689423221,-0.007980952306010567,0.007591070785919683,1.9540941171712847e-05,-0.005050733351315252,-0.0001349862937483703,-6.284531653162808e-06
-0.8755243592912771,-0.40187590261640077,0.21267842699336773,0.11783585498092955,-0.128700698955642,-0.058878446714371924,-0.008031338048588717,0.0075896554866504585,1.9489571061879156e-05,-0.005038535267476817,-0.00014148426504169182,-6.269795410666393e-06
-0.8743449200935371,-0.4031574586752145,0.21209761173006325,0.11837876163297616,-0.1276915724892416,-0.058218745613597696,-0.008081608206249988,0.0075881763056882354,1.9438937965252928e-05,-0.0050269773425229685,-0.0001478725050506372,-6.2546848230354315e-06
-0.8731600120729254,-0.40442886694389596,0.21152335078455256,0.11892059385874426,-0.12667927861518266,-0.05755752853472018,-0.008131674050619098,0.007586638835496415,1.9389007367277758e-05,-0.005006546553940794,-0.00015370149197742585,-6.2391102753245875e-06
-0.8719696458938979,-0.4056900950991118,0.21095565797562718,0.11946134815266803,-0.12566384695119354,-0.0568947811037694,-0.008181445914853078,0.0075850487208405275,1.9339737679183077e-05,-0.004977149049567895,-0.0001589659906782975,-6.223635337879803e-06
-0.8707738322529778,-0.4069411111934759,0.2103945471355835,0.12000102149707581,-0.12464531446048695,-0.05623050322145289,-0.008230928647228646,0.007583407518025563,1.9291116689571646e-05,-0.004948236363653497,-0.00016407485782623117,-6.208582074276625e-06
-0.8695725818771223,-0.4081818836532131,0.20984003213041064,0.1205396108301105,-0.12362371314646342,-0.05556470374058429,-0.008280212634320534,0.0075817133828841666,1.9243155886381466e-05,-0.0049283623439661025,-0.00016936814828975296,-6.194368360908947e-06
-0.8683659055277991,-0.40941238115265527,0.20929212678140494,0.12107711281139916,-0.12259906344901024,-0.054897396940685926,-0.008329373498461176,0.007579965674710521,1.9195873515638723e-05,-0.004916050571390816,-0.00017472552506604108,-6.179356954471044e-06
-0.8671538139572501,-0.41063257243387224,0.20875085243499758,0.12161352338298265,-0.121571379364832,-0.05422782691604065,-0.008378393687355708,0.007578175574364794,1.914917451981357e-05,-0.004901983497275018,-0.0001789647781194157,-6.165014112902868e-06
-0.8659363180158782,-0.41184242650315034,0.20821621853065592,0.1221488420008212,-0.12054068267739547,-0.05355717222090877,-0.00842717319456659,0.007576345961050837,1.9103038990823946e-05,-0.004877915764294807,-0.00018291610721569981,-6.1506239439380765e-06
-0.8647134285611375,-0.41304191264049106,0.2076882367036415,0.12268306657132953,-0.11950700589790761,-0.05288520526985088,-0.008475643640405494,0.007574480419110681,1.9057436501531556e-05,-0.004847010039399816,-0.00018650899271033648,-6.136582143895298e-06
-0.8634851564609967,-0.4142310005117436,0.20716691942837365,0.12321619551321124,-0.11847038610355716,-0.05221184702818412,-0.008523839044020723,0.007572579442056946,1.9012356481116277e-05,-0.004819506221293862,-0.00019005252331716102,-6.1234717920892045e-06
-0.8622515125971066,-0.41540966012958547,0.20665227949569126,0.1237482272328794,-0.11743085292987963,-0.05153707807433116,-0.008571855479784885,0.00757064177642455,1.896781080006132e-05,-0.004801609849406019,-0.00019372140908174997,-6.110544504357769e-06
-0.8610125078696188,-0.4165778617207907,0.20614432969120064,0.1242791600093125,-0.11638842492764072,-0.0508609053535301,-0.008619745737710736,0.007568668269320088,1.892379427714438e-05,-0.004788992474830553,-0.00019730558546950393,-6.097730045604718e-06
-0.8597681531981661,-0.41773557564694136,0.20564308265373218,0.12480899232335418,-0.11534311783543542,-0.05018333747999613,-0.008667461039047164,0.00756666365864677,1.888027221797216e-05,-0.0047714971988218925,-0.000200415961828092,-6.084603105268261e-06
-0.8585184595164688,-0.418882772467214,0.2051485508717792,0.12533772326160136,-0.11429495596498516,-0.049504377860508396,-0.008714903426547392,0.007564634216397777,1.8837191727779875e-05,-0.004744206158036691,-0.0002028991196454055,-6.071566061317521e-06
-0.85726343776393,-0.42001942307543205,0.20466074679795532,0.12586535254211528,-0.11324397438138391,-0.04882402569666315,-0.008762031901214053,0.007562584063569434,1.8794518614633595e-05,-0.004712815191571466,-0.0002049701671529502,-6.058522951758089e-06
-0.8560030988817539,-0.42114549876394664,0.20417968269128672,0.12639188020148587,-0.1121902094934813,-0.04814230781833095,-0.00880890495189241,0.007560513613016364,1.8752243705411723e-05,-0.004687273102619446,-0.00020699992613705724,-6.0461713209279915e-06
-0.854737453813033,-0.4222609711439947,0.20370537069297404,0.12691730617116834,-0.11113368834733782,-0.047459247068167204,-0.008855615200678936,0.007558422481709751,1.8710367715352347e-05,-0.00467099322378272,-0.00020906799001121944,-6.034233570231769e-06
-0.8534665135045723,-0.42336581201335893,0.2032378228036406,0.1274416303316029,-0.1100744281123264,-0.04677486039796151,-0.008902188419359663,0.007556312713841219,1.8668876546477347e-05,-0.0046572905128116635,-0.00021093163273311314,-6.022052423859695e-06
-0.852190288905795,-0.42445999331392514,0.20277705081678887,0.12796485286380907,-0.1090124461282204,-0.046089160435936395,-0.008948554749973464,0.007554189526829335,1.862772548153608e-05,-0.0046366019718432315,-0.0002122735170897939,-6.009823286128548e-06
-0.8509087909621047,-0.42554348722480007,0.20232306640708717,0.12848697455410668,-0.10794776983317504,-0.04540214913803923,-0.008994624419511708,0.007552058640434248,1.8586865668351202e-05,-0.004606936093008662,-0.00021304340772222122,-5.99741850841571e-06
-0.849622030608188,-0.4266162662910119,0.201875881079409,0.12900799675666258,-0.10688043579772656,-0.044713842628093775,-0.009040384567966749,0.00754992297352819,1.8546264215429454e-05,-0.00457598418847448,-0.00021352139675274962,-5.9856769666817275e-06
-0.8483300187652449,-0.42767830344690966,0.2014355061140282,0.12952792100731828,-0.10581047893830743,-0.04402427234870584,-0.009085911026341192,0.00754778255263662,1.8505923981323273e-05,-0.004552615386270899,-0.00021399673908677848,-5.973611331732737e-06
-0.8470327663778517,-0.42872957197157513,0.2010019464419466,0.1300467494634606,-0.10473792421114063,-0.04333408305226251,-0.009131282215744201,0.007545630172409065,1.8465916060880323e-05,-0.004537088748561358,-0.00021519265403554286,-5.961001375566194e-06
-0.8457302843290039,-0.4297700452184611,0.2005752164315616,0.13056448148834393,-0.10366278752090377,-0.04264233020453593,-0.009176496879322664,0.007543472764255527,1.8426172308045656e-05,-0.0045214363740224825,-0.00021569539716319972,-5.948935680921082e-06
-0.8444225835014239,-0.4307996967237448,0.20015532841845404,0.1310811189597264,-0.10258508862762723,-0.04194920794135522,-0.009221471957659572,0.0075413174161285705,1.8386624267191986e-05,-0.0044974780060367025,-0.00021548931476174761,-5.937197693688572e-06
-0.8431096747298318,-0.4318185002569199,0.19974229951509806,0.1315966635919265,-0.10150485762854117,-0.04125423101565769,-0.009266142883845044,0.007539176520597389,1.83471498849239e-05,-0.004467062854911342,-0.00021404391867715797,-5.926131784385963e-06
-0.8417915688719919,-0.43282643005292853,0.19933613728284819,0.132111120191182,-0.10042213140126714,-0.04055835668832138,-0.009310518951637566,0.007537048394614916,1.8307764074981683e-05,-0.004437577090795203,-0.0002127668370869059,-5.914944618029232e-06
-0.8404682767455434,-0.43382346069783323,0.19893685070690192,0.13262449159542106,-0.0993369425857235,-0.039861451956527336,-0.009354682862273301,0.007534931043688278,1.826848324713752e-05,-0.004416361462579892,-0.00021168921433456175,-5.9038106226696176e-06
-0.8391398091355228,-0.4348095670186361,0.19854444944146257,0.13313678054259498,-0.09824931319108307,-0.03916345647959433,-0.009398695831534049,0.0075328244448202575,1.822931055275417e-05,-0.004401267414836845,-0.0002106138966304427,-5.8922494391436e-06
-0.8378061767987675,-0.4357847239972073,0.1981589432078094,0.13364798990268922,-0.09715925971631825,-0.038464360558261454,-0.009442528495664296,0.007530731637109703,1.819021449018489e-05,-0.004383236967719967,-0.00020923465526283996,-5.880845704569605e-06
-0.8364673904610644,-0.436748906805754,0.197780341731619,0.13415812294118026,-0.0960668043450816,-0.03776415486582753,-0.009486091131395723,0.007528657559831565,1.815114500275114e-05,-0.004356234155977215,-0.00020736146387803533,-5.869604706892493e-06
-0.8351234608125881,-0.43770209093452117,0.19740865447804798,0.13466718350281345,-0.09497198019557175,-0.03706286070578265,-0.009529329904668917,0.007526605483426605,1.811207011590776e-05,-0.004323847914136265,-0.00020516121592241535,-5.858226818696645e-06
-0.8337743985039028,-0.4386442522710354,0.19704389067759132,0.13517517569623627,-0.09387482481937996,-0.03636050617407081,-0.009572283306427053,0.007524575725765529,1.807297885038609e-05,-0.004295310758265503,-0.00020292917502574628,-5.847390389136759e-06
-0.8324202141451956,-0.4395753670475333,0.19668605948390225,0.13568210354024943,-0.0927753690724733,-0.03565710795798078,-0.009615037339793284,0.007522567324684043,1.8033883709823273e-05,-0.00427537392404632,-0.0002007933608566967,-5.8359857252407745e-06
-0.8310609183086639,-0.44049541171901413,0.1963351699281659,0.13618797090401202,-0.09167363346241922,-0.03495268229223133,-0.009657630759969399,0.007520580789765657,1.7994777265607187e-05,-0.004259312604331001,-0.00019860658595254128,-5.824614021454575e-06
-0.8296965215290836,-0.4414043629031693,0.19599123087142625,0.13669278173109198,-0.09056963564355514,-0.03424724138646584,-0.009700012007916708,0.007518619475925323,1.7955629507554567e-05,-0.004238095358093748,-0.00019608430864313429,-5.812772762123411e-06
-0.8283270343002619,-0.442302197448368,0.1956542509545512,0.137196540378347,-0.08946340105322104,-0.03354079946203397,-0.009742094238359814,0.00751668764641295,1.7916397433458325e-05,-0.004208193551895175,-0.0001931356875369714,-5.8008233428970144e-06
-0.8269524670430277,-0.4431888925107144,0.1953242433188304,0.13769925099370164,-0.08835496502986531,-0.0328329043671819,-0.009783856729852143,0.0075147941125964955,1.7876984448868778e-05,-0.0041762195283406925,-0.00018930588048251488,-5.789622374328641e-06
-0.8255728301637915,-0.44406442570617183,0.1950012137564144,0.1382009203345472,-0.08724436409718599,-0.03212429739114583,-0.009825353442086824,0.007512934792117457,1.783742806036681e-05,-0.004149641502208739,-0.00018588432940480414,-5.778298161711305e-06
-0.8241881339855741,-0.4449287749055761,0.19468517365698404,0.13870155257902828,-0.08613162629512439,-0.031414425877441005,-0.009866663453096901,0.0075111132922933916,1.779768773588903e-05,-0.004130971248849052,-0.00018210202673232698,-5.7671489874327256e-06
-0.8227983888135305,-0.44578191824468505,0.19437612802560084,0.1392011541263056,-0.08501677116783325,-0.030703930297526518,-0.009907798922247548,0.00750932613284679,1.7757798262532515e-05,-0.0041135169580539125,-0.00017866777148606554,-5.755616947246312e-06
-0.8214036048942551,-0.4466238340182924,0.19407408330475395,0.13969972973059547,-0.08389981780461479,-0.029992661313194634,-0.009948691265827357,0.007507574945021338,1.7717750791623215e-05,-0.004089204289388091,-0.0001750703935823344,-5.743030469456069e-06
-0.8200037924180682,-0.447454500781563,0.1937790465272632,0.14019728458688843,-0.08278079464540943,-0.029280553853531042,-0.009989263794875072,0.007505862620959154,1.767751655655111e-05,-0.004057222702902879,-0.00017118379011762307,-5.730093965887297e-06
-0.8185989615174121,-0.4482738974641955,0.193491024864947,0.14069382430635252,-0.0816597387947202,-0.0285675947734497,-0.010029512827236853,0.0075041893848259485,1.7637074666504246e-05,-0.004024872885262464,-0.00016727475348535354,-5.718651582744863e-06
-0.8171891222680567,-0.449082003381825,0.19321002541235577,0.1411893544757067,-0.08053668619783276,-0.027853798912881353,-0.010069509121544596,0.0075025531515807995,1.7596439790086942e-05,-0.003999598941737745,-0.00016357422801205554,-5.707474789221944e-06
-0.8157742846932157,-0.4498787981388639,0.19293605503739025,0.1416838803986509,-0.0794116632600669,-0.02713919522214395,-0.010109318800121316,0.007500952255012849,1.755563218023755e-05,-0.0039809372456246755,-0.00016004033800081667,-5.695621880690361e-06
-0.8143544587656211,-0.450664261530135,0.1926691204956913,0.14217740716255448,-0.07828468889255362,-0.026423794391031034,-0.010148930716242123,0.007499387759324225,1.7514642791785218e-05,-0.003961160870148801,-0.00015640002637870158,-5.683283396262648e-06
-0.8129296544066482,-0.45143837355050537,0.19240922843689554,0.14266993999663066,-0.07715578464198083,-0.025707601097474664,-0.010188267609542149,0.00749786316871014,1.7473443593228387e-05,-0.003933658437063312,-0.0001524092874273418,-5.669859401665569e-06
-0.8114998814813354,-0.4522011145010318,0.19215638544871158,0.14316148455809977,-0.07602498206287653,-0.024990617516823976,-0.010227269191424337,0.0074963808605145775,1.7431996488735118e-05,-0.0039001271156037173,-0.00014818079061397417,-5.657457640726395e-06
-0.8100651497951958,-0.4529524650765829,0.19191059805918273,0.14365204673884735,-0.07489231933505149,-0.024272852465442522,-0.010265955984351947,0.007494940073367104,1.739028202758795e-05,-0.003868648025792726,-0.0001440284099636745,-5.6474028901778155e-06
-0.8086254690969676,-0.45369240634301033,0.19167187248964376,0.14414163229925261,-0.07375783084159085,-0.023554343745892648,-0.010304404485599558,0.007493538254679425,1.7348317508806363e-05,-0.003844818676315342,-0.00014013129500344752,-5.637882449329291e-06
-0.8071808490823198,-0.45442091962870673,0.19144021469020306,0.1446302466430534,-0.0726215410253516,-0.022835122882580678,-0.010342662730512169,0.007492174377353165,1.730612508498606e-05,-0.003825792877846124,-0.00013633690943635706,-5.626877449954961e-06
-0.8057312993951543,-0.4551379864511436,0.19121563043359244,0.14511789504343836,-0.07148346900559802,-0.022115205499242476,-0.010380697745994929,0.007490850449870882,1.726369618606618e-05,-0.003803469763369271,-0.00013234167973292317,-5.6143298488007295e-06
-0.8042768296246188,-0.4558435885570171,0.1909981254156177,0.14560458302133641,-0.07034363890039158,-0.021394593943860837,-0.01041843071300945,0.007489569838330361,1.7220990197163486e-05,-0.003773264714515715,-0.00012800981884923893,-5.6020043599572795e-06
-0.8028174493001589,-0.4565377080319763,0.19078770532177297,0.14609031649393,-0.06920208482719473,-0.020673287367803325,-0.010455821996469414,0.007488333977139543,1.71779658079717e-05,-0.00373909612597568,-0.00012353448479946288,-5.591944461529751e-06
-0.8013531678906782,-0.4572203273619461,0.19058437562601868,0.14657510154113834,-0.06805884510636641,-0.01995131125364037,-0.010492912284706155,0.007487140935919016,1.71346206422007e-05,-0.0037089963686799407,-0.00011925217834919713,-5.583769628286443e-06
-0.7998839948077945,-0.4578914293792629,0.1903881415132719,0.14705894396047947,-0.06691395205374163,-0.019228701022213215,-0.010529776163111518,0.007485987785137257,1.7090977062802953e-05,-0.003686355167212481,-0.00011526283462921083,-5.576088696969856e-06
-0.7984099394102964,-0.45855099715641523,0.19019900784900928,0.14754184917396848,-0.06576742842476178,-0.01850549123380117,-0.010566440439508072,0.007484873769670191,1.7047052542903677e-05,-0.0036663947609779177,-0.00011134901946829645,-5.5671383739322536e-06
-0.7969310110045075,-0.4591990139609837,0.1900169793587799,0.14802382249264934,-0.06461929410619394,-0.017781692859733005,-0.010602854606229192,0.007483801376105919,1.7002829351515118e-05,-0.003641383574694417,-0.00010718654272861423,-5.55701715762135e-06
-0.7954472188403079,-0.45983546332170777,0.18984206072732002,0.14850486955129955,-0.06346957593174662,-0.017057305765369783,-0.010638945446762409,0.007482773453136854,1.6958264460239934e-05,-0.0036090507048354378,-0.00010273916960133323,-5.547839187368897e-06
-0.7939585721072904,-0.4604603291326999,0.18967425657126533,0.1489849963371134,-0.06231830999590114,-0.016332336889864078,-0.010674695798138567,0.007481790127195646,1.6913332249383512e-05,-0.003575001518764291,-9.827912927517235e-05,-5.540733160669832e-06
-0.7924650799485811,-0.4610735957077889,0.18951356873623057,0.14946420934565435,-0.061165533866163205,-0.015607068824801566,-0.010710153836777061,0.0074808432899983075,1.6868132927807232e-05,-0.003545770049491942,-9.462998054128022e-05,-5.5319265648681534e-06
-0.7909667514478566,-0.46167524767200335,0.18936000035570716,0.1499425133902443,-0.060011278451022346,-0.014881378737182418,-0.010745385613596928,0.007479926953393959,1.6822724353366936e-05,-0.003523143715305714,-9.157967669197577e-05,-5.52347507151993e-06
-0.7894635956306146,-0.4622652698490266,0.18921355721200733,0.1504199122987545,-0.058855565901496674,-0.01415500239104548,-0.010780399221798184,0.007479045115308349,1.6777055019312035e-05,-0.003501326662487068,-8.81295499349396e-05,-5.515635677564425e-06
-0.7879556214806662,-0.4628436472873413,0.18907424387262192,0.15089641113632674,-0.05769841778573968,-0.013428057832314039,-0.010815134213932112,0.007478202404190982,1.6731074194497696e-05,-0.0034734648267336203,-8.421655246963775e-05,-5.5076079825172635e-06
-0.7864428379306466,-0.46341036533599145,0.18894206439611033,0.15137201535492156,-0.05653986382315819,-0.012700593100900479,-0.010849529768089922,0.007477401819694417,1.668473749681836e-05,-0.003439520766777386,-8.000356164388274e-05,-5.500471117483432e-06
-0.784925253857233,-0.46396540973102046,0.18881702248175097,0.15184673071839844,-0.055379941560913186,-0.0119726458909474,-0.010883591182256645,0.007476642524953552,1.6638030376051405e-05,-0.003406106494309577,-7.587423902663244e-05,-5.495381748596385e-06
-0.7834028780819339,-0.46450876659078444,0.18869912152440904,0.15232056284183726,-0.05421868748761878,-0.01124425198886111,-0.01091738260431198,0.007475921011159004,1.6590983533323295e-05,-0.003379107032637148,-7.209581207172485e-05,-5.490742885443645e-06
-0.7818757193847964,-0.46504042234578036,0.18858836275643584,0.15279351732023666,-0.05305612938430074,-0.010515632511993373,-0.010950953338755723,0.007475229352972046,1.6543715794332228e-05,-0.003357038109664939,-6.911000328554098e-05,-5.482614888143751e-06
-0.7803437864900997,-0.4655603636136713,0.18848475000726242,0.15326559775968665,-0.051892288493977735,-0.00978652723058196,-0.010984289055134643,0.007474571180429601,1.649617878816748e-05,-0.0033335361050939433,-6.576116147065669e-05,-5.475126156937095e-06
-0.7788070880783446,-0.46606857724991496,0.18838828647443054,0.15373680897499706,-0.05072718802497996,-0.009056996216865539,-0.011017323829133308,0.007473950634277661,1.6448322238730188e-05,-0.0033034416312658654,-6.199821685470669e-05,-5.4678687491057874e-06
-0.7772656327798761,-0.4665650504373387,0.18829897495221035,0.15420715621709905,-0.04956086001486514,-0.008327078485692908,-0.0110500129440174,0.007473369570908043,1.6400105423323946e-05,-0.0032688754534271358,-5.8049601748762065e-05,-5.462366438649105e-06
-0.7757194291713803,-0.4670497707504747,0.1882168179698753,0.15467664494691927,-0.04839334242394583,-0.007596803498220738,-0.01108238115160707,0.007472825773877468,1.635153769157175e-05,-0.003236784464446868,-5.4322629998774726e-05,-5.4581044145532815e-06
-0.7741684857794018,-0.4675227261246025,0.18814181767861066,0.15514528034960645,-0.04722466978202353,-0.006866214131585412,-0.01111449394411085,0.007472314967819372,1.6302666955305956e-05,-0.003211242731992586,-5.1023223659795365e-05,-5.45353948582638e-06
-0.7726128110851722,-0.46798390476095836,0.1880739760268306,0.15561306702105643,-0.046054867711891635,-0.00613533360762811,-0.011146386146324669,0.007471834929359464,1.625353158946834e-05,-0.0031891835076802134,-4.794618534011047e-05,-5.44738796740011e-06
-0.7710524135278028,-0.4684332950737552,0.18801329473176434,0.15608000928456833,-0.04488395697575077,-0.005404184160090458,-0.011178024129103209,0.007471386934477659,1.6204131913449855e-05,-0.003163761368945194,-4.474155907534499e-05,-5.439572674012744e-06
-0.7694873015014786,-0.4688708857318581,0.1879597754234507,0.1565461116387794,-0.04371196271070834,-0.00467277224103603,-0.011209342250884411,0.007470973462524674,1.615444349506207e-05,-0.0031317750556083576,-4.128898803154466e-05,-5.431209620734006e-06
-0.7679174833513699,-0.46929666575095164,0.1879134196693362,0.15701137895584372,-0.042538918947293614,-0.003941104321914363,-0.011240313910485331,0.0074705943860298,1.6104452016417155e-05,-0.0030971286131322552,-3.7849149566775614e-05,-5.424191345010949e-06
-0.7663429673741159,-0.4697106245355269,0.1878742288138969,0.1574758161674924,-0.04136486344298269,-0.0032092064093411626,-0.011270978561643078,0.007470245849717379,1.605418818678824e-05,-0.0030664275671703433,-3.479485105998029e-05,-5.418216187129501e-06
-0.7647637618230362,-0.47011275182584905,0.18784220391009762,0.15793942774396943,-0.0401898286362178,-0.0024771121411395255,-0.011301397036560043,0.007469923075105214,1.600370675979009e-05,-0.0030418097822294413,-3.221843403462917e-05,-5.41196210885743e-06
-0.7631798749143045,-0.4705030376102782,0.18781734572946382,0.15840221754856573,-0.039013838465902215,-0.001744851595021019,-0.01133158486471228,0.007469623932401021,1.5953053017763795e-05,-0.003018744978608401,-2.9855035548110758e-05,-5.403425900489586e-06
-0.761591314828548,-0.47088147209663483,0.18779965495516168,0.158864189150453,-0.03783691433162344,-0.0010124325218880705,-0.01136149528440846,0.007469349864903492,1.5902229970852953e-05,-0.0029910040079854476,-2.734732182016392e-05,-5.392800879632401e-06
-0.759998089706616,-0.4712480457723094,0.18778913274818723,0.15932534611891408,-0.03665908413800675,-0.0002798056044435928,-0.011391077783450164,0.007469106105757081,1.5851114090272766e-05,-0.0029582117251244207,-2.431618928267031e-05,-5.388416123347482e-06
-0.7584002076479734,-0.4716027494873284,0.1877857795923844,0.15978569303088663,-0.03548038266331152,0.0004529603099662983,-0.011420326955958878,0.0074688931979798685,1.5799690682091343e-05,-0.002924878843295143,-2.1230743778221946e-05,-5.384693922312396e-06
-0.7567976767088166,-0.47194557446543683,0.18778959521697053,0.16024523471514307,-0.03430084575113874,0.0011857855859595007,-0.011449287227481482,0.0074687036345917395,1.5748105102012006e-05,-0.002895988624591305,-1.889611532702943e-05,-5.374834243059718e-06
-0.7551905049079413,-0.47227651223409534,0.18780057945348266,0.1607039747947874,-0.033120503352690935,0.0019186765944293215,-0.011478007458632745,0.007468531156960796,1.5696452092023265e-05,-0.0028719845380255275,-1.7187419558530675e-05,-5.362535495818548e-06
-0.7535787002349357,-0.4725955545530806,0.18781873208355823,0.16116191619549652,-0.03193937810989292,0.0026516270850923214,-0.011506483870393488,0.007468373400723715,1.564478640970828e-05,-0.0028476025903570006,-1.5715209456223204e-05,-5.347376329867442e-06
-0.7519622706529282,-0.4729026934152731,0.1878440527801995,0.1616190616083613,-0.03075749248896728,0.0033846270081876475,-0.011534661897830265,0.007468231345215089,1.5593105431763405e-05,-0.0028177641473059547,-1.41450716982052e-05,-5.3312631819582495e-06
-0.75034122409592,-0.47319792112017195,0.1878765411772045,0.16207541393821145,-0.029574876251576777,0.0041176726609872885,-0.011562493710726167,0.007468105642178494,1.5541395905131787e-05,-0.0027831426725831486,-1.250975126540934e-05,-5.315629555554515e-06
-0.7487155684674441,-0.47348123034371026,0.18791619675852994,0.16253097632181462,-0.028391566145488906,0.004850746783260769,-0.011589987873285754,0.007467993351865224,1.5489689387200605e-05,-0.0027493776418068406,-1.1168425234754041e-05,-5.300148229002211e-06
-0.7470853116441686,-0.47375261412918246,0.18796301876861268,0.1629857516266528,-0.027207598178171897,0.005583821530851167,-0.011617197065909054,0.007467888749094574,1.5438058697709203e-05,-0.0027208807053625333,-1.0399665736919363e-05,-5.283951473302696e-06
-0.7454504614829027,-0.47401206581250704,0.18801700622855735,0.16343974201810174,-0.02602300096296478,0.006316871532697381,-0.011644159094851484,0.007467787037554181,1.5386581461739358e-05,-0.002696164452397976,-1.0110597612008622e-05,-5.2655266492134305e-06
-0.743811025826608,-0.47425957896540527,0.18807815793296986,0.16389294905204801,-0.02483779713542911,0.007049873324428301,-0.011670854889833892,0.007467686974849209,1.5335295567795233e-05,-0.002669541199798344,-9.945807046864517e-06,-5.244743451055683e-06
-0.7421670125044589,-0.4744951474162808,0.18814647262805245,0.16434537412927952,-0.023652011282403775,0.007782822416087765,-0.011697228864722848,0.007467589895309348,1.5284194320700516e-05,-0.002637359328839364,-9.647587456880908e-06,-5.223058990718749e-06
-0.7405184293295328,-0.4747187653285172,0.18822194892968808,0.16479701895112425,-0.022465675756052638,0.00851570501825107,-0.011723248512813858,0.007467495706558705,1.523328126758714e-05,-0.002601926790060738,-9.358611893192772e-06,-5.201109039692209e-06
-0.7388652840979753,-0.4749304272482392,0.18830458531695515,0.16524788534048887,-0.02127882810323188,0.009248504683144818,-0.011748938007007877,0.007467400750537962,1.5182594938888925e-05,-0.0025689115701417915,-9.435465216147183e-06,-5.179581211064856e-06
-0.7372075845940229,-0.47513012807371585,0.18839437996824732,0.16569797477116952,-0.020091502971507184,0.009981187809301044,-0.011774349586851415,0.007467299324793112,1.5132219248335719e-05,-0.0025411203675483967,-1.0082625876020618e-05,-5.156370777994655e-06
-0.7355453385917616,-0.4753178629716212,0.18849133140603958,0.16614728808992987,-0.018903727205883087,0.010713785989944633,-0.011799503213215923,0.007467184422766289,1.5082288147650982e-05,-0.0025153253521695428,-1.1430554098680471e-05,-5.128055062930261e-06
-0.7338785538731838,-0.47549362736086237,0.18859543736362142,0.1665958251134033,-0.0177155241771947,0.01144621981496067,-0.01182436906969492,0.007467057115830256,1.5032784578705477e-05,-0.002486548683458635,-1.267133520014138e-05,-5.100244200202271e-06
-0.7322072382202587,-0.4756574169421356,0.18870669544965538,0.16704358594355373,-0.01652692065096898,0.01217847660648018,-0.011848896465782166,0.007466919133188107,1.4983689828468506e-05,-0.0024527029501964937,-1.3739188945142555e-05,-5.072315421613961e-06
-0.7305313994063057,-0.47580922775868356,0.18882510382476742,0.16749057111028673,-0.01533795049430269,0.01291060960885675,-0.011873063061941889,0.007466766304807513,1.4935092345339925e-05,-0.0024166233294508023,-1.5224124638607139e-05,-5.040536193968477e-06
-0.728851045205871,-0.4759490562398911,0.1889506605019854,0.1679367807161765,-0.014148651780738966,0.01364260085804057,-0.011896901202584275,0.00746659262384305,1.4887062586834761e-05,-0.002383778202403627,-1.7309789468753788e-05,-5.008917418388772e-06
-0.7271661834021037,-0.4760768991571657,0.18908336319912586,0.16838221425333297,-0.012959058298230354,0.014374417635609026,-0.011920457779942563,0.007466392131205687,1.4839667420692853e-05,-0.00235562234870166,-1.9991403618122494e-05,-4.977803059375336e-06
-0.7254768217943326,-0.4761927535567351,0.18922320923714075,0.16882687050980805,-0.011769196550723863,0.015106018237928627,-0.011943741325818831,0.0074661614985230725,1.4792954808150215e-05,-0.002328319711128211,-2.300589138616084e-05,-4.945985215432993e-06
-0.7237829681935504,-0.47629661672889806,0.1893701966515334,0.16927074790558505,-0.010579090511599174,0.015837472698539933,-0.011966709106644057,0.007465897351994713,1.4746999835674476e-05,-0.0022967437728245244,-2.635782780658539e-05,-4.9108263712793e-06
-0.7220846304408319,-0.4763884862935004,0.18952432207094277,0.16971384453619662,-0.009388770017588165,0.016568639397088893,-0.01198931745986367,0.007465600948731832,1.4701783512788653e-05,-0.0022608015649990517,-2.958404265769784e-05,-4.876205657226239e-06
-0.7203818163950146,-0.476468360244893,0.18968558202898997,0.17015615879853296,-0.008198271563444607,0.017299506768401376,-0.012011564779485794,0.007465270501970778,1.4657318358890032e-05,-0.002224698767437322,-3.298893936608378e-05,-4.842612494708676e-06
-0.718674533934662,-0.47653623695664554,0.18985397297053683,0.17059768893504984,-0.0070076328988385094,0.018030063155375697,-0.012033492825938071,0.007464901925391931,1.4613639588895649e-05,-0.002192772039039896,-3.68024839949739e-05,-4.810551217016614e-06
-0.7169627909638222,-0.4765921151250099,0.1900294911286853,0.171038432710314,-0.005816886056128896,0.018760284917789423,-0.012055141279282191,0.0074644914339753584,1.4570787961029774e-05,-0.0021648133473530077,-4.099455511370638e-05,-4.779129520112665e-06
-0.7152465954167615,-0.47663599371138743,0.19021213251186186,0.17147838738950633,-0.004626056560796001,0.019490147983288155,-0.01207650593336481,0.007464037638272939,1.4528789283884756e-05,-0.002136434059710659,-4.53255947906519e-05,-4.74697361663207e-06
-0.7135259552592411,-0.4766678719455264,0.19040189289941806,0.17191755008143583,-0.0034351694773855916,0.02021962824460756,-0.012097544865335586,0.007463540922364842,1.4487653688671068e-05,-0.0021038624947005194,-4.9618244340118544e-05,-4.713511628071771e-06
-0.7118008784865182,-0.4766877493825461,0.19059876794858174,0.17235591802883968,-0.0022442557711440307,0.020948711874633597,-0.012118225437263087,0.007463000949185057,1.4447388949526401e-05,-0.0020680271424368597,-5.3944610467793114e-05,-4.679843996853594e-06
-0.7100713731227924,-0.476695625950195,0.19080275323198576,0.17279348854746,-0.0010533520587072047,0.021677388178339387,-0.012138560126933031,0.0074624153138064765,1.440801529549824e-05,-0.002033439583928529,-5.851147921297083e-05,-4.647230362651528e-06
-0.7083374472240498,-0.47669150193391313,0.19101384418202952,0.17323025874545697,0.00013750586971418192,0.022405640750245485,-0.01215859259541688,0.007461780341694219,1.4369567003998323e-05,-0.0020032181582282675,-6.344581882641542e-05,-4.615820135878846e-06
-0.7065991088833886,-0.47667537791718884,0.19123203595104152,0.17366622528834066,0.0013282885852683795,0.02313343963748001,-0.01217835112088086,0.007461093439113703,1.4332076713050001e-05,-0.0019758245735776495,-6.863955501653836e-05,-4.584482028623485e-06
-0.7048563662339513,-0.47664725473988956,0.19145732339808388,0.17410138452303867,0.0025189718101928603,0.023860753944906353,-0.012197819912731977,0.007460353800445535,1.4295568769242686e-05,-0.0019468519478578314,-7.391387938924878e-05,-4.5518772397158865e-06
-0.7031092274482188,-0.4766071335161264,0.19168970127168375,0.17453573271564368,0.003709529917883639,0.024587570979312474,-0.012216958259344634,0.007459561322088941,1.4260055935316861e-05,-0.001913808169146807,-7.919858135110098e-05,-4.518305117999722e-06
-0.7013577007375946,-0.47655501569228703,0.1919291641604386,0.17496926623905404,0.004899931134435953,0.025313872747373952,-0.012235746186772435,0.007458714777820302,1.4225554345772453e-05,-0.0018787670078622397,-8.460591908428793e-05,-4.484794166940233e-06
-0.699601794352826,-0.47649090307604963,0.1921757065709923,0.17540198140889943,0.006090139641846292,0.026039648909141174,-0.012254206220301241,0.007457811417741705,1.4192092928526127e-05,-0.0018459783967592928,-9.028826422025909e-05,-4.451932434208757e-06
-0.6978415165878519,-0.47641479780763585,0.1924293228016893,0.17583387426354694,0.00728012210681596,0.02676487671813957,-0.012272378797073177,0.007456848284232094,1.415970141488977e-05,-0.0018172335220471097,-9.626638829314559e-05,-4.41990693243367e-06
-0.6960768757832761,-0.4763267023024803,0.19269000692564353,0.17626494048488883,0.008469851517162572,0.027489531970814322,-0.012290279383052806,0.007455823519209136,1.4128408018861013e-05,-0.0017900352648212473,-0.00010243034366132526,-4.387532632245641e-06
-0.6943078803282728,-0.47622661922745707,0.19295775277100807,0.17669517555497927,0.00965930434477462,0.028213588384952953,-0.012307883465486221,0.007454736302107454,1.4098235210163371e-05,-0.0017603857489219242,-0.00010867637943444253,-4.354112273688568e-06
-0.6925345386602845,-0.4761145515326893,0.1932325540083525,0.17712457493084918,0.010848454186467552,0.02893702808056252,-0.01232515473431191,0.007453585537672041,1.4069207516764418e-05,-0.0017271052451026164,-0.00011503196518408694,-4.319773914440833e-06
-0.6907568592653281,-0.47599050250234787,0.19351440421757973,0.17755313401925327,0.012037268747114045,0.029659839805248056,-0.012342085108079026,0.007452369203230523,1.404134754485978e-05,-0.0016930166129703287,-0.00012158983333919793,-4.285850558455323e-06
-0.6889748506804284,-0.4758544757685599,0.19380329680772035,0.1779808480686817,0.013225713358780184,0.03038200458990464,-0.01235870286395539,0.0074510846260214545,1.4014682348979123e-05,-0.0016617557176839713,-0.00012841499324983002,-4.252705330053122e-06
-0.6871885214966144,-0.4757064752721631,0.194099225021335,0.17840771201518224,0.01441375702839176,0.031103504252118726,-0.012375041492507568,0.007449729673516551,1.3989232897434901e-05,-0.0016338438945533499,-0.0001354534179999042,-4.220289649933681e-06
-0.6853978803613779,-0.4755465052149828,0.19440218188349276,0.17883372056710228,0.015601374461180347,0.031824315393793295,-0.0123911042913189,0.0074483030246992295,1.3965016340440412e-05,-0.0016062618423815535,-0.0001426239577840974,-4.187987332888005e-06
-0.6836029359789707,-0.4753745700515945,0.1947121603081843,0.17925886832561644,0.01678854210410082,0.03254442474260351,-0.012406862011600718,0.007446803409428421,1.3942048977021924e-05,-0.0015757549233067084,-0.00014992152440595656,-4.1558189162096395e-06
-0.681803697111854,-0.47519067453064323,0.19502915299560017,0.1796831498488016,0.017975232478381006,0.03326380844409976,-0.01242228557147756,0.007445228888741371,1.3920354841194417e-05,-0.0015423398343753691,-0.00015741300457314676,-4.123836389263392e-06
-0.6800001725821698,-0.47499482373561774,0.19535315250414634,0.1801065595123219,0.019161412951093162,0.03398245018502426,-0.012437377442485624,0.0074435771314807055,1.3899956917424465e-05,-0.001509171915938593,-0.000165137613431869,-4.0926318640405246e-06
-0.6781923712743617,-0.47478702308252785,0.19568415124535823,0.1805290914211322,0.020347050159719667,0.034700333812062334,-0.012452167759763386,0.007441846346378364,1.3880874817772211e-05,-0.001479017525677648,-0.00017304136190432953,-4.061876460684541e-06
-0.6763803021369592,-0.47456727827744044,0.19602214148036567,0.18095073948515356,0.021532115103156415,0.03541744301130903,-0.012466681094039533,0.007440035414577055,1.3863115112360202e-05,-0.001451320212870412,-0.00018105699772747507,-4.032041948238116e-06
-0.6745639741837053,-0.4743355952810728,0.19636711524723838,0.18137149756226514,0.022716583483551007,0.03613375362364108,-0.01248091038322737,0.007438143108825515,1.384668566083918e-05,-0.0014229166969047381,-0.00018919536096546774,-4.003134210317393e-06
-0.6727433964938616,-0.4740919803157465,0.19671906443615356,0.18179135945926822,0.023900431085709734,0.036849248249103995,-0.012494825451925675,0.007436167321913326,1.3831605271413934e-05,-0.0013914956544364655,-0.00019754445435623988,-3.975152125740348e-06
-0.6709185782144808,-0.4738364399076542,0.19707798075165864,0.1822103188091679,0.025083629229044273,0.03756390566517779,-0.0125084060442634,0.007434105412905923,1.3817896490578767e-05,-0.00135804904122045,-0.0002061576508540076,-3.948385335517649e-06
-0.669089528563184,-0.4735689809155543,0.1974438557576656,0.18262836891057993,0.02626614517584051,0.03827770996943163,-0.01252166294098576,0.007431955529694101,1.3805576979646321e-05,-0.0013256805152095878,-0.00021495606793491478,-3.922336606613106e-06
-0.6672562568303178,-0.47328961051644947,0.19781668085433032,0.18304550281653867,0.027447946923057357,0.038990643744448765,-0.012534624747767004,0.0074297171487468765,1.379464621021335e-05,-0.0012961725557416245,-0.0002238068352823806,-3.897163478880603e-06
-0.665418772359753,-0.4729983361252094,0.19819645033219252,0.18346171333399675,0.02862900728488458,0.0397029942344895,-0.012547302547675046,0.007427387196616542,1.3785142024315703e-05,-0.0012677729306518285,-0.0002329649725014394,-3.872225534900193e-06
-0.6635770845956847,-0.4726951654673228,0.19858315422832487,0.1838769938157633,0.029809301702565735,0.04041433398371464,-0.012559683314272431,0.007424964807888847,1.3777062954638744e-05,-0.0012380706601505045,-0.0002422096442819411,-3.848685141156364e-06
-0.6617312030558552,-0.4723801065395479,0.19897678272938682,0.18429133709270862,0.030988804639026507,0.04112467505824717,-0.012571740244027416,0.007422447399285304,1.3770433163449888e-05,-0.0012056880537960073,-0.0002517126556873733,-3.8261283598777385e-06
-0.6598811373351124,-0.4720531676487541,0.19937732610630005,0.1847047356903277,0.03216748614447521,0.04183402335909125,-0.012583462902192475,0.007419832504318661,1.3765275014845537e-05,-0.0011722619886219245,-0.00026146232627441066,-3.8045838483233292e-06
-0.6580268971093586,-0.4717143574290602,0.1997847745819788,0.1851171817600601,0.03334531360451135,0.04254237274632357,-0.012594867746645462,0.007417119627467496,1.376159052116567e-05,-0.0011404817120030486,-0.00027126154938808875,-3.783605339488869e-06
-0.6561684921358363,-0.47136368481880037,0.20019911834825582,0.18552866734331155,0.034522256285192836,0.043249719459320116,-0.012605979407321789,0.007414309881609388,1.3759359566855538e-05,-0.0011111644132471717,-0.0002809494699031883,-3.763376698072448e-06
-0.6543059322512778,-0.47100115902587386,0.20062034748899182,0.18593918476873209,0.03569828775357907,0.04395605134780136,-0.012616804066235311,0.007411403268390673,1.375857775144435e-05,-0.0010824653118196097,-0.0002906372218222546,-3.7437198013313245e-06
-0.652439227349635,-0.4706267894733584,0.20104845542176444,0.18634872628729543,0.03687338388416359,0.0446616984645568,-0.01262732025586802,0.0074083942908469026,1.3759315476745201e-05,-0.0010516195099225648,-0.0003008747168292969,-3.7240846862872367e-06
-0.6505683874379437,-0.470240585930909,0.2014834307439875,0.18675728451243684,0.03804751775010811,0.045366175701774064,-0.012637506816990019,0.007405279830822773,1.3761603651742314e-05,-0.0010186578070072994,-0.00031142404316361594,-3.705417092597962e-06
-0.6486934226093846,-0.4698425584807274,0.20192526229890467,0.18716485093852747,0.03922065860640108,0.04606950547985833,-0.012647361948165955,0.00740205818111404,1.3765452480014067e-05,-0.0009855159671202174,-0.00032214409081517516,-3.6879994863788445e-06
-0.646814343046479,-0.46943271752233595,0.202373939060576,0.18757141668066737,0.04039277440336222,0.04677170014113615,-0.012656904678350699,0.007398730826813298,1.3770834580109235e-05,-0.0009542770014115845,-0.00033271560801271605,-3.6715485087552448e-06
-0.6449311590195772,-0.46901107374737927,0.20282945000362676,0.18797697304831495,0.041563835732832406,0.04747275931033531,-0.01266615376298351,0.007395300270709992,1.377770939824721e-05,-0.0009249135485551442,-0.00034303681643823664,-3.6560846769095795e-06
-0.6430438808829804,-0.46857763811289044,0.20329178405125084,0.1883815119033129,0.04273381682855951,0.04817267617043821,-0.012675108071143104,0.007391766239303294,1.3786074195901955e-05,-0.0008954370004506708,-0.0003533853706725496,-3.6413311863830868e-06
-0.6411525190746994,-0.46813242184206433,0.2037609300229613,0.188785025355715,0.043902692783226054,0.04887143717824735,-0.012683748690485865,0.0073881246649517155,1.3795976299678707e-05,-0.0008640692518151227,-0.0003641407177624227,-3.6270806546192894e-06
-0.6392570841215066,-0.46767543645048465,0.20423687661739878,0.18918750506235835,0.0450704359702235,0.049569026985824174,-0.012692060140545068,0.007384370896831274,1.3807468870537981e-05,-0.0008311534945461049,-0.0003753611787006255,-3.6134840906618685e-06
-0.637357586645252,-0.46720669376813456,0.2047196124007744,0.1895889418829641,0.04623701563879941,0.050265430581787784,-0.012700046421626964,0.007380503985468555,1.3820559216156725e-05,-0.0007986377719716616,-0.00038667659004024347,-3.6004259849075984e-06
-0.6354540373641411,-0.4667262059339279,0.20520912579885509,0.1899893263486629,0.047402400882724946,0.05096063360598738,-0.012707725267463423,0.007376527067322975,1.3835200975497633e-05,-0.0007678953869963825,-0.0003976783232244537,-3.5880775874229643e-06
-0.6335464470878256,-0.4662339853699341,0.20570540512671,0.19038864945333606,0.04856656358701896,0.051654624501216446,-0.012715108541892247,0.007372443213069365,1.3851350097716766e-05,-0.0007383393519243821,-0.0004083729590373121,-3.576279756110064e-06
-0.631634826712386,-0.465730044763851,0.20620843855575532,0.1907869029517239,0.04972947835501051,0.05234738670218655,-0.012722189790766687,0.007368250827193211,1.3869023257640048e-05,-0.0007081379130608751,-0.0004192271558681942,-3.5648797035597678e-06
-0.629719187221861,-0.46521439707749085,0.20671821407426322,0.19118407869469276,0.050891119559819065,0.05303889834247558,-0.012728952159615158,0.007363944229155519,1.3888287519287468e-05,-0.0006762510749649651,-0.0004306494472309963,-3.5540260592477376e-06
-0.6277995396954922,-0.46468705556970774,0.20723471951397596,0.1915801677412538,0.052051458866627306,0.05372914073263064,-0.01273538673490815,0.007359518896348041,1.3909193916451793e-05,-0.0006434729198901303,-0.00044252402905094955,-3.5438428697154526e-06
-0.6258758953138112,-0.4641480338085184,0.20775794258549588,0.1919751602256554,0.053210465801015704,0.054418100604187364,-0.012741501233336507,0.0073549758441796825,1.393172420419604e-05,-0.0006114664187786513,-0.0004542970562755378,-3.5342000386396826e-06
-0.6239482653576671,-0.4635973456607424,0.2082878708135985,0.19236904619556167,0.054368110605144154,0.055105759442059705,-0.012747310234607324,0.00735032021614933,1.3955808451871538e-05,-0.0005809178352234736,-0.0004655556875053028,-3.524996556674972e-06
-0.6220166612002096,-0.46303500526995994,0.2088244915995547,0.192761816560858,0.055524366118807206,0.05579210414198881,-0.012752819080638644,0.0073455549760175895,1.3981405416946972e-05,-0.0005509034114544693,-0.0004765179153716856,-3.5161280076994973e-06
-0.6200810943021076,-0.46246102704856484,0.20936779217477255,0.1931534630902712,0.056679206823883506,0.056477114984862804,-0.012758018863302155,0.007340676783605087,1.4008552499037806e-05,-0.0005199982005888781,-0.00048781418288816624,-3.5077558907874827e-06
-0.618141576215358,-0.46187542568938134,0.20991775960520637,0.19354397737964157,0.05783260628960157,0.057160771708069345,-0.012762896608304188,0.007335678743320065,1.4037333779310099e-05,-0.00048779562022965216,-0.0004998000619370285,-3.4997388798010435e-06
-0.6161981185926974,-0.4612782161835169,0.21047438079444927,0.19393334989599612,0.058984535771115246,0.057843055511038244,-0.012767449001388792,0.007330557466558073,1.4067786770309515e-05,-0.00045526163980031905,-0.000512124822928817,-3.492251626608346e-06
-0.6142507331924424,-0.4606694138243188,0.2110376425209895,0.19432157018182047,0.06013496538601456,0.05852395341104995,-0.012771684705584683,0.007325316759433755,1.4099858095194044e-05,-0.0004235939210429024,-0.0005240689365267622,-3.4851892176834504e-06
-0.6122994318736378,-0.46004903419538684,0.21160753137475602,0.1947086281252145,0.061283866424632655,0.05920344680627751,-0.01277561374872477,0.007319963375601033,1.4133457422338036e-05,-0.0003929289173683787,-0.0005353376256093244,-3.4784702354562e-06
-0.6103442265856464,-0.45941709315464047,0.21218403383797155,0.19509451486241716,0.062431212210491145,0.05988152373774667,-0.01277923659437646,0.007314499289839598,1.4168553754313455e-05,-0.00036231024573839954,-0.000546408814366647,-3.4722519639591277e-06
-0.6083851293648526,-0.45877360683373136,0.21276713621593676,0.1954792223610974,0.06357697677033003,0.06055816327236338,-0.012782544450327065,0.007308918923526477,1.4205216515545383e-05,-0.0003308124015669803,-0.0005580379097139083,-3.4661322292719735e-06
-0.6064221523418173,-0.45811859164976626,0.21335682464375214,0.19586274199999645,0.06472113293150077,0.061233344749335485,-0.012785529194750187,0.007303214769658492,1.424353488934535e-05,-0.0002985024377226015,-0.0005704177591951918,-3.4605906786463978e-06
-0.6044553077521171,-0.4574520643167213,0.21395308505564725,0.19624506372413275,0.06586365189139276,0.06190704619560379,-0.012788191535073825,0.007297385641119269,1.4283521188287793e-05,-0.00026626322330347443,-0.0005829163275076081,-3.4552256936412466e-06
-0.6024846079381555,-0.45677404184303716,0.21455590325248483,0.19662617675243277,0.06700450458526457,0.0625792543985626,-0.012790538767215505,0.007291438295161245,1.4325083662193746e-05,-0.00023475353128011567,-0.0005947391096370854,-3.4502736415700958e-06
-0.6005100653399551,-0.4560845415206897,0.2151652648939265,0.19700607115111698,0.06814366317132842,0.06324995546284394,-0.012792575931211603,0.007285380433098111,1.4368119457683773e-05,-0.00020374776558139976,-0.000605791692949967,-3.445624507923057e-06
-0.5985316924837786,-0.4553835809174682,0.215781155493059,0.19738473859297517,0.06928110104544617,0.06391913299441149,-0.01279430064105304,0.007279212138553226,1.4412621469183222e-05,-0.00017250339154099606,-0.000616835906615296,-3.4414353175916956e-06
-0.5965495019814161,-0.4546711778802786,0.2164035603776288,0.19776217135590773,0.07041679158947715,0.06458676487280378,-0.012795706433132261,0.007272925643706487,1.4458684433390583e-05,-0.00014061272335601596,-0.000628656961020787,-3.437555458338832e-06
-0.5945635065407289,-0.45394735054380175,0.21703246469950982,0.19813836063017642,0.0715507071084607,0.06525283024120677,-0.012796790121828138,0.007266513877329043,1.4506392392918774e-05,-0.00010840355163191156,-0.0006411851890692576,-3.434152228644917e-06
-0.5925737189757565,-0.45321211733358185,0.21766785349402895,0.1985132959790295,0.07268281916067586,0.06591731632652265,-0.01279755410472626,0.007259978723907729,1.4555713604652888e-05,-7.643411270838855e-05,-0.0006535249443556212,-3.4313328120861772e-06
-0.5905801522051135,-0.4524654969624494,0.2183097116314068,0.19888696664053632,0.07381309960096809,0.06658020718670482,-0.012798002485777508,0.007253329793024087,1.4606519082420758e-05,-4.4874972579850997e-05,-0.000664903656211905,-3.428924089209677e-06
-0.5885828192386063,-0.45170750842395735,0.21895802381930804,0.1992593633114383,0.07494152114180955,0.06724148650425592,-0.01279813612277342,0.007246574472138016,1.465870694975443e-05,-1.3401535213817546e-05,-0.0006755435532849606,-3.4270482778818944e-06
-0.5865817331663397,-0.4509381709909556,0.21961277458686604,0.19963047844655488,0.07606805689292465,0.06790113413106025,-0.012797952345116803,0.007239710160609862,1.4712302327112313e-05,1.833894610655495e-05,-0.0006864435262571939,-3.425778198414253e-06
-0.5845769071614535,-0.4501575042186056,0.22027394832698327,0.20000030467600066,0.07719267960160217,0.0685591327601897,-0.012797448635250093,0.0072327273425386515,1.4767420770314781e-05,5.033110210814706e-05,-0.0006982951603706458,-3.4249088288018724e-06
-0.5825683544936328,-0.4493655279476796,0.22094152928956942,0.2003688330226139,0.07831536149175887,0.06921546543109121,-0.012796625451988551,0.007225620613837954,1.4824123865318676e-05,8.227733485750988e-05,-0.0007106872387793043,-3.424561765621856e-06
-0.5805560885377812,-0.448562262303554,0.22161550154172735,0.20073605291490165,0.07943607483881483,0.06987011351253496,-0.012795484621697207,0.00721839556700021,1.4882333994778995e-05,0.00011404099009724075,-0.0007225200155054355,-3.4245728020926112e-06
-0.5785401227668862,-0.4477477276920897,0.22229584901153765,0.20110195400699052,0.08055479239083349,0.07052306389508423,-0.012794026205109546,0.007211064030324716,1.4941892463944751e-05,0.0001457986893126054,-0.0007331698571722959,-3.4250614924109525e-06
-0.5765204707356439,-0.4469219447994655,0.22298255544666795,0.20146652800566806,0.08167148709140525,0.07117429803398732,-0.012792248437721804,0.0072036319636816105,1.5002717272108487e-05,0.00017773290059765784,-0.0007432236567898629,-3.4258604506425926e-06
-0.5744971460712968,-0.44608493459430076,0.22367560443951567,0.20182976834207716,0.08278613156753536,0.07182379762303094,-0.012790150586041714,0.007196093581756622,1.5064872716725121e-05,0.00020974041732861663,-0.0007538560238476559,-3.427356875423097e-06
-0.5724701624812587,-0.44523671832852857,0.22437497944417947,0.2021916680255324,0.08389869813931378,0.07247154532027397,-0.012787734620900689,0.007188438418106095,1.5128485157518873e-05,0.00024155076273756955,-0.0007655351123735598,-3.4293186242717673e-06
-0.5704395337685556,-0.4443773175345419,0.22508066373503657,0.2025522180051023,0.08500915944229047,0.07311752123359154,-0.012785002714042714,0.007180663821012918,1.5193580060642765e-05,0.0002731439184355834,-0.0007774793845941894,-3.4318253859048357e-06
-0.568405273836676,-0.4435067540207242,0.2257926404318869,0.20291140782602657,0.0861174887556028,0.07376171021254985,-0.012781953801286758,0.007172779422480763,1.526003023636141e-05,0.00030484358656388834,-0.000788460373671858,-3.4344256977630543e-06
-0.5663673966768203,-0.44262504987172174,0.22651089251666176,0.2032692280318238,0.08722365951984519,0.07440409920457901,-0.012778583988472241,0.007164798054460724,1.5327665601038492e-05,0.00033693279550480907,-0.0007981580561925232,-3.4373149319649892e-06
-0.5643259163498309,-0.4417322274536592,0.22723540282690036,0.20362567166440812,0.08832764454169041,0.07504467271002542,-0.01277489106980179,0.0071567229387492865,1.5396440061299456e-05,0.0003692426197223032,-0.0008075335276031091,-3.4403743200214335e-06
-0.5622808469810603,-0.44082830941761436,0.2279661540513511,0.20398073319272264,0.08942941589173907,0.07568341277646409,-0.012770878077504096,0.007148545134134112,1.546646106332628e-05,0.00040124914673678305,-0.0008178031856856781,-3.4437814944398163e-06
-0.5602322027729656,-0.4399133186956369,0.22870312870949291,0.2043344059558743,0.09052894585863089,0.0763202993866261,-0.012766550600013095,0.007140254470485143,1.553785044061131e-05,0.00043269674610928166,-0.000829089930557633,-3.447650332369726e-06
-0.558179998054782,-0.4389872785667991,0.2294463030714854,0.20468668153336797,0.09162620788417482,0.0769547075258025,-0.012761914033559588,0.0071318557452262656,1.5610531992740575e-05,0.000463604779835851,-0.0008398968759858787,-3.452658843326815e-06
-0.5561242472332054,-0.43805021255061477,0.23019565525065677,0.20503754980693803,0.09272117634491328,0.07758682298996691,-0.012756965644775006,0.007123364458660067,1.5684294633493697e-05,0.000494786303770156,-0.0008491536491428363,-3.458635740851509e-06
-0.554064964776404,-0.4371021444199219,0.2309511644908975,0.20538700286414488,0.093813825420717,0.07821675976773329,-0.012751700424195265,0.007114794400125445,1.5758955180879782e-05,0.0005264689069873369,-0.0008570313681047841,-3.4649834137788266e-06
-0.5520021651972999,-0.43614309821379194,0.2317128107595032,0.20573503578506658,0.09490412804912639,0.07884458893928054,-0.01274611946648465,0.007106145870816982,1.583450148056678e-05,0.0005580420545449947,-0.0008648789557525637,-3.471808378886734e-06
-0.5499358630548108,-0.43517309824077693,0.23248057443901887,0.20608164462732695,0.09599205663232402,0.07947034921323096,-0.012740231392945328,0.007097408070767258,1.5911062257572115e-05,0.0005887529826335446,-0.0008738066176630468,-3.479167506220396e-06
-0.5478660729704442,-0.43419216906879243,0.23325443617359337,0.20642682368007326,0.09707758479957788,0.08009406454380018,-0.012734044268683131,0.0070885732657040715,1.5988729276746207e-05,0.000618657337539349,-0.0008835077620982007,-3.4868321558048864e-06
-0.5457928096411352,-0.43320033551363735,0.23403437678359887,0.20677056490333573,0.09816068819144187,0.08071575232002376,-0.012727556533056582,0.0070796476538028605,1.6067413463750217e-05,0.0006487178223759863,-0.000892589026997824,-3.4951277603982327e-06
-0.5437160878325705,-0.43219762264063166,0.23482037719075385,0.2071128601761948,0.09924134307259645,0.08133542361021938,-0.012720758118373116,0.00707064708916331,1.614690302749058e-05,0.0006797852287805701,-0.0009000847420083543,-3.504037056618589e-06
-0.5416359222871859,-0.43118405561772866,0.23561243216940622,0.20745370089455467,0.10031952228897768,0.08195446532165726,-0.012713647017440106,0.0070615865160759735,1.6226922764355293e-05,0.0007110535508937809,-0.0009060858000955442,-3.521076877442023e-06
-0.5395523278564652,-0.43015966006714756,0.23641052069904564,0.20779308795265122,0.10139520091457671,0.08257129525339738,-0.01270622488942247,0.007052459117811828,1.6307576667105708e-05,0.0007421558845956204,-0.0009127686095769505,-3.536014384917139e-06
-0.5374653194358247,-0.4291244618943097,0.23721462042418734,0.20813101916390167,0.10246835199264326,0.08318577660964958,-0.012698502069483178,0.00704325045403364,1.638905671989354e-05,0.0007722245684508898,-0.0009208955814899972,-3.5497192935019272e-06
-0.5353749119064897,-0.42807848709355384,0.23802472289138485,0.20846748650032068,0.10353894870727151,0.08379929875358846,-0.01269048790453333,0.007033957605503241,1.6471404003449183e-05,0.0008013585344754637,-0.0009293145071589135,-3.562624182711548e-06
-0.5332811202872421,-0.42702176206481374,0.23884080524682888,0.208802485741826,0.10460697007208401,0.08441042104512748,-0.012682173005884,0.0070245889789690595,1.6554512620186596e-05,0.0008314314461006127,-0.0009368926926149462,-3.575042814426467e-06
-0.5311839596543264,-0.4259543134668702,0.23966284371452864,0.20913601056206718,0.10567239324571745,0.08501905145740206,-0.012673541150092064,0.007015159862814089,1.663818856340736e-05,0.0008631268402198639,-0.0009429419180598962,-3.5870627514562907e-06
-0.5290834450418976,-0.4248761680619773,0.2404908287850132,0.20946805447250452,0.10673519067977341,0.08562661681215356,-0.01266458825236403,0.0070056789463656625,1.6722319799562656e-05,0.0008952307937677452,-0.0009481221399946107,-3.59887134617922e-06
-0.5269795915764216,-0.4237873530574435,0.24132473649370922,0.20979861940614758,0.1077953361533024,0.08623166847528305,-0.012655320926636255,0.006996134796475246,1.6807050219315624e-05,0.0009266732542910543,-0.0009544457687441898,-3.6103723089410952e-06
-0.5248724143553851,-0.422687895783509,0.24216455533693237,0.21012770060969635,0.10885280063489762,0.08683545074090088,-0.012645756268124456,0.006986515777859165,1.6892524766414296e-05,0.0009564060936379788,-0.0009619330175082677,-3.6216901693097432e-06
-0.5227619285999408,-0.42157782397711513,0.24301025964469705,0.21045529601791133,0.10990756180100948,0.08743654494278588,-0.012635894980146396,0.006976818257417581,1.697878606656847e-05,0.0009860685735357565,-0.0009697836024845531,-3.632909406228678e-06
-0.5206481495242998,-0.42045716546456735,0.2438618366478529,0.2107813959987351,0.11095959591484514,0.08803624209328491,-0.012625725382794642,0.0069670581667416916,1.7065626546135947e-05,0.00101689919102899,-0.000976040894665716,-3.644313268556285e-06
-0.5185310924495515,-0.4193259484854309,0.24471925975923572,0.21110599833515023,0.1120088813765795,0.08863315968251173,-0.012615227427192094,0.006957249220691511,1.7152871743662927e-05,0.0010497348193072983,-0.0009809265913876622,-3.6554150689725745e-06
-0.5164107726481245,-0.41818420140917634,0.24558251550809068,0.2114290984718687,0.11305538922733861,0.08922860880868064,-0.012604400451273721,0.006947394952467838,1.724046933418825e-05,0.0010826366916722142,-0.0009854589316806888,-3.6668686321762745e-06
-0.5142872054739972,-0.4170319530483207,0.24645157655673092,0.21175069928640008,0.114099092042401,0.08982119956175481,-0.012593257019093996,0.006937480069200201,1.732860968643728e-05,0.0011142820275871859,-0.0009915206790226405,-3.6781378415810844e-06
-0.5121604062655869,-0.4158692323723788,0.2473264247171567,0.2120707975781963,0.1151399620638259,0.09041184336174524,-0.012581808370477982,0.0069274873495597826,1.7417510384657527e-05,0.0011448032318429639,-0.00099930469820003,-3.6888844299367474e-06
-0.5100303904619126,-0.41469606869438913,0.24820703345986747,0.2123893888303521,0.11617797610521086,0.09099970522107213,-0.012570052301071166,0.006917420174238586,1.7507123280614826e-05,0.0011755449070777388,-0.0010067506158636158,-3.699709561890191e-06
-0.5078971734907259,-0.41351249142466645,0.24909338919637894,0.21270646339631485,0.11721311011282097,0.09158608059747572,-0.012557972693753715,0.006907299102175578,1.7597182090960563e-05,0.0012078984803672252,-0.0010121404689074293,-3.7108379428792425e-06
-0.5057607708589018,-0.412318530361008,0.24998546819952552,0.2130220186746613,0.11824533957758218,0.09216995700594549,-0.012545558737968154,0.006897142920014321,1.7687438556681017e-05,0.0012413332820593384,-0.001015651495621151,-3.722746554653279e-06
-0.5036211980332557,-0.4111142154942226,0.25088325470401485,0.2133360534326375,0.1192746353125659,0.09275212935189316,-0.012532814795420354,0.006886948843645736,1.7777922390162022e-05,0.0012743318934178242,-0.001019440950293643,-3.7347506529508203e-06
-0.5014784705536806,-0.409899577253297,0.2517867192748626,0.21364857150004224,0.12030096947742214,0.09333122750186218,-0.012519758590513014,0.00687669841857857,1.786885925618925e-05,0.0013055579100992305,-0.0010250759936361045,-3.7468826739802295e-06
-0.49933260392232837,-0.40867464616474575,0.2526958464137848,0.2139595678247267,0.12132431372998002,0.09390864440483876,-0.012506407018273352,0.006866383778866229,1.7960339674979598e-05,0.0013350943633344068,-0.0010314976849439307,-3.7593475240574455e-06
-0.4971836137364481,-0.40743945310058166,0.2536106107285829,0.214269038520919,0.12234464670689518,0.09448339175460364,-0.012492756118358405,0.006856017824457462,1.8052190575420122e-05,0.001365026971263441,-0.0010366292674578,-3.7725155347798235e-06
-0.49503151557809255,-0.40619402906859986,0.254530995339691,0.21457697749170174,0.12336194700815109,0.09505632073081914,-0.012478780754467997,0.006845619447087346,1.814417105593751e-05,0.0013974733753977346,-0.0010398715246714894,-3.78572059718103e-06
-0.492876325099033,-0.4049384055007545,0.25545696971519066,0.21488338645818905,0.12437619149811881,0.09562606394222031,-0.012464462363731388,0.006835195322306445,1.8236192294899435e-05,0.0014317761279000394,-0.001042446169804583,-3.79904393820554e-06
-0.49071805787399864,-0.40367261396578175,0.2563885174295143,0.21518826414455156,0.12538734806762436,0.09619403103260082,-0.012449814700593555,0.006824738155552046,1.83283395125331e-05,0.0014647033780559018,-0.0010457503226323967,-3.812508688890761e-06
-0.4885567295468295,-0.4023966864665532,0.2573256081512273,0.21549161496598201,0.1263953888395865,0.09675882893959896,-0.012434860968071407,0.0068142288375526985,1.842084462022779e-05,0.0014953101690261246,-0.0010509655450511215,-3.826131457572783e-06
-0.48639235572177214,-0.4011106550915299,0.2582682255724082,0.21579343367509332,0.1274002869652073,0.09732185988979707,-0.012419614060475094,0.006803663826067232,1.8513743725532017e-05,0.0015246275056465869,-0.0010565350108855624,-3.840074908059931e-06
-0.48422495210685174,-0.39981455231006924,0.2592163392474194,0.21609371845798184,0.12840202432658415,0.097881708710408,-0.012404053401244966,0.006793054145522887,1.8606895238149736e-05,0.0015560025957899808,-0.0010610019450112624,-3.854002467757418e-06
-0.48205453436334267,-0.3985084106834364,0.26016993273932143,0.21639246239705814,0.1294005773175388,0.0984397764484693,-0.012388153031637414,0.006782420788465016,1.8700033944366134e-05,0.0015899737411655078,-0.0010633694590853904,-3.8679410999717644e-06
-0.47988111821281726,-0.3971922632174529,0.26112897535891516,0.2166896687682375,0.13039592068425182,0.09899463589400607,-0.012371902062910679,0.006771767079751718,1.8793113148897994e-05,0.0016250337925407666,-0.0010654044570625977,-3.881990389293603e-06
-0.4777047192950442,-0.39586614306312673,0.2620934505251231,0.21698533721819818,0.1313880205005912,0.09954769758008288,-0.012355324699549409,0.006761082243621651,1.888625799535289e-05,0.0016576733108871868,-0.0010685171055766014,-3.8964222045180675e-06
-0.4755253533198025,-0.3945300838004813,0.2630633273129256,0.21727947219480384,0.13237684940717134,0.10009752550577017,-0.012338447073535397,0.006750348583739457,1.8979679646205067e-05,0.0016876994889125137,-0.0010733995154345705,-3.9111508151327046e-06
-0.4733430359563885,-0.3931841190834744,0.26403858894844895,0.2175720679722844,0.13336238227738517,0.10064553517002132,-0.012321275479454195,0.006739568236070205,1.907334780116585e-05,0.0017170962298607335,-0.0010780683096201053,-3.925791886859312e-06
-0.4711577829690849,-0.3918282829449008,0.2650192042545764,0.2178631231893764,0.1343446022372824,0.10119028472045782,-0.012303781347564588,0.006728756745392025,1.916706388964473e-05,0.001749350079545289,-0.0010811825013629717,-3.9406562641000515e-06
-0.4689696100600708,-0.39046260951832595,0.26600515627111354,0.21815263243686692,0.1353234847016134,0.10173319574343342,-0.012285939152590856,0.006717933918574961,1.9260577716468186e-05,0.0017841566253188614,-0.001082315850371617,-3.955714525227446e-06
-0.4667785329777605,-0.3890871333916976,0.2669964135743312,0.21844060093973414,0.13629900257743016,0.1022728200687174,-0.012267747659270491,0.006707097920771401,1.9353910023710196e-05,0.0018190866830975505,-0.0010836326980310934,-3.970533517314436e-06
-0.46458456738264464,-0.3877018892952722,0.26799295900502923,0.21872702926753115,0.13727112109959302,0.10281058470141978,-0.012249240460397257,0.006696235002424731,1.9447221504379087e-05,0.0018506573536026785,-0.0010863245972318133,-3.985731045486254e-06
-0.46238772900319053,-0.38630691237164433,0.2689947608490255,0.21901192188645968,0.1382398146068707,0.10334503328351534,-0.012230443122496049,0.006685330171624178,1.9540690915142843e-05,0.0018796712522918557,-0.0010905157961293643,-4.000975373382739e-06
-0.4601880335223448,-0.38490223782091526,0.27000180173481036,0.21929527290814643,0.13920506044527875,0.10387760057963719,-0.012211352497185442,0.006674391396433305,1.9634213815794096e-05,0.0019090000595878734,-0.0010939101226596828,-4.016449569037634e-06
-0.45798549664322286,-0.38348790107594166,0.2710140628513321,0.21957707898417225,0.14016684076393784,0.10440814209630307,-0.012191936958604332,0.006663440556612206,1.9727518011739412e-05,0.001941491634848933,-0.0010951163061673694,-4.031976568125177e-06
-0.4557801341234289,-0.3820639379949578,0.2720315102674222,0.21985734340255733,0.14112513473825003,0.10493514349032705,-0.012172168856526373,0.00665248980281086,1.9820449880957282e-05,0.00197674833460234,-0.0010951073300750154,-4.047644862428825e-06
-0.4535719616166564,-0.380630384575175,0.27305412500321097,0.22013606688493792,0.14207990907557644,0.10546010023888315,-0.01215206317032383,0.006641535570937754,1.991304712038019e-05,0.002010507071272687,-0.0010954547850561748,-4.063500878080586e-06
-0.45136099475278535,-0.37918727710971883,0.2740818869426648,0.2204132542543887,0.14303113177075463,0.10598289972999449,-0.012131659601992778,0.006630561356302959,2.000550346728046e-05,0.0020402954791464947,-0.0010974528249575479,-4.079662274293965e-06
-0.4491472491649277,-0.3777346521381578,0.27511477430928244,0.22068890711262537,0.14397877797352113,0.10650337670462948,-0.012110982175986993,0.00661955904534064,2.009791266353023e-05,0.0020676813794509906,-0.0011002622777345579,-4.09588961465147e-06
-0.4469307405014062,-0.3762725464065225,0.27615276401922834,0.22096302348655902,0.1449228306719856,0.10702139991936964,-0.012090014414999512,0.006608540638659246,2.01901237050517e-05,0.0020967151104272098,-0.001101871577097052,-4.112268361737057e-06
-0.4447114844092062,-0.3748009968841352,0.27719583204173914,0.22123560174152468,0.14586327309536867,0.10753687309880221,-0.01206871808624789,0.0065975278753657995,2.0281867293949638e-05,0.00212957229707712,-0.0011013068015115338,-4.128907033895775e-06
-0.4424894965023961,-0.37332004081393033,0.2782439537472565,0.22150664437756679,0.14680008079036896,0.10804973517399007,-0.012047076210600052,0.00658653088228084,2.0373018715169144e-05,0.002164127478018468,-0.0010997292697079559,-4.145458380732898e-06
-0.44026479234657256,-0.371829715737474,0.27929710407059916,0.22177615756852034,0.1477332220704549,0.1085599429390272,-0.012025113812443857,0.006575539067868674,2.0463700730243877e-05,0.0021961801379873436,-0.0010992109651119155,-4.162184520375023e-06
-0.438037387473826,-0.3703300594626777,0.28035525746132334,0.22204414683118642,0.14866266662371666,0.10906744926904735,-0.012002872904433878,0.006564534628490233,2.0554123922952056e-05,0.002224031393146153,-0.001100473151425945,-4.1789365556633095e-06
-0.43580729740843666,-0.3688211100028502,0.2814183879553048,0.222310613593456,0.14958839314078579,0.10957221323953753,-0.011980367319324446,0.006553513507605035,2.06443322566333e-05,0.0022504993435992645,-0.0011021410177556841,-4.19580198935095e-06
-0.4335745376740668,-0.3673029055527176,0.28248646929292826,0.22257555628548062,0.1505103872872388,0.1100742037850214,-0.011957567695350124,0.006542491702797232,2.07341310824164e-05,0.0022799035976572546,-0.001102209009773802,-4.21260051614065e-06
-0.4313391237725608,-0.3657754845271169,0.2835594749459745,0.22283897493155969,0.15142863213320062,0.11057339165162909,-0.011934433327720793,0.0065314895033816225,2.0823275662885853e-05,0.0023133784897223808,-0.001100247925387324,-4.229283858353347e-06
-0.42910107115515805,-0.3642388856188086,0.28463737815412354,0.2231008741979664,0.15234310126669068,0.11106975251032242,-0.011910957108141223,0.006520510730456365,2.0911715939884817e-05,0.0023475642423490526,-0.0010979047014484748,-4.2461354292669115e-06
-0.42686039521626884,-0.362693147811445,0.2857201519496882,0.22336126149024346,0.1532537621370043,0.11156326681421748,-0.011887175117783507,0.006509540014788129,2.0999631494867195e-05,0.002378141759083165,-0.0010970985084779305,-4.263072506129571e-06
-0.4246171113148999,-0.3611383103301393,0.28680776917346446,0.22362014223296295,0.15416058647433378,0.11205391726435464,-0.011863128467369042,0.006498560725646128,2.108722012735208e-05,0.002404608073876467,-0.0010979555088413131,-4.2797056558334285e-06
-0.4223712347993822,-0.359574412581718,0.2879002024491516,0.22387751740552167,0.1550635564224209,0.11254168202477624,-0.01183881832771296,0.006487574182715887,2.117446158760393e-05,0.0024309573196568935,-0.0010986805284776639,-4.296468525007038e-06
-0.4201227810069229,-0.35800149414829485,0.288997424289461,0.2241333859413649,0.15596265934348272,0.11302654739378241,-0.011814204195099723,0.0064765995638488665,2.1261126005936325e-05,0.002461357085212336,-0.0010974876279158405,-4.313189095922636e-06
-0.4178717652376622,-0.35641959484287516,0.29009940706232024,0.2243877495780371,0.15685787691981534,0.1135084959982137,-0.011789247610165168,0.0064656540574230025,2.1347008168229623e-05,0.002495602918537136,-0.00109457576995765,-4.329848465911083e-06
-0.4156182027298755,-0.3548287547650737,0.29120612302204946,0.2246406147233899,0.15774918020055037,0.1139875160460857,-0.011763954788465847,0.006454735160789097,2.1432133070269055e-05,0.002529227178105769,-0.0010919141919769025,-4.346729593863396e-06
-0.41336210866279255,-0.3532290142960813,0.29231754427735096,0.22489198936198726,0.15863653622221546,0.11446359526144063,-0.011738371551869258,0.006443824362645404,2.1516717558287696e-05,0.0025582691092740635,-0.0010911038740773348,-4.363472945825147e-06
-0.41110349818267533,-0.3516204140346512,0.29343364280408624,0.22514187833328772,0.15951991942033958,0.11493672242662828,-0.011712534093578619,0.006432908058262389,2.1600918337842575e-05,0.0025836916180369185,-0.0010916541220972599,-4.3802432703503104e-06
-0.4088423864232622,-0.35000299474285684,0.29455439047050663,0.22539028207394896,0.16039931525337256,0.11540688571741536,-0.011686429189207995,0.006421993158636868,2.1684652825879487e-05,0.002610436617652227,-0.001091513223849133,-4.396872672044464e-06
-0.406578788497875,-0.34837679736146937,0.29567975900148763,0.22563720020131237,0.1612747118045259,0.11587406713061225,-0.011660008217932784,0.006411100536870055,2.176767614625918e-05,0.0026420438557378826,-0.0010892848747418192,-4.413311355760661e-06
-0.40431271947033454,-0.3467418630772811,0.2968097200085522,0.2258826361153119,0.16214608845159623,0.11633825247196664,-0.011633239939891814,0.0064002430490008285,2.184983987826546e-05,0.0026767751732270305,-0.0010857708391723362,-4.429374692407867e-06
-0.40204419433597816,-0.34509823336985124,0.29794424501086647,0.22612659755982253,0.16301341376386844,0.11679943330922173,-0.011606145860974556,0.006389412291026494,2.1931242121823232e-05,0.0027093558369141856,-0.0010830972642456788,-4.445216561559845e-06
-0.39977322803280774,-0.343445949984771,0.2990833054136906,0.22636909252871554,0.16387665530893616,0.11725760168439633,-0.011578778647251268,0.006378588468707942,2.2012110054190647e-05,0.0027366697467591608,-0.001082403246551024,-4.461109045784198e-06
-0.3974998354695211,-0.3417850548585539,0.3002268725631438,0.22661012495084498,0.16473579102700103,0.11771275355092976,-0.011551165236282005,0.006367762522264462,2.20925471417456e-05,0.002761289833481129,-0.0010826152688257781,-4.476890097312976e-06
-0.39522403154022306,-0.3401155900779503,0.3013749176587134,0.22684969484416082,0.16559080949598892,0.11816487192491551,-0.011523277364531985,0.006356946648616701,2.2172411959108106e-05,0.0027887363626967468,-0.001081607519906549,-4.492447376244492e-06
-0.3929458311084302,-0.3384375979160798,0.3025274118009182,0.22708780273936913,0.16644169857256005,0.11861394238726612,-0.01149506230538286,0.006346161758390721,2.2251463136761246e-05,0.0028214557056538015,-0.0010785085721416593,-4.507804532275589e-06
-0.39066524897758714,-0.3367511209070362,0.3036843259893708,0.22732445369277926,0.16728843479292557,0.11905995257757102,-0.01146650051474133,0.006335415206186119,2.2329615312629207e-05,0.0028561295100373607,-0.0010746741181267712,-4.5230652001038224e-06
-0.38838229987963657,-0.33505620187710156,0.30484563113980706,0.22755965638614256,0.1681309848384861,0.11950289647384407,-0.011437628865549512,0.006324693371903118,2.2407020990617777e-05,0.0028871159214951545,-0.0010722017626467616,-4.5385404435421105e-06
-0.38609699849358403,-0.3333528838957441,0.3060112980770853,0.22779341836001066,0.16896931805908633,0.11994276927034732,-0.01140850229170533,0.0063139769196609245,2.24839011892892e-05,0.002912608801773325,-0.0010716631246167683,-4.553842665822451e-06
-0.38380935947347616,-0.3316412101970174,0.30718129751137374,0.22802574253047644,0.16980341656618228,0.12037956055973492,-0.011379134377728403,0.0063032620965395615,2.25602989214703e-05,0.002936743201801344,-0.0010714998061546223,-4.568885357843666e-06
-0.3815193974552584,-0.3299212241562478,0.3083556000568893,0.22825662867494934,0.1706332715084197,0.12081325696107932,-0.0113494827861707,0.0062925654019311,2.263602442132951e-05,0.0029651114650353703,-0.0010696864423796132,-4.583881346280637e-06
-0.3792271270344837,-0.3281929693471409,0.3095341762277755,0.22848607845809502,0.1714588695809926,0.12124384343238738,-0.011319495412436884,0.006281905932050306,2.2710856913746596e-05,0.0029986903249665862,-0.0010659633328105676,-4.599085158699837e-06
-0.37693256273890696,-0.32645648961673895,0.3107169964545226,0.2287140984100167,0.1722801842098239,0.12167131055210405,-0.011289168123308267,0.006271284970458365,2.2784783403253344e-05,0.0030326825127318276,-0.0010621118640517229,-4.614000644573292e-06
-0.3746357190256473,-0.324711829095987,0.3119040310600914,0.22894069766008257,0.17309718107327457,0.12209565170671846,-0.011258551809940646,0.006260684939895694,2.28580001523382e-05,0.003061585459796467,-0.001060018234132121,-4.629006978131185e-06
-0.3723366103053308,-0.3229590321297053,0.31309525029550944,0.22916588288602247,0.17390983257135123,0.12251686436075522,-0.011227698558809483,0.006250088638659846,2.2930701795567568e-05,0.0030852796359678142,-0.001059644887682587,-4.643740542273546e-06
-0.3700352509673067,-0.3211981432008763,0.31429062432694693,0.2293896559193212,0.17471812534985565,0.12293493972678342,-0.01119660552367243,0.006239498073220647,2.3002864329707132e-05,0.0031092584502371173,-0.0010590708829672447,-4.658395067538019e-06
-0.36773165537840796,-0.3194292069307991,0.31549012320923236,0.22961201660604316,0.1755220524032168,0.12334986130592569,-0.011165218499664804,0.006228932454174258,2.3074271800389104e-05,0.0031386578843542404,-0.001056575700439002,-4.672917581153723e-06
-0.36542583785632365,-0.3176522681537526,0.31669371690481074,0.22983296785532062,0.17632159831582617,0.12376161488827932,-0.011133491411126335,0.006218407402580116,2.3144751179165922e-05,0.0031726649903571686,-0.0010525183195785276,-4.6871471603936725e-06
-0.3631178126466996,-0.31586737198495873,0.31790137528031726,0.2300525174016882,0.177116733514152,0.12417019160041474,-0.011101438060583247,0.006207917925596808,2.3214355592808445e-05,0.0032052918085075763,-0.0010489602545863603,-4.701521941424831e-06
-0.3608075939290661,-0.3140745638059546,0.3191130680865915,0.2302706742962944,0.17790742395553324,0.12457558560363971,-0.011069119801094882,0.006197443873306756,2.3283306485454014e-05,0.00323178318135288,-0.0010474173063997698,-4.716008330687428e-06
-0.35849519584479267,-0.31227388917858073,0.3203287650141064,0.23048744396875467,0.178693646249122,0.12497779521511262,-0.0110365802257025,0.006186971700575073,2.3351754807410077e-05,0.0032539151551731847,-0.0010472289589733735,-4.73021690169374e-06
-0.3561806325172998,-0.31046539378031446,0.32154843567573044,0.23070282721595414,0.17947539150926722,0.12537681049810215,-0.011003798356775842,0.006176508954518256,2.3419620646838502e-05,0.003278144940326371,-0.001046285860785644,-4.74386864094462e-06
-0.35386391804296663,-0.30864912343047196,0.32277204954268696,0.23091682415562387,0.18025265350928504,0.12577261057894745,-0.010970712029694196,0.006166076023168376,2.3486681872557036e-05,0.003308591323285879,-0.0010433038417113547,-4.757107181423288e-06
-0.351545066462052,-0.30682512417669905,0.3239995760267857,0.23112943893845528,0.1810254139476478,0.12616518526700432,-0.01093728625875766,0.0061556837057098876,2.3552815783139226e-05,0.0033425363499146868,-0.0010392418381238915,-4.7706472116251425e-06
-0.3492240917422242,-0.3049934423484217,0.32523098448401083,0.23134068008359746,0.18179364068762424,0.12655453184484108,-0.010903553487989642,0.006145321153100834,2.3618139589013915e-05,0.0033732368999519202,-0.0010362648056416045,-4.78425009225512e-06
-0.3469010077929858,-0.30315412451604956,0.3264662441458547,0.23155055601449137,0.18255730128946468,0.12694064484625625,-0.010869580818589021,0.006134967378154449,2.3682880622426e-05,0.0033972271887105477,-0.0010353866183477694,-4.797886313062061e-06
-0.3445758284950676,-0.30130721739570315,0.327705324159339,0.2317590706864388,0.1833163774208885,0.12732351907067094,-0.010835398166012504,0.006124613465856181,2.3747134747635614e-05,0.003418225871798916,-0.0010353999872366787,-4.811438441231389e-06
-0.34224856771439377,-0.29945276780326047,0.3289481935421709,0.23196622396338712,0.184070864171839,0.1277031372079178,-0.010800966293591915,0.0061142719308131385,2.3810770889123892e-05,0.003443148300868608,-0.0010341618300830594,-4.824320211912146e-06
-0.33991923928506484,-0.2975908227057204,0.33019482124165134,0.23217201641857207,0.18482075478006488,0.1280794846379183,-0.010766220256102523,0.006103962593974669,2.3873575039513792e-05,0.003474565381735432,-0.0010309414659403278,-4.837021389066793e-06
-0.33758785698095667,-0.29572142931367046,0.3314451761410959,0.23237645331607565,0.1855660274339069,0.12845255222757382,-0.010731140943445265,0.0060936906021413495,2.3935490835094286e-05,0.003507893504949315,-0.001027206394577694,-4.849716584138425e-06
-0.33525443450711523,-0.29384463511353154,0.3326992270298408,0.23257954347735008,0.18630664823568302,0.12882233581838864,-0.010695778444603581,0.006083440255928155,2.3996687448278958e-05,0.0035362126248088496,-0.0010250413565027275,-4.862260329513954e-06
-0.33291898552078725,-0.2919604878003609,0.33395694261714925,0.2327812942057803,0.1870425877177804,0.1291888349974209,-0.010660199824182206,0.006073191446399468,2.4057379876762984e-05,0.003557825151965005,-0.001024887330293315,-4.874674979921941e-06
-0.330581523660116,-0.29006903518170446,0.3352182915217226,0.2329817078045732,0.18777383307197398,0.12955204212885457,-0.010624417048483846,0.006062940789504355,2.4117604145617224e-05,0.0035782410259573307,-0.0010250717315483907,-4.886884340886893e-06
-0.3282420625499943,-0.2881703251558655,0.33648324229908966,0.23318078340519974,0.18850038236398903,0.12991194429580952,-0.010588374712175502,0.006052704716602938,2.4177185645459697e-05,0.0036041975380292045,-0.0010236129073344338,-4.8988750532061024e-06
-0.32590061577963836,-0.2862644057880097,0.33775176337342316,0.23337852224569738,0.1892222270379685,0.13026852060750288,-0.010552010950631139,0.00604250082819998,2.4235934679842304e-05,0.00363634062597093,-0.0010203939340739164,-4.911038144610659e-06
-0.3235571968766099,-0.28435132539928804,0.3390238230997831,0.23357493054045017,0.1899393415181552,0.1306217636106947,-0.010515326078154539,0.0060323280397578056,2.4293864017514035e-05,0.003668452273942069,-0.0010172834258220297,-4.922973155948451e-06
-0.3212118193068058,-0.2824311325721103,0.3402993897357988,0.23377001693486088,0.1906516912671921,0.1309716710332764,-0.010478384978384095,0.006022166853375235,2.4351175822456293e-05,0.0036940754344307056,-0.0010161228161335877,-4.935094015287567e-06
-0.3188644965009579,-0.2805038760607935,0.3415784314737412,0.23396378719579938,0.19135925108934235,0.13131824370656625,-0.01044124842970459,0.006011999581685374,2.4408055403387276e-05,0.0037136206436665046,-0.0010167310435905549,-4.94704192491309e-06
-0.31651524188020574,-0.27856960470316006,0.3428609164069283,0.23415624194533502,0.19206201372508824,0.13166147067873044,-0.010403907707030556,0.006001828529878894,2.4464478601249884e-05,0.0037340383751109803,-0.0010171087425911774,-4.958754686260557e-06
-0.31416406885383136,-0.2766283674280307,0.3441468125422343,0.23434737983417359,0.19275997896885202,0.1320013347044477,-0.010366294920406808,0.005991672570312809,2.4520251093745472e-05,0.0037612452176466306,-0.001015599109326031,-4.970029098881038e-06
-0.3118109907924967,-0.2746802133490229,0.34543608784583796,0.23453720279019336,0.19345313525930155,0.13233782465121716,-0.010328357412329374,0.005981545625174875,2.4575228735053004e-05,0.003793717895430039,-0.0010126971864298925,-4.981122150513317e-06
-0.3094560210073851,-0.2727251918430147,0.3467287102055452,0.2347257176408505,0.19414145343192502,0.1326709348836681,-0.010290116851516975,0.005971440431037378,2.4629482409489743e-05,0.003824023657227877,-0.001010521644639737,-4.99251747838788e-06
-0.3070991727588065,-0.2707633525251097,0.3480246474229483,0.23491293228706858,0.19482489967993988,0.13300066610569988,-0.010251648413884764,0.005961335299504247,2.4683233575047644e-05,0.003846811693855984,-0.0010105150591785174,-5.0039421397080545e-06
-0.3047404592861247,-0.26879474514343826,0.3493238672234515,0.23509885060654506,0.19550345419754758,0.13332701689576232,-0.010213000291238663,0.005951216444532465,2.4736621927486756e-05,0.003864780465703086,-0.0010118871521700892,-5.01529888081216e-06
-0.3023798938279933,-0.26681941950748056,0.35062633722570297,0.23528347159934196,0.19617711479577565,0.13364997266054882,-0.010174142210549249,0.005941091707373374,2.4789568389140952e-05,0.0038857765868343577,-0.0010124750835160616,-5.0262667370667974e-06
-0.30001748961180635,-0.26483742552556644,0.3519320250273257,0.2354667936468197,0.19684588148213603,0.13396952129602374,-0.01013499911884518,0.005930980957173301,2.484187063276616e-05,0.003914278124287327,-0.0010110760008372945,-5.036993727537802e-06
-0.2976532598255982,-0.2628488133114105,0.35324089810646403,0.23564881942775984,0.1975097387692699,0.13428564543304158,-0.010095533437001439,0.005920893225190801,2.4893435339939143e-05,0.003946537628144174,-0.0010087737480272885,-5.047719122424948e-06
-0.29528721760346244,-0.26085363324184707,0.3545529238632414,0.23582955599735062,0.19816865453979227,0.13459834252165412,-0.010055788221374892,0.0059108155983218285,2.4944394576283146e-05,0.003974491416611409,-0.001007762877068064,-5.05812742648638e-06
-0.29291937604202517,-0.2588519359007906,0.35586806964659856,0.23600901002351282,0.19882259729156537,0.13490761787757685,-0.010015842853605197,0.00590072582711268,2.499497171415564e-05,0.003994506907976017,-0.0010089770672226121,-5.068367400839411e-06
-0.2905497482317203,-0.25684377196715413,0.35718630269915547,0.23618718329328728,0.19947155329702052,0.13521346500654383,-0.009975727788540356,0.005890615075005065,2.5045254322818168e-05,0.00401147686222506,-0.001011074959944052,-5.078400169244985e-06
-0.28817834726995456,-0.25482919216686767,0.35850759018903827,0.23636407333004997,0.20011552453618991,0.1355158696223415,-0.009935392430845656,0.005880496188974801,2.5095112957139867e-05,0.004033506425609912,-0.0010118880932912147,-5.088221402167253e-06
-0.2858051862434521,-0.252808247340354,0.35983189921490283,0.2365396785439293,0.20075450974033227,0.13581481417114008,-0.009894760800366045,0.005870388344027434,2.514435734435873e-05,0.004063134115430866,-0.0010107836354279448,-5.097729827831246e-06
-0.28343027820034505,-0.2507809885512954,0.36115919679460856,0.23671400228411252,0.20138848892521835,0.13611028767981007,-0.009853815213305809,0.005860294808338952,2.519295553846066e-05,0.0040945302022583575,-0.0010093523483440808,-5.106986978675152e-06
-0.2810536361435173,-0.24874746711721774,0.3624894498940568,0.23688705140798727,0.20201742811668338,0.13640229319781816,-0.00981261802427361,0.005850197851797713,2.5241077762758046e-05,0.004119690727216068,-0.001009694157970604,-5.116488792822901e-06
-0.27867527305449163,-0.24670773452621522,0.3638226253391995,0.23705883091422947,0.2026412996888316,0.13669082735022406,-0.009771246107021875,0.005840076402115679,2.528892865081778e-05,0.004137163756422647,-0.0010121432993232394,-5.1259187250676605e-06
-0.2762952019227641,-0.24466184232556984,0.36515868991260203,0.2372293403749662,0.2032600963159527,0.13697588707996983,-0.009729708061886841,0.005829927352216187,2.5336536302964927e-05,0.004153776735184569,-0.001014903164341769,-5.1351931793799285e-06
-0.273913435751036,-0.24260984210452152,0.3664976103467135,0.23739857612444937,0.203873822885835,0.1372574578101924,-0.009687936003354988,0.0058197674239872125,2.5383737801081976e-05,0.004177178359795863,-0.0010159907647368678,-5.144091259605233e-06
-0.2715299875317998,-0.24055178558722662,0.36783935332150924,0.23756653678834247,0.20448247535327296,0.13753552412933664,-0.009645859951155376,0.005809613564241741,2.543036686767496e-05,0.004207578107375614,-0.0010153836061692146,-5.152869783434701e-06
-0.26914487022209466,-0.2384877247346804,0.3691838854481759,0.23773322624475918,0.2050860291888188,0.13781007948585577,-0.009603485243855193,0.005799462848538938,2.5476447597858088e-05,0.004237443983066794,-0.001015068905408504,-5.161798731681995e-06
-0.2667580967456556,-0.23641771174358256,0.370531173258734,0.23789865069650465,0.20568444998485275,0.13808112683298143,-0.009560889555489102,0.005789294026538726,2.5522178801762256e-05,0.004259542339010713,-0.0010168793355027493,-5.170973016798819e-06
-0.2643696800216377,-0.23434179893921553,0.37188118321425667,0.23806281308290983,0.20627771538465728,0.1383486687752162,-0.009518140160825717,0.005779088812676363,2.5567732584926303e-05,0.004274913117956353,-0.0010205184066245595,-5.18003643115393e-06
-0.26197963299066473,-0.23226003867700076,0.37323388170749777,0.23822571082461247,0.20686582426173228,0.13861269634048795,-0.00947522161827447,0.005768850069382584,2.5613078731091135e-05,0.004291828073202816,-0.001023871222342029,-5.188927073924233e-06
-0.25958796861162675,-0.23017248335921256,0.37458923504687036,0.23838733937802545,0.20744878284430907,0.13887318939958684,-0.009432053688684947,0.005758597142929222,2.5658030212111385e-05,0.004316767050974469,-0.0010252893242371727,-5.197728211209087e-06
-0.2571946998341384,-0.22807918554671439,0.3759472094485272,0.23854769779101975,0.2080265830868374,0.1391301300742426,-0.009388579033607188,0.00574834323645871,2.5702457442408116e-05,0.004347439947527682,-0.001025387052508625,-5.206655179454886e-06
-0.254799839577861,-0.22598019804390457,0.3773077711041137,0.23870679024203645,0.20859919631414148,0.1393835198882833,-0.009344827286362626,0.005738079202773829,2.5746444707616398e-05,0.004375149462477131,-0.001026399543539928,-5.2154140764160625e-06
-0.25240340074363926,-0.22387557386350496,0.3786708861203018,0.2388646218120809,0.2091665893638293,0.13963336307250546,-0.009300885573602135,0.005727781769016254,2.5790205796852157e-05,0.004394146188965637,-0.001029739422504636,-5.224163748173057e-06
-0.25000539624516593,-0.22176536610408726,0.38003652058081205,0.23902119311994516,0.2097287461855128,0.13987966502087965,-0.009256805163421887,0.005717436837193737,2.5833867425209455e-05,0.004408016033030933,-0.0010344891611717012,-5.23286114383931e-06
-0.24760583902960728,-0.21964962787343897,0.38140464049741774,0.239176499560785,0.21028567110130755,0.14012241277938864,-0.00921254655390773,0.005707053166085311,2.587734653623065e-05,0.004425836115939551,-0.0010383629861667287,-5.24119262484793e-06
-0.24520474206586437,-0.21752841233948583,0.3827752118130755,0.23933053604088927,0.21083736993028435,0.14036158655449624,-0.00916802352517453,0.005696651272590032,2.5920450477873383e-05,0.004452278296958158,-0.0010401850347609063,-5.249359979204938e-06
-0.24280211831479126,-0.21540177285184745,0.3841482004249175,0.239483302137429,0.2113838297062016,0.14059717569924365,-0.009123197413501977,0.005686239387438621,2.5963098125193614e-05,0.004482586895461393,-0.0010411839747726211,-5.257654536220975e-06
-0.24039798071566734,-0.2132697630024748,0.3855235721490606,0.23963480204041365,0.21192501853475593,0.14082917985719862,-0.009078121336694703,0.0056758026767388834,2.6005420007361426e-05,0.004507583638470078,-0.0010436663656338651,-5.266019133822447e-06
-0.23799234220522372,-0.21113243655611474,0.3869012927310377,0.239785039277421,0.21246090623541292,0.1410576055828967,-0.009032885088750796,0.005665317568292568,2.6047624060154457e-05,0.004523600863228621,-0.0010485060718940548,-5.2744991702655984e-06
-0.23558521575020727,-0.20898984732247305,0.38828132788447983,0.23993401201600853,0.2129914837579992,0.14128245438624273,-0.008987518512053908,0.005654775378425451,2.6089785041167378e-05,0.004536633807282951,-0.001054214181336273,-5.28273785797459e-06
-0.23317661436047782,-0.20684204910882417,0.3896636432799143,0.24008171389421723,0.21351675968516642,0.1415037127545214,-0.008941960186891449,0.005644190267769617,2.61317712608305e-05,0.004555808797117068,-0.0010585061701574102,-5.290762447063732e-06
-0.2307665510696749,-0.2046890958031223,0.3910482044685474,0.24022813968445383,0.21403673777028037,0.1417213556990499,-0.00889612495988608,0.005633582237075614,2.617340052975138e-05,0.004583499227193777,-0.001060798005127769,-5.29852716662517e-06
-0.2283550389054893,-0.20253104149532403,0.39243497697557034,0.2403732895628265,0.21455139973535065,0.1419353780172955,-0.008849997317984283,0.005622953651551483,2.6214645792246586e-05,0.00461274097718143,-0.0010628533090219785,-5.3063866079763875e-06
-0.22594209088415484,-0.2003679405059981,0.39382392629379903,0.24051716738584947,0.21506071179455946,0.14214578769006964,-0.008803650802379314,0.005612284868981609,2.6255675506848546e-05,0.004634628512515969,-0.001066872910970989,-5.31427749710169e-06
-0.22352772003647672,-0.19819984728680515,0.3952150178772353,0.2406597748047405,0.21556464846029366,0.14235259404899178,-0.008757170132162845,0.005601553594537144,2.629667926221907e-05,0.004648044032129503,-0.0010731220802576717,-5.322225348264807e-06
-0.22111193943941246,-0.19602681629876015,0.39660821709800753,0.2408011075176123,0.21606320778238103,0.1425557898867805,-0.008710560046250402,0.0055907574375943835,2.6337673731808673e-05,0.004660985651065258,-0.001079610321084232,-5.329871528775686e-06
-0.21869476222012926,-0.19384890199949123,0.3980034892866705,0.24094115781139336,0.2165564010325863,0.1427553588931061,-0.008663741291475782,0.00557991490170824,2.637849235643673e-05,0.0046818526798619,-0.0010842481354755846,-5.3373110432123555e-06
-0.21627620152995053,-0.19166615895213923,0.39940079974433307,0.24107992065548625,0.21704422822939948,0.1429512862075551,-0.008616637502073574,0.005569043782391162,2.6418973757778336e-05,0.0047103563749346464,-0.0010871063299768575,-5.344809982807455e-06
-0.2138562705178375,-0.1894786419369069,0.40080011370149404,0.2412173967906386,0.21752666588776026,0.1431435663015625,-0.008569259203103276,0.005558140136041965,2.645914545144513e-05,0.004737807548140226,-0.001090358898267014,-5.352372804782789e-06
-0.2114349823336481,-0.18728640594314955,0.4022013963262293,0.24135358939409554,0.21800368007772963,0.14333220690133397,-0.008521695153220939,0.005547180729510315,2.6499198172190973e-05,0.004756382749328731,-0.0010959348641144374,-5.360157768304432e-06
-0.20901235015966288,-0.18508950604687316,0.4036046127091321,0.24148849792345453,0.2184752514325338,0.14351721186501806,-0.008474017570802439,0.005536146458285281,2.653928585459837e-05,0.004767736027621934,-0.0011034213468695533,-5.368090394447122e-06
-0.20658838723783735,-0.18288799730468142,0.40500972788494854,0.24162211575921094,0.2189413846439225,0.14369857244474335,-0.008426204511839015,0.00552504155823894,2.6579368993591837e-05,0.004781283729009298,-0.0011104842280520136,-5.375542682896373e-06
-0.20416310686461253,-0.18068193477884018,0.406416706864508,0.24175443427820223,0.21940209183065507,0.14387627206417908,-0.008378164899988456,0.005513887632258504,2.6619257589274716e-05,0.004803939169722395,-0.001115386741315798,-5.382966349453394e-06
-0.20173652236022452,-0.17847137366452281,0.4078255146067519,0.2418854490193837,0.21985736811291576,0.14405029592436921,-0.008329837912161495,0.0055026986813647245,2.6658827414388474e-05,0.004832676987526999,-0.0011188891022202285,-5.39035802197808e-06
-0.19930864700702697,-0.17625636930350294,0.4092361277228955,0.24201515881598862,0.220307184064413,0.14422181418653626,-0.008281256466211145,0.005491463993602229,2.6698163892836325e-05,0.004858122972517296,-0.00112346269741836,-5.397462920969586e-06
-0.19687949411535013,-0.17403697724699385,0.41064851895223925,0.2421435666758114,0.2207515076520936,0.1443904551917857,-0.0082325179078991,0.005480157661272255,2.673747463164505e-05,0.004873834267149525,-0.0011306271500094432,-5.404524250320447e-06
-0.19444907705463188,-0.17181325310992457,0.4120626584019671,0.24227067026107033,0.22119032636187752,0.14455596478904492,-0.008183677350599269,0.005468764521690638,2.6776871861972652e-05,0.004884034163201882,-0.001139307916089378,-5.4119639093951395e-06
-0.19201740927243713,-0.1695852524817621,0.4134785144103509,0.2423964611636345,0.22162365060121433,0.14471815882903133,-0.008134687659575304,0.005457294945773682,2.681626218121384e-05,0.00489894758443451,-0.0011469515529291664,-5.419290452875987e-06
-0.1895845042787614,-0.1673530309835886,0.4148960540911531,0.2425209303605943,0.22205149201398286,0.14487689929552872,-0.008085450682311198,0.005445772224711364,2.6855451894191242e-05,0.0049236763631075,-0.0011522659947845787,-5.426119860995433e-06
-0.18715037561111036,-0.16511664440400442,0.4163152437201106,0.24264407410641825,0.2224738403200973,0.14503209556481012,-0.00803592382734841,0.005434205733644681,2.6894359521126672e-05,0.00495266433169238,-0.0011566428922047424,-5.432707025343964e-06
-0.184715036818154,-0.16287614876376594,0.4177360490141714,0.24276589386104783,0.22289066353130838,0.14518370166375047,-0.007986167994516142,0.005422579136450504,2.693311149533145e-05,0.004975562248264094,-0.0011626534556620736,-5.439004789882193e-06
-0.18227850148053185,-0.1606316002354198,0.41915843519400814,0.24288639037376553,0.22330193183325808,0.1453316845442399,-0.007936283723392997,0.0054108664746695305,2.6971902055630106e-05,0.0049884061016802796,-0.001171259941853476,-5.445739889493638e-06
-0.1798407832469549,-0.15838305500013683,0.42058236703947494,0.24300555826686107,0.22370763959147735,0.14547600578596914,-0.007886302943970122,0.005399058972341876,2.701078928823325e-05,0.004998056925025898,-0.0011807440466710703,-5.452619238362025e-06
-0.17740189584735253,-0.15613056919609378,0.42200780897718326,0.24312338707281997,0.22410780111451908,0.14561661913799162,-0.00783615540233584,0.005387173464586341,2.7049630609081228e-05,0.005014733217005321,-0.0011885445838447602,-5.459418213195045e-06
-0.1749618530697544,-0.15387419901306493,0.4234347251061747,0.24323986767665187,0.22450242486226385,0.14575347676495093,-0.007785746136555551,0.0053752331843489815,2.708823833691253e-05,0.0050409058035931235,-0.0011940217554842927,-5.465800164444481e-06
-0.17252066872609212,-0.1516140008279153,0.42486307928965894,0.24335499724997592,0.22489149416522983,0.1458865527021585,-0.007735059359590752,0.005363241260283736,2.712658042014135e-05,0.005068657110890019,-0.0011991860513862799,-5.472085037556416e-06
-0.1700783566454474,-0.14935003123420287,0.4262928352007099,0.2434687772108676,0.22527497485562523,0.14601584189486821,-0.007684178597937168,0.0053511761626515025,2.7164811199367955e-05,0.00508805568552753,-0.0012065033811657724,-5.478728978369441e-06
-0.16763493070276297,-0.1470823469290739,0.4277239563326949,0.24358120649463127,0.22565284240568412,0.1461413423782297,-0.007633198393105924,0.005339013732578764,2.720310306946636e-05,0.005098000016957927,-0.00121623666402648,-5.4857152580289464e-06
-0.16519040485289685,-0.14481100457675036,0.42915640609002975,0.24369227728332982,0.22602509902564585,0.14626304658737838,-0.007582122964801543,0.005326752442321627,2.72414565498662e-05,0.005107522378184811,-0.0012261227216031766,-5.4927010839307475e-06
-0.16274479313439777,-0.1425360607967879,0.4305901477245475,0.24380197793455738,0.22639176176641332,0.1463809253335056,-0.007530863456237831,0.0053144145311313255,2.7279693842255647e-05,0.005125930513118939,-0.0012337847878184558,-5.499479539865759e-06
-0.16029810963822327,-0.14025757228584795,0.43202514443669243,0.24391030003289924,0.2267528348013805,0.14649496010254684,-0.007479335524295008,0.005302021098104847,2.7317645455214836e-05,0.0051527730499779005,-0.0012393368816875896,-5.506306526408522e-06
-0.15785036847658146,-0.1379755959409739,0.43346135935950386,0.24401724194033647,0.22710829569387328,0.1466051466952046,-0.007427552548292771,0.00528956824387914,2.735533078915e-05,0.0051782776440964864,-0.0012452789208756982,-5.513203397524841e-06
-0.15540158378631985,-0.13569018884865552,0.4348987555485998,0.24412280485701462,0.22745811042234665,0.14671149431759395,-0.007375614285074116,0.005277030450949083,2.739292758198782e-05,0.005193806459614358,-0.0012537727773694913,-5.520343464854021e-06
-0.15295176976359104,-0.13340140814696458,0.43633729602467963,0.24422698578246133,0.22780226158021108,0.1468140133354774,-0.007323600683651165,0.0052643871118189965,2.74305724453665e-05,0.005201340302048535,-0.0012643274328784117,-5.52794195696956e-06
-0.15050094069377787,-0.13110931090854702,0.4377769437804731,0.2443297747949824,0.22814075886927987,0.14691269753435565,-0.0072714865261816935,0.005251644391060563,2.7468210884583557e-05,0.0052113959578669305,-0.0012742656125017619,-5.535281830070221e-06
-0.14804911094432957,-0.12881395417021246,0.4392176617676525,0.2444311597823608,0.2284736202198438,0.1470075268205213,-0.007219170613772801,0.005238828235256461,2.7505644052448195e-05,0.00523157160759131,-0.0012816090628952749,-5.542477698554351e-06
-0.1455962949281464,-0.12651539507422457,0.44065941290957406,0.24453113360198897,0.2288008443503397,0.14709848791252914,-0.007166586469917999,0.005225955568973151,2.7542742786365925e-05,0.005258394975269887,-0.001287260013031761,-5.549346030319343e-06
-0.14314250707795273,-0.12421369096793342,0.44210216011354747,0.24462969578342889,0.229122403990415,0.14718558673677312,-0.0071137765647989884,0.005213015295393319,2.757957828738634e-05,0.005280971286979528,-0.0012940206730513652,-5.556105686949308e-06
-0.14068776182164053,-0.12190889928610285,0.44354587859136585,0.24472684442147183,0.22943826582807442,0.1472700713841147,-0.0070608450790633675,0.005199979321929417,2.761634185737606e-05,0.0052931294339414224,-0.0013035906620848534,-5.562707396492035e-06
-0.13823207371038568,-0.11960107755508027,0.44499052715752346,0.24482257782948413,0.2297484230846051,0.14735031283122701,-0.007007851324161905,0.005186832635381941,2.7653119054771366e-05,0.005299356391581275,-0.0013146619989086344,-5.570181668507464e-06
-0.135775457386067,-0.11729028321011362,0.44643606596049046,0.2449168840654743,0.2300528910850927,0.1474264365989764,-0.006954742428892407,0.0051735891145338764,2.7689803135045192e-05,0.005310870525155832,-0.0013243454216466334,-5.577350559134512e-06
-0.13331792752644592,-0.11497657360649034,0.44788246835103024,0.2450097486662084,0.23035168350636184,0.14749974619020484,-0.00690141389887197,0.005160275377764432,2.7726202060953834e-05,0.005332834196312784,-0.0013313669426725024,-5.584030462430562e-06
-0.13085949885888715,-0.11266000625014595,0.44932970419984153,0.24510116674657467,0.23064479387216308,0.14756988662844678,-0.006847821045794828,0.005146902431077942,2.7762234755087548e-05,0.005359266739310005,-0.0013372878393310681,-5.590180464616154e-06
-0.12840018613891488,-0.11034063886130628,0.4507777410833929,0.24519113916218296,0.23093219219464034,0.14763663988347753,-0.006794029424784833,0.005133452636943858,2.7798013462824582e-05,0.00537914371148626,-0.0013449725303160507,-5.596192608569983e-06
-0.1259400041707993,-0.10801852928450249,0.45222654502432663,0.24527966587726294,0.231213850806232,0.14769986907370933,-0.006740145946474969,0.005119897827698402,2.7833716477902553e-05,0.005388329528594294,-0.001355474049126773,-5.602415424598326e-06
-0.12347896784563483,-0.10569373533408472,0.45367608101837403,0.2453667399005149,0.23148976797725987,0.14775947790107813,-0.0066862037240523605,0.005106229296216418,2.7869384430089108e-05,0.005394204006397356,-0.0013668462930678245,-5.609187014649066e-06
-0.12101709215461054,-0.10336631474039185,0.4551263132266036,0.2454523485619863,0.2317599631805782,0.1478153713584148,-0.006632127771871794,0.005092467075203099,2.79048667556074e-05,0.005407577125779829,-0.0013762152158238302,-5.6163156006038445e-06
-0.11855439216097197,-0.10103632524897552,0.45657720531771734,0.24553648076114085,0.2320244495946812,0.1478674842352537,-0.006577817018877705,0.005078638294672867,2.7939972495550446e-05,0.005431057447611757,-0.0013828710759564594,-5.623352933404829e-06
-0.11609088296044241,-0.09870382476469877,0.45802872061421734,0.24561913264043403,0.23228321340808436,0.14791577979363973,-0.006523254835966765,0.005064747306775627,2.797466668118756e-05,0.005456200696697842,-0.0013890917136841925,-5.6299769472178245e-06
-0.11362657967288996,-0.09636887138264871,0.45948082215725633,0.2457003052244063,0.23253622214855008,0.14796024536463645,-0.006468529476873407,0.005050770844262228,2.8009090269694357e-05,0.005472518500154198,-0.0013976391247678523,-5.636653278960481e-06
-0.11116149747388011,-0.0940315232687885,0.46093347265928886,0.2457799968169239,0.23278345364276026,0.1480008655980983,-0.006413740273180366,0.005036682875938953,2.8043398832899394e-05,0.005478903066446406,-0.0014087897069200287,-5.643446152491058e-06
-0.10869565163176073,-0.0916918385165907,0.4623866346259403,0.24585819817187388,0.2330249140896118,0.14803762152262281,-0.0063588910574286246,0.005022482902951404,2.807757578532858e-05,0.005484904387040694,-0.0014199901681536077,-5.650907032011043e-06
-0.10622905751049747,-0.08934987513528043,0.4638402703130677,0.24593489584431433,0.23326062539825113,0.14807047355314437,-0.006303887634987176,0.005008196996158963,2.811144156400752e-05,0.005500325260762975,-0.0014285834876398946,-5.658435980160384e-06
-0.10376173053355978,-0.08700569117896124,0.4652943418245405,0.24601008015066209,0.233490595767352,0.14809939256839794,-0.006248640813270789,0.004993849835119747,2.8144831635847386e-05,0.005524665474659808,-0.0014347088028744204,-5.665698573169318e-06
-0.10129368614788259,-0.08465934487645596,0.46674881114719124,0.2460837491387846,0.23371480514582632,0.14812436997434922,-0.0061931643255455845,0.0049794380789992786,2.8177761114476387e-05,0.0055476323532527416,-0.0014411682109566398,-5.672512040139458e-06
-0.09882493982648534,-0.08231089461994191,0.4682036401926294,0.24615590416360852,0.2339332211183262,0.14814541668387438,-0.006137562802379712,0.004964934141754597,2.8210391411817345e-05,0.0055601360936955455,-0.0014503862765586773,-5.679220590069424e-06
-0.09635550707060904,-0.07996039876629121,0.4696588034820383,0.24622653924912755,0.23414582713716897,0.14816380776128457,-0.0060819156901596085,0.004950316099455917,2.8242845542568997e-05,0.005564695133968656,-0.0014617967750254705,-5.685874491029372e-06
-0.09388540348981851,-0.07760791559295493,0.47111427128787947,0.2462956444359588,0.23435263726200445,0.14817911487542362,-0.006026196062871668,0.0049355914979078985,2.8275062208832526e-05,0.005571946805751883,-0.0014724526752690587,-5.6927333706943776e-06
-0.09141464478904213,-0.07525350332273231,0.4725700110821628,0.2463632071096198,0.23455367349243572,0.14819104182384576,-0.005970300234995142,0.004920789547754457,2.8306850560158963e-05,0.005589567123265927,-0.00148018745517095,-5.699784427207124e-06
-0.08894324672524401,-0.07289722026433296,0.4740259884060303,0.24642921999929238,0.23474893791104298,0.1481993851768284,-0.00591416018469009,0.0049059296296471225,2.8338087562334725e-05,0.005613989684179051,-0.001485984137576576,-5.706446101807333e-06
-0.0864712250766817,-0.07053912491100035,0.47548216754464945,0.24649368309527847,0.23493840591049342,0.14820402735267224,-0.005857818452649294,0.004891000558052396,2.8368836141928685e-05,0.005634158143545995,-0.001492899397639435,-5.71241705239388e-06
-0.083998595655767,-0.06817927588624988,0.4769385119087673,0.24655659760314427,0.23512204816618176,0.14820490019350466,-0.005801384308833884,0.004875972949199043,2.8399257120014187e-05,0.005643399527053259,-0.0015027530848372025,-5.71843747166421e-06
-0.08152537434937586,-0.06581773178927909,0.47839498439146066,0.24661795843169257,0.23529985810199755,0.14820196290144155,-0.005744916300689638,0.004860831491767015,2.842942320694191e-05,0.005646786129918821,-0.0015141379262557516,-5.724819729843327e-06
-0.07905157714188438,-0.06345455110621774,0.4798515475330923,0.2466777534244073,0.23547185464970966,0.1481951724408755,-0.005688360025977806,0.004845592428402715,2.8459223741690526e-05,0.005655613009916329,-0.0015238984721376817,-5.731603987365658e-06
-0.07657722009409178,-0.06108979228080043,0.48130816359787915,0.24673597026679986,0.23563805743889468,0.14818448464119557,-0.00563160831355935,0.004830287015697074,2.8488468980063757e-05,0.005675157094753903,-0.0015305333079852948,-5.738350343406028e-06
-0.07410231929923208,-0.05872351386583309,0.4827647945773636,0.2467926037205763,0.23579846145478595,0.14816986617962355,-0.0055746179804234625,0.0048149284131325295,2.851707762141648e-05,0.005699019518359113,-0.0015358521775744771,-5.744767809347624e-06
-0.07162689086280148,-0.0563557745913269,0.4842214021783945,0.24684765525803312,0.23595303812518198,0.1481513013314462,-0.0055174588138482816,0.004799498123812121,2.8545145916389386e-05,0.0057159031660984315,-0.0015430207686269208,-5.750899938068396e-06
-0.06915095092708451,-0.05398663327232783,0.4856779478836377,0.2469011254755909,0.23610176219619108,0.1481287871685734,-0.0054602401559524965,0.0047839667864155895,2.857282802970923e-05,0.005721852526662286,-0.0015531255384292932,-5.7567366706937265e-06
-0.06667451571300445,-0.05161614865349235,0.48713439302233397,0.24695300749877924,0.23624463546414734,0.14810231496756843,-0.005402993414678865,0.00476832695226476,2.8600148390453114e-05,0.005724661080373636,-0.0015639751842617773,-5.762952188373868e-06
-0.06419760153299618,-0.04924437935862427,0.4885906987620523,0.24700328853535672,0.23638168109754606,0.1480718568858848,-0.005345639766069492,0.0047526024427814164,2.86269623205076e-05,0.00573535209788084,-0.0015724426507207332,-5.769484640902881e-06
-0.061720224759246815,-0.046871383997076556,0.49004682614088546,0.24705195792642332,0.23651291509164774,0.14803738434546007,-0.005288076750394854,0.004736824014319828,2.865309352040152e-05,0.00575628917059458,-0.0015778344382591108,-5.776073602643072e-06
-0.0592424017798354,-0.044497221310415454,0.49150273612922685,0.24709901312185445,0.2366383256695232,0.14799888945658993,-0.005230290092813705,0.00472099708833948,2.8678508874595408e-05,0.005778653741074098,-0.0015826840771133183,-5.782160450817827e-06
-0.056764148989380134,-0.0421219502005441,0.4929583896557986,0.24714445693460851,0.23675788250261093,0.14795638465937594,-0.005172371741642721,0.004705097074347256,2.8703333327475406e-05,0.005791823418879246,-0.0015899928039645583,-5.787702011404129e-06
-0.05428548282272578,-0.03974562960501673,0.4944137476396725,0.24718828912886162,0.23687156645560883,0.14790988715807057,-0.005114422236873428,0.004689097073363712,2.8727694075038682e-05,0.005794939036113449,-0.0015999914649854079,-5.79338374597779e-06
-0.05180641976130422,-0.03736831831089162,0.49586878390919814,0.24723049862414895,0.2369793857654025,0.1478606886412172,-0.005056438822645437,0.0046729983571382715,2.8751571422782545e-05,0.00579833024736408,-0.0016098629488432005,-5.7991772739322855e-06
-0.04932697644205322,-0.034990075084118444,0.49732344210812846,0.24727107987445474,0.23708137203247637,0.14780575442377078,-0.004998320899805631,0.004656827374804969,2.8774813944709927e-05,0.005811781443221977,-0.0016170894831000681,-5.805535316984651e-06
-0.046847169502000345,-0.032610958662604835,0.49877768354613117,0.24731002012761774,0.23717753127619448,0.1477468384526391,-0.0049399807882130236,0.004640612950218577,2.879726590894219e-05,0.005834000723663099,-0.001621433597257444,-5.812014561931905e-06
-0.044367015578211884,-0.030231027934451645,0.5002314703718088,0.24734731913722224,0.23726784470507006,0.14768402924720592,-0.004881436344959789,0.0046243527715911495,2.881893677601313e-05,0.005854434288037162,-0.0016260088995285612,-5.8178304328775175e-06
-0.041886531342976235,-0.027850341959512182,0.5016847515705681,0.24738298398915048,0.23735228541854364,0.14761602823254852,-0.004822791631841036,0.004608014757888477,2.8839979442414677e-05,0.0058644615999090734,-0.0016337923487353887,-5.8231399297630756e-06
-0.039405733478933024,-0.025468959746265663,0.5031374920021278,0.24741700915046608,0.23743083742674279,0.1475444391186532,-0.004764132309388006,0.004591578187776404,2.886048075660986e-05,0.005865922816831109,-0.0016436479556910214,-5.828691028187324e-06
-0.036924638779093376,-0.023086940204354263,0.5045896433250819,0.2474493882578278,0.2375035210061868,0.14746793713980466,-0.00470542575750376,0.0045750510048523565,2.8880389059015762e-05,0.005870646065541178,-0.0016527091937671506,-5.834439668694509e-06
-0.03444326407155841,-0.020704342110080886,0.506041172320107,0.2474801054136884,0.23757035734508303,0.14738801901660353,-0.004646565112033353,0.004558468723355134,2.889952413415674e-05,0.005886055810241212,-0.0016582189694138525,-5.840372362630082e-06
-0.03196162623791972,-0.018321224329224457,0.507492032050277,0.24750915839238224,0.23763135387442208,0.14730330166634245,-0.0045874776190804765,0.00454185122165491,2.8917788731240325e-05,0.005908740986351637,-0.001661740891834097,-5.845887449581788e-06
-0.02947974211842978,-0.015937645855209022,0.5089421901516428,0.2475365459442945,0.23768648310481535,0.14721525262166868,-0.004528212374956752,0.004525188624231546,2.8935227283995677e-05,0.005926516508331413,-0.0016662503838499234,-5.8507080963918886e-06
-0.026997628589959292,-0.013553665816974288,0.5103916004255331,0.24756227540712858,0.23773572046679875,0.14712250792840695,-0.004468882009311578,0.004508447378372245,2.895198459226275e-05,0.005933028997312394,-0.0016741151854179283,-5.855406279604983e-06
-0.024515302548970632,-0.011169343254146442,0.5118402311087912,0.2475863400510631,0.2377790584570695,0.1470265238586521,-0.004409549243776757,0.004491614103265909,2.8968107049698422e-05,0.005933269300094158,-0.0016833180820889054,-5.860415715432981e-06
-0.02203278099727915,-0.008784737088657785,0.5132880365385095,0.24760873285232776,0.23781652330074443,0.146925901306145,-0.004350152952672175,0.004474705952764005,2.8983501442187594e-05,0.005939622210675044,-0.0016908055758941619,-5.866085467279893e-06
-0.019550080956827358,-0.006399906141420213,0.5147349854222537,0.24762943967112241,0.23784813418619924,0.14682206159705513,-0.004290583533039133,0.004457760162291569,2.8997997060190867e-05,0.005956935491006373,-0.001694569495467336,-5.871648913034431e-06
-0.017067219480898174,-0.0040149093493727995,0.5161810326018232,0.2476484614917253,0.23787389154515245,0.1467136113816764,-0.004230794713248503,0.004440789466849696,2.9011538007843314e-05,0.0059788759561241935,-0.0016970599104599536,-5.876594802115698e-06
-0.014584213572308023,-0.0016298057781284842,0.5176261472497516,0.24766579936882788,0.23789376436673057,0.1466019987297476,-0.004170863416104227,0.004423776231727069,2.902419951791759e-05,0.005993124104300277,-0.001701313820307648,-5.880820842267469e-06
-0.012101080269454619,0.0007553454208519225,0.5190702846136369,0.2476814605613237,0.23790773280987865,0.14648585064278286,-0.004110901405253004,0.004406687330068838,2.9036112293894098e-05,0.005996195827169458,-0.0017088804484413648,-5.885037236539273e-06
-0.00961783663257736,0.003140485225494392,0.5205134141889953,0.24769543707559824,0.2379157982033205,0.14636660004167873,-0.0040509429570788485,0.004389517971134866,2.904728007579657e-05,0.005995839907522187,-0.0017169261547988826,-5.8899042357698474e-06
-0.007134499814427165,0.005525554742734678,0.5219554916063459,0.24770772188407011,0.23791799097589253,0.14624284738001672,-0.003990902272008588,0.0043722931310246575,2.905758908279513e-05,0.006004063992565729,-0.0017224742325748375,-5.895073779363174e-06
-0.004651086967373522,0.007910495145264306,0.5233964865895567,0.24771830337101441,0.23791432653845437,0.14611598729920486,-0.003930675247346337,0.004355048852327585,2.906688961139376e-05,0.006022698409613923,-0.001724418027966973,-5.900039957954858e-06
-0.00216761525220994,0.010295247470882691,0.5248363550433823,0.24772718591803242,0.23790479848021548,0.14598463619861315,-0.003870245752780549,0.004337789289659925,2.9075166386900164e-05,0.006042945860996257,-0.0017259463669001018,-5.904343739718842e-06
0.0003158982279210707,0.012679752640619126,0.5262750668805756,0.24773437251438726,0.2378893743884218,0.14585021370471318,-0.003809713294160779,0.00432049037524505,2.908251343609939e-05,0.0060532426831948,-0.0017298815095493172,-5.908038772453066e-06
0.002799436335989442,0.015063951546021958,0.5277125782606829,0.24773986993842673,0.2378680410059848,0.14571136241819327,-0.0037491799341311588,0.004303121766273337,2.908903776422129e-05,0.006053333191655428,-0.0017368509589828886,-5.911935324502092e-06
0.005282981914047295,0.017447785241644437,0.5291488592806832,0.24774366921421193,0.2378408082801125,0.1455694790532416,-0.0036886484895994475,0.0042856879552638115,2.9094711509934083e-05,0.006053142018490708,-0.0017433711560402496,-5.91610439500439e-06
0.007766517729415153,0.019831194911519263,0.5305838663361198,0.24774576404900664,0.23780770878999216,0.14542317743066444,-0.0036280143867015477,0.0042682197732562275,2.9099411246149666e-05,0.006063408281598452,-0.0017468082317446223,-5.920459510932958e-06
0.010250026572478175,0.022214121767352137,0.5320175696551597,0.24774614596674147,0.23776875267788178,0.14527382839695996,-0.0035671870837593275,0.0042507492929978385,2.9103018537224394e-05,0.006082728759582159,-0.001747038018662062,-5.924444206535172e-06
0.012733491246710348,0.024596506875760215,0.53344992586234,0.2477448226388715,0.23772392730807945,0.14512007515355743,-0.0035061821583349966,0.004233271273265911,2.9105555427011906e-05,0.006100491468176936,-0.0017477919403953025,-5.9277263661282376e-06
0.015216894617583602,0.02697829121015591,0.534880905310112,0.24774179841355698,0.23767320109280515,0.14496331184458272,-0.003445114509736777,0.004215756974049359,2.9107123560919394e-05,0.006106764199261373,-0.0017514198887975715,-5.930531191986854e-06
0.017700219517786095,0.029359415772411634,0.536310464815404,0.24773707915398482,0.2376165686942957,0.14480219989813992,-0.0033840682975277256,0.0041981813149146755,2.910780243260569e-05,0.006104620937202543,-0.0017575559000346218,-5.93347162815406e-06
0.020183448763199975,0.03173982175112546,0.5377385748707465,0.24773065519146678,0.23755404765676844,0.14463810462582294,-0.003323014472894991,0.004180558222989749,2.9107536241211314e-05,0.006105382576687041,-0.0017622991944252749,-5.936584492150978e-06
0.022666565116294873,0.03411945045372327,0.5391651924988228,0.24772252165798603,0.2374856704609657,0.14446966120552893,-0.0032618370793579495,0.0041629219931024735,2.910620270440455e-05,0.006117739911927513,-0.001763612991658613,-5.939939097244427e-06
0.02514955138538434,0.03649824317623568,0.540590288234654,0.2477126735975725,0.23741144083475252,0.14429821188913278,-0.003200466483899102,0.00414529830246805,2.9103718219385087e-05,0.006137060579890323,-0.0017623590616911305,-5.942917094789254e-06
0.02763239041007476,0.03887614106889417,0.5420138192375121,0.2477011216106758,0.2373313410474542,0.14412242772991646,-0.003138949187603388,0.004127672589206429,2.9100135922699348e-05,0.006151731113319102,-0.0017625613372581114,-5.945051595654001e-06
0.03011506509301359,0.04125308522165898,0.5434357561050488,0.24768787071282122,0.2372453425139524,0.14394367501376684,-0.003077407109009021,0.004110013858255211,2.9095554601288293e-05,0.006154209748348161,-0.001765863142220312,-5.9467653745910566e-06
0.03259755830537135,0.043629016808429795,0.5448560561807656,0.24767292558495532,0.2371534485312174,0.1437606391782172,-0.0030158996159730662,0.004092304174922715,2.9090020053196636e-05,0.006150751575334504,-0.0017709584288219964,-5.948965869540776e-06
0.035079852908529496,0.04600387720125846,0.5462746901948026,0.24765627629816278,0.23705568264488386,0.14357465172051742,-0.002954367805017083,0.004074566115937899,2.9083455453405848e-05,0.006153183778144013,-0.0017737960365592383,-5.9514915035643415e-06
0.03756193173392511,0.04837760787024021,0.5476916156913624,0.24763792003537782,0.23695207496353993,0.14338437572641793,-0.0028926927860403765,0.004056834556289501,2.9075753946399214e-05,0.006167505030819651,-0.0017731461365885868,-5.954008844634085e-06
0.04004377767995579,0.05075015023698164,0.5491068034946406,0.24761785542564363,0.23684262215301102,0.1431911345359237,-0.0028308316371365044,0.0040391268287261394,2.9066871803573864e-05,0.006186118487824403,-0.0017707629643667932,-5.95572701377531e-06
0.04252537368976227,0.053121445586618625,0.5505202112868075,0.24759609536462943,0.23672730290911215,0.14299362712416155,-0.0027688587812530418,0.004021420017334198,2.9056880856146905e-05,0.006197289616943864,-0.0017706714025084375,-5.956709342882552e-06
0.04500670274472022,0.05549143517643949,0.5519317970435423,0.24757264818603902,0.23660609692615936,0.14279190313902032,-0.002706890364373229,0.004003680146981823,2.9045875124802093e-05,0.006196846106057225,-0.0017739773740708706,-5.957508081073101e-06
0.04748774784149186,0.0578600604089957,0.5533415335493629,0.24754750996859304,0.23647900905172337,0.14258745172651202,-0.002644961316075495,0.003985902336983826,2.903386030436208e-05,0.006192909631410547,-0.0017777714206839719,-5.958672596814776e-06
0.04996849193206462,0.0602272628712944,0.5547493802150008,0.24752067767364103,0.23634607331268845,0.1423789222370325,-0.002582983068359931,0.003968112642567815,2.9020758910872523e-05,0.006197829983960788,-0.0017789599401526572,-5.960295870576746e-06
0.052448917981344635,0.06259298422306007,0.5561552961784771,0.24749214770387692,0.23620731219746496,0.1421662704526567,-0.002520843524840115,0.003950344641267197,2.900648486920045e-05,0.006213960005385715,-0.0017767907028964165,-5.961623290814353e-06
0.054929009018352536,0.064957166037845,0.5575592421003985,0.24746192495538724,0.23606271803395856,0.1419496474833849,-0.0024585272757475206,0.003932603357709714,2.899103201532369e-05,0.006231631001962515,-0.0017741190109212862,-5.962285500757353e-06
0.0574087481446326,0.06731974977292542,0.5589611798769133,0.24743002000219178,0.23591226405244628,0.1417291944528799,-0.0023961330485517077,0.0039148605917887,2.8974475083819633e-05,0.006239429218084915,-0.001774267347176749,-5.962426389492281e-06
0.059888118494960535,0.06968067690294456,0.5603610723915831,0.24739643982373236,0.23575593585797908,0.1415050291332811,-0.0023337677896229656,0.003897086352599563,2.8956885920325427e-05,0.006236532765158798,-0.0017774147895552753,-5.962413539746706e-06
0.06236710319293268,0.07203988907348133,0.561758883150177,0.24736118260388368,0.23559374976700695,0.1412772153032038,-0.0022714312052227524,0.003879282331817483,2.893825570027952e-05,0.00623366568579461,-0.001780393069550218,-5.962552294203919e-06
0.06484568535019726,0.07439732810755142,0.5631545761742859,0.2473242420843174,0.2354257376618818,0.14104578900455078,-0.0022090175302624773,0.0038614815005848643,2.8918507241451116e-05,0.006241375141442304,-0.0017800742333492334,-5.962608392865369e-06
0.06732384811093862,0.0767529358600616,0.5645481158987793,0.24728561694013562,0.2352519154822207,0.14081077756338908,-0.002146430408481286,0.0038437139001398788,2.8897575420242492e-05,0.006258720244330802,-0.0017767512739554597,-5.962451504934294e-06
0.0698015746945155,0.07910665407748337,0.5659394669679857,0.24724531501604044,0.2350722690419026,0.14057220638446072,-0.0020836876687826415,0.0038259754574951387,2.887547790621223e-05,0.00627428244595478,-0.0017738356240537673,-5.961512762680459e-06
0.07227884839132379,0.08145842441406821,0.5673285942584938,0.24720334767887464,0.23488677213172118,0.14033011906083148,-0.0020209044767958047,0.0038082339766716804,2.8852286917638693e-05,0.006278328052967648,-0.001774139587544009,-5.960151667593128e-06
0.07475565251772358,0.08380818859064076,0.5687154629077537,0.24715972062606253,0.23469541819314302,0.14008455783110926,-0.0019581698696270354,0.0037904652691720967,2.8828047799463544e-05,0.0062734699282007405,-0.0017768624117989792,-5.959037605663569e-06
0.07723197037969239,0.0861558885244594,0.5701000382400506,0.24711443095207786,0.23449823068694053,0.13983553788488362,-0.0018954518535426394,0.003772680718435133,2.8802731995004805e-05,0.006271811183828178,-0.0017784468954330722,-5.958302080990186e-06
0.07970778528592865,0.08850146629083074,0.5714822857689331,0.24706747360552944,0.234295241003588,0.13958306100899268,-0.0018326339294892993,0.003754916551889403,2.8776269612557388e-05,0.006281802367284179,-0.0017764086366148098,-5.9575298267108204e-06
0.08218308059757254,0.09084486396063408,0.5728621711510846,0.24701885034078458,0.23408645831802566,0.13932713114844072,-0.001769641670528368,0.003737196231202803,2.8748623224340614e-05,0.006299236254644745,-0.001772024215805898,-5.956287158505289e-06
0.08465783976237583,0.09318602348882468,0.5742396602305653,0.24696857143004763,0.23387186327941314,0.13906777676750365,-0.0017065249929368728,0.0037195066092780486,2.8719826878152182e-05,0.0063116784975099215,-0.001768954516436666,-5.95421241130709e-06
0.08713204629752401,0.09552488677619511,0.5756147189980868,0.24691664831406157,0.23365143263119556,0.13880503417351167,-0.0016434068864269412,0.0037018137675690743,2.8689943021581656e-05,0.006311821741947547,-0.0017692766845441097,-5.951850232936476e-06
0.08960568374143996,0.09786139584111915,0.5769873135410191,0.24686308521515885,0.2334251685393945,0.1385389251706381,-0.001580351823299077,0.003684100984346792,2.8658994563253584e-05,0.0063055177439833845,-0.0017712710336455567,-5.9499064349056e-06
0.09207873561062749,0.10019549292123027,0.5783573990129779,0.24680788098360426,0.2331931026394673,0.13826834793705278,-0.0015172973028565703,0.003666388308567543,2.8626947492984682e-05,0.006305463824395617,-0.001771260490849166,-5.9480631782504896e-06
0.09455118546488925,0.10252712037980745,0.5797249452878201,0.2467510292762779,0.23295526086393817,0.13799475714519555,-0.0014541247970455513,0.0036487124429232395,2.8593746366412822e-05,0.006317262726655822,-0.0017675796818361288,-5.946208712797758e-06
0.09702301693393145,0.10485622054496321,0.5810899211671718,0.2466925352644365,0.232711645569302,0.13771803977733119,-0.0013907878896798852,0.0036310884924464167,2.8559378716600434e-05,0.006333703248138796,-0.0017623883769985632,-5.943667910559824e-06
0.09949421374056813,0.10718273563591019,0.5824522947206093,0.2466324113258995,0.23246223440302533,0.13743813701566296,-0.0013273653803766616,0.003613495186980081,2.8523883672063706e-05,0.006342263789761302,-0.0017593240987281212,-5.940542195396923e-06
0.10196475967243648,0.10950660786626504,0.5838120335822887,0.24657066852008175,0.232207009493355,0.13715502663840512,-0.0012639789396376928,0.0035958992650121785,2.8487309912030707e-05,0.006338657259723758,-0.001759585982019325,-5.937203159360623e-06
0.10443463853437694,0.11182777961582478,0.5851691050563679,0.2465073096127743,0.2319459821392633,0.13686868294341067,-0.001200663451936339,0.0035782926968493246,2.844966545845133e-05,0.006331562275648383,-0.0017606508413580775,-5.934112447796341e-06
0.10690383411900974,0.11414619349567756,0.5865234654385919,0.24644233341256475,0.23167918831079098,0.13657799233348472,-0.001137329970792954,0.0035607026404201104,2.8410917192710684e-05,0.006333361947609157,-0.001758999912331723,-5.931070588030043e-06
0.10937233026366677,0.11646179221783481,0.5878750744922802,0.24637573821380407,0.23140665269486277,0.1362832844875479,-0.0010738624649396782,0.0035431638341955327,2.8371034005255334e-05,0.006346764753670813,-0.0017538751420219012,-5.927374540188723e-06
0.11184011089815195,0.11877451842888427,0.5892238944646703,0.24630753148425358,0.23112836973622738,0.13598480682981767,-0.0010102453294671089,0.0035256817087188854,2.8330020481969668e-05,0.006361728045285353,-0.0017482073256197544,-5.923055856418199e-06
0.11430716005294639,0.12108431467884224,0.5905698892373367,0.24623772648200484,0.23084431449755788,0.1356827412993218,-0.0009465837576533833,0.003508227440011166,2.8287910398977327e-05,0.006366171993417043,-0.0017454219161707565,-5.9187310065850065e-06
0.11677346181889196,0.12339112356323617,0.5919130238064076,0.24616633291489798,0.23055447512765903,0.1353772194367569,-0.0008829928076476845,0.0034907698234698057,2.8244731411442594e-05,0.006359110113161348,-0.001745756974664996,-5.914872593229439e-06
0.11923900030134353,0.1256948878879222,0.593253263893205,0.24609335168807756,0.23025887167092415,0.1350683156621298,-0.0008194749047181104,0.003473309672125045,2.820048164913139e-05,0.0063518057030049055,-0.0017460107361541007,-5.911214822024526e-06
0.12170375961820629,0.12799555067948662,0.5945905756984283,0.24601877929500335,0.22995754037671468,0.13475606185805936,-0.0007559202467752695,0.0034558797573504595,2.815513587060169e-05,0.00635548150686634,-0.001742987365793882,-5.907499253565904e-06
0.12416772395858576,0.13029305501897856,0.5959249364852196,0.2459426148898554,0.2296504983895612,0.13444155038635786,-0.0006922310917827602,0.0034385099401622755,2.8108675894366276e-05,0.0063689315170311475,-0.0017369779003720079,-5.903674894993727e-06
0.12663087759247416,0.1325873439321107,0.5972563096047471,0.24586487184192382,0.22933773827874418,0.1341233940814702,-0.0006284239280992741,0.0034211958867623603,2.8061116763579092e-05,0.006380732682563798,-0.0017314018229999256,-5.899178564842345e-06
0.12909320488707923,0.13487836038265538,0.5985846598838932,0.24578556368013574,0.229019236849582,0.13380176121630694,-0.0005646191198411021,0.0034039043736014815,2.801248819831487e-05,0.00638049742269129,-0.0017291481085806215,-5.894303266348345e-06
0.13155469026008673,0.1371660474386036,0.5999099532442274,0.2457046983542856,0.22869499110789313,0.13347677787943701,-0.0005009117564640274,0.0033866096928608755,2.796280787435299e-05,0.006370753207576755,-0.0017294651827554112,-5.889403831846846e-06
0.13401531814119194,0.13945034841106024,0.6012321563356655,0.24562227530430597,0.22836502899768957,0.1331485132312436,-0.00043727015847863963,0.0033693218919712505,2.7912069542589277e-05,0.006364176939889131,-0.0017287775195992696,-5.884758750924294e-06
0.13647507298338776,0.14173120681676868,0.6025512363602753,0.24553829178931041,0.22802938669402592,0.13281700451502554,-0.0003735723444044826,0.003352076520637193,2.786026091556122e-05,0.0063697988208578655,-0.0017245348921753538,-5.879997006771171e-06
0.13893393931197462,0.1440085662082577,0.6038671609414819,0.2454527517191591,0.22768807763187465,0.1324822826292022,-0.00030973868080886934,0.0033348966391376815,2.780738455676215e-05,0.006383384040835543,-0.001717986244059421,-5.8745661301502935e-06
0.14139190175831992,0.14628237005509825,0.6051798980239792,0.24536566732899287,0.2273410861070625,0.1321443890485028,-0.00024581946663854344,0.003317768363580242,2.7753456205703697e-05,0.006391939357538497,-0.001712825992570288,-5.8685927123065385e-06
0.14384894504190235,0.14855256180597512,0.6064894157014817,0.24527705191191776,0.22698839238939544,0.1318033604816764,-0.0001819432345551395,0.003300656470638752,2.7698489034569884e-05,0.006387641400282929,-0.0017111880802846398,-5.862678368491897e-06
0.14630505392087867,0.1508190850679758,0.6077956821838779,0.2451869115824261,0.22663000267417102,0.13145922079739228,-0.00011817906146060618,0.003283542468105806,2.7642482199489157e-05,0.0063764357495884995,-0.001711399394497373,-5.8574677840951644e-06
0.1487602131701389,0.15308188370917442,0.609098668207987,0.24509524538091768,0.2262659520037633,0.13111221050732771,-5.445552517359339e-05,0.0032664383222337353,2.7585099488004916e-05,0.006372372423607801,-0.0017104140864350537,-5.885878714616849e-06
0.151214407585075,0.15534090176980128,0.6103983414288764,0.2450020513083837,0.2258962730345444,0.13076200419149678,9.349625617027577e-06,0.003249381808968088,2.7526459096199303e-05,0.006380534185705259,-0.001705651194789581,-5.902475530628281e-06
0.1536676220419641,0.15759608328728691,0.6116946699263367,0.2449073351475142,0.22552097124019607,0.13040863828015561,7.328601046762041e-05,0.003232388820661127,2.7466647780620645e-05,0.006393657871364906,-0.0016992990772807567,-5.9108888252375504e-06
0.15611984152108194,0.15984737221745207,0.6129876219990266,0.24481110989951232,0.2251400271899726,0.13005214899373943,0.00013727279848060723,0.0032154381846124396,2.7405726486842017e-05,0.00639869844394602,-0.0016950642377553957,-5.913642401204972e-06
0.15857105107808409,0.16209471253972815,0.6142771661655471,0.24471338734811976,0.22475342602234885,0.12969257990557292,0.00020118229348998261,0.003198495794542201,2.7343725443261593e-05,0.006390969386608767,-0.0016942400328927893,-5.913360481511877e-06
0.16102123579533983,0.16433804843698074,0.6155632711419231,0.24461417121203405,0.22436118255380907,0.1293299581444958,0.0002649757454893977,0.0031815519507770677,2.7280661898857958e-05,0.006379365319492053,-0.0016943858012628198,-5.911396739260782e-06
0.16347038076574835,0.1665773243566482,0.6168459057348199,0.2445134590599444,0.22396333427166257,0.1289642800709394,0.00032874231696913706,0.0031646322501536874,2.7216558144148197e-05,0.0063766774908123125,-0.00169197189165394,-5.908066334093783e-06
0.16591847112696803,0.1688124848902823,0.6181250388599687,0.24441125091037877,0.22355991029284902,0.12859553932749035,0.00039260073546578593,0.0031477701076509505,2.715144645037676e-05,0.006385862402361318,-0.0016862164898801867,-5.902967072058227e-06
0.1683654921087925,0.17104347460390643,0.6194006394551534,0.24430755519708552,0.223150909780082,0.12822373649273647,0.00045656981299983687,0.003130970871635899,2.708536001766037e-05,0.006396928502532063,-0.0016799262569003883,-5.895339311389424e-06
0.17081142904283245,0.1732702380021266,0.6206726765302333,0.24420238562830618,0.2227363125680572,0.12784889632038904,0.0005205454488887179,0.0031142061449953248,2.7018308891808807e-05,0.00639758452834363,-0.0016764757406949715,-5.8860256183884625e-06
0.17325626732387187,0.17549271966839308,0.6219411191453044,0.24409575240498818,0.22231611106821797,0.12747104325255418,0.0005844109376474123,0.003097444453377323,2.695028924262311e-05,0.006386570003721044,-0.0016761726648026204,-5.87588421432317e-06
0.17569999237385317,0.17771086440650682,0.6232059464638455,0.2439876549048648,0.22189032690974192,0.12709118980664905,0.0006481615833237581,0.003080686403708909,2.6881306004260223e-05,0.006375085879133462,-0.0016758089008108929,-5.865514105531386e-06
0.1781425896183564,0.17992461731221482,0.624467124373096,0.24387809365935412,0.22145900190382092,0.1267079924886852,0.0007119065080126391,0.0030639620246301065,2.6811391810110863e-05,0.00637451395092005,-0.001672442276442821,-5.8540701759958265e-06
0.18058404454131394,0.1821339235877185,0.6257246199318076,0.24376707044278173,0.2210221592664201,0.1263215535088203,0.0007757495981285592,0.0030472996291285573,2.6740586583738964e-05,0.006384330649190111,-0.001666244356760062,-5.84109202041565e-06
0.1830243427257897,0.18433872839156373,0.6269784009692546,0.24365459542662696,0.2205797920821459,0.12593195334484433,0.0008396759777065375,0.0030306946036537264,2.6668905296670906e-05,0.006392659743864524,-0.0016605077964746361,-5.826884275015613e-06
0.18546346984963727,0.1865389768505846,0.6282284358357558,0.24354068200441634,0.22013188140544612,0.1255392637764572,0.0009035652680687377,0.0030141137923148844,2.6596330315903892e-05,0.006388950973452538,-0.001658086830682844,-5.812244647001541e-06
0.18790141163980725,0.18873461422535853,0.6294746932490998,0.24342533818138373,0.21967842787266215,0.12514353758558466,0.0009673198520293448,0.002997530571342549,2.6522841115221775e-05,0.0063754804877331865,-0.0016583282470156503,-5.7976188156707725e-06
0.1903381538336984,0.19092558605176632,0.6307171422561096,0.2433085637753443,0.21921946219564684,0.1247448041982068,0.0010309684302713684,0.0029809527457249486,2.6448445909029246e-05,0.006364880064842945,-0.001657789168283585,-5.783120212587947e-06
0.1927736821879159,0.19311183810781468,0.6319557520653765,0.2431903563878069,0.21875502323475662,0.12434306226478545,0.0010946323575979386,0.0029644135128910356,2.637318741045971e-05,0.006366415106741323,-0.0016539303486161933,-5.768022371151424e-06
0.19520798252453117,0.19529331624504898,0.6331904919222054,0.24307071974826086,0.21828512789665927,0.12393830401205794,0.001158393527147109,0.0029479346829218403,2.629710061847298e-05,0.006376139449624829,-0.0016478905234230754,-5.752279997125193e-06
0.19764104075633845,0.19746996629567032,0.6344213212912276,0.2429496676823275,0.2178097662329206,0.1235295595613989,0.0012222024122170853,0.002931500371479317,2.6220179100507818e-05,0.006380911121882887,-0.0016434391368219258,-5.735940820590797e-06
0.20007284288491536,0.19964173406443636,0.6356482128963024,0.24282720930401072,0.2173289206826818,0.12311817535432273,0.0012859315426549658,0.002915076106776089,2.6142385754921222e-05,0.006372935787149794,-0.001642434935447222,-5.7195829455974205e-06
0.20250337494176993,0.20180856554791218,0.6368711384690765,0.2427033501488907,0.21684260112875198,0.12270406390771373,0.0013495096226242148,0.0028986425362278025,2.6063693321919686e-05,0.006357830873817653,-0.001643365998360833,-5.703718435308184e-06
0.20493262295968567,0.2039704070394723,0.6380900691229818,0.24257808838766792,0.21635084418292805,0.12228715516196403,0.0014129968557348826,0.0028822159050285313,2.5984119359157815e-05,0.0063487463134578835,-0.0016426725449359481,-5.6884224143607605e-06
0.2073605729938975,0.2061272050504963,0.6393049755516699,0.2424514221529335,0.2158536863742844,0.121867389276996,0.0014765181395036187,0.0028658298791683964,2.5903717390576877e-05,0.006352151486687659,-0.0016386124928121225,-5.67277271576017e-06
0.20978721116979393,0.20827890613404162,0.6405158282200721,0.24232335673982655,0.2153511378379062,0.1214447362075117,0.0015401277903552663,0.0028494984118736964,2.5822514230498658e-05,0.006360988292414629,-0.0016331571206007669,-5.656961834564203e-06
0.21221252370482663,0.21042545680012711,0.6417225974617539,0.24219390394207774,0.2148431843112781,0.12101919526076714,0.0016037492148893672,0.0028331998237543597,2.5740484051475898e-05,0.00636216576316244,-0.0016298696936941862,-5.6409378928651055e-06
0.21463649688614633,0.21256680358273358,0.6429252632810735,0.24206307181602307,0.21432981420781735,0.12059175347258808,0.0016672578445879444,0.002816901676929371,2.5657576002810537e-05,0.006350886393905692,-0.001629826063165016,-5.625194219442528e-06
0.21705911701006764,0.21470289329157835,0.6441237928272416,0.24193086628041227,0.21381104759370725,0.1201611321879129,0.0017306116112049644,0.002800591512257752,2.5573763571069336e-05,0.0063354002045775785,-0.0016310283532737203,-5.610208836629845e-06
0.21948037037212023,0.2168336730309437,0.645318154364255,0.24179728409537762,0.21328692401898497,0.11972743072076716,0.0017938966269930214,0.0027842916952770984,2.548908294579237e-05,0.006328525227457195,-0.0016299940907440352,-5.595575891265597e-06
0.22190024329716884,0.21895909008473496,0.646508316864028,0.24166232411971614,0.21275747525293712,0.11929070308708742,0.001857231772867332,0.0027680335817014995,2.540359571850949e-05,0.006333538322162425,-0.001625824255426734,-5.5806541818252866e-06
0.2243187221845452,0.22107909174739473,0.6476942498094614,0.2415259930013857,0.21222270444947114,0.11885099795603747,0.0019206393445799978,0.0027518219196291105,2.5317319884208692e-05,0.006340780984867017,-0.0016211796127446332,-5.565258507832627e-06
0.22673579351719053,0.22319362528384304,0.6488759230658074,0.24138830225607197,0.21168259614116955,0.11840836926123295,0.001984018645724019,0.002735628465129652,2.5230206145809086e-05,0.0063379540181096716,-0.0016193593720489655,-5.549831384523867e-06
0.2291514438237942,0.22530263806509176,0.6500533067569576,0.24124926006845412,0.2111371466724477,0.11796286079082417,0.002047252763604559,0.0027194210016089067,2.51421875581841e-05,0.0063234357974173185,-0.001620760801810103,-5.534976141929455e-06
0.23156565963324094,0.2274060777350483,0.6512263711943397,0.2411088666096909,0.2105863820244149,0.11751449309705082,0.0021103333172589555,0.0027031964305746048,2.5053248888056766e-05,0.006308079481520132,-0.0016224720870753081,-5.5210650027730136e-06
0.23397842746845698,0.22950389222938664,0.6523950867562759,0.24096711782625146,0.2100303434872776,0.11706325803313833,0.0021733666319226725,0.0026869827397306006,2.4963450579589944e-05,0.00630335566987813,-0.001621384599575895,-5.50705096260783e-06
0.2363897338850984,0.2315960296296228,0.6535594239331305,0.2408240136398357,0.20946905742082542,0.11660915236686699,0.0022364576686843716,0.0026708073369809517,2.487285999655397e-05,0.0063091279465000705,-0.001617556318199095,-5.4924724636455e-06
0.2387995655116332,0.23368243801120045,0.6547193532754783,0.24067956171455504,0.20890252134925097,0.11615218452037371,0.0022995956338174185,0.002654666027617146,2.4781474374679185e-05,0.006313820848958881,-0.0016141475121320885,-5.477617445701582e-06
0.2412079090461498,0.2357630654490629,0.6558748454490894,0.24053377266925954,0.20833072105852882,0.11569238374167695,0.002362663165690863,0.0026385261353300527,2.4689222124313016e-05,0.0063067776048508495,-0.0016140063493061028,-5.462753330733107e-06
0.24361475120778622,0.2378378602179587,0.6570258618302813,0.24038665431675077,0.2077536625690135,0.11522883516708103,0.0024255625620791302,0.00262235807713186,2.4596030180999914e-05,0.006289964154473451,-0.0016168234981760714,-5.448323471914994e-06
0.24602007870534212,0.23990677084197973,0.6581723764050174,0.2402382013878878,0.20717137623527757,0.11476279697868987,0.0024883179445255943,0.002606168175652859,2.4501906754976546e-05,0.006275562853018869,-0.001619008387634995,-5.434523970503177e-06
0.24842387823363854,0.2419697461659046,0.6593143529231726,0.2400884114968768,0.20658390532582627,0.11429322814160665,0.0025510526152446172,0.0025899869459426682,2.440693424669367e-05,0.006273491748526346,-0.0016181417652492368,-5.420032312977822e-06
0.25082613652688596,0.24402673508666187,0.6604517669540269,0.2399372828433679,0.20599126681494423,0.11382130006944231,0.0026138484099193456,0.002573836677214281,2.4311174879732865e-05,0.006279604193733002,-0.0016150462175976515,-5.405150510223237e-06
0.2532268403855915,0.24607768649011066,0.6615845926957755,0.2397848237638353,0.2053934536770728,0.11334688286829508,0.0026766610987289815,0.0025577047782328814,2.421460348379153e-05,0.006281293661007531,-0.0016132098004089034,-5.389780751480741e-06
0.2556259766614581,0.24812254930159758,0.6627128034494332,0.23963104342449548,0.20479045483311192,0.11286990547986334,0.002739364152047771,0.002541556567505229,2.4117127333487707e-05,0.006270330186724701,-0.0016148415491342558,-5.374597101331822e-06
0.258023532206447,0.2501612727020599,0.6638363627930708,0.239475946705621,0.20418228462309784,0.11238940577870815,0.002801884981370144,0.002525369377888969,2.4018682230002407e-05,0.006252107874949694,-0.0016187400248409223,-5.35958418958131e-06
0.2604194938451901,0.2521938061806419,0.6649552370791703,0.2393195284379143,0.20356898087539305,0.11190565300020486,0.0028642827920181166,0.0025091567216094885,2.3919305290439324e-05,0.006239806082585172,-0.0016212872765365147,-5.34444720969722e-06
0.2628138483959843,0.2542200994168532,0.6660694036183366,0.23916178133964283,0.20295057875111075,0.11141972734332711,0.00292667748863575,0.002492951982845372,2.3819090708575634e-05,0.006239494727973089,-0.001620496101173501,-5.329341466047497e-06
0.2652065827127323,0.25624010217139687,0.6671788380328841,0.23900270763414697,0.2023270915634764,0.11093145340212904,0.002989124157138634,0.0024767701373094634,2.3718091785764162e-05,0.00624469194912099,-0.0016182073498722722,-5.313394477104485e-06
0.2675976837061777,0.2582537642385398,0.6682835059598967,0.23884231793143562,0.2016985107946522,0.11043984341315882,0.0030515476100137578,0.002460588093407045,2.361624395575284e-05,0.00624237043247495,-0.0016182277714188698,-5.297192158409266e-06
0.2699871383206087,0.2602610354442329,0.6693833842378184,0.23868061639446092,0.20106482868816672,0.10994603567615215,0.0031138222068962575,0.002444372102191078,2.351344173478203e-05,0.006227484902277346,-0.0016216231079799657,-5.281271115495021e-06
0.27237493348289643,0.26226186588067035,0.670478448266576,0.2385176028239104,0.2004260662693069,0.10944989309234741,0.003175902815997507,0.002428109810815417,2.3409640792669288e-05,0.006208086200504502,-0.0016262537403770618,-5.265753459912907e-06
0.27476105608343804,0.26425620597353616,0.6715686724763209,0.23835327123059077,0.1997822652408234,0.10895130826353341,0.003237870468418449,0.002411823172008608,2.3304908907214736e-05,0.006196790588817692,-0.0016286890929894425,-5.250172536529397e-06
0.27714549300577557,0.26624400637107914,0.672654030765835,0.23818761745049802,0.19913346010853397,0.1084502129800195,0.0032998424763383137,0.0023955439919990306,2.3199352872359983e-05,0.006197226166277731,-0.0016279438088801035,-5.234095782394039e-06
0.2795282311722483,0.2682252177759926,0.6737344967140051,0.23802064464879139,0.1984796585068945,0.10794657262165158,0.003361844595784301,0.0023792785580222984,2.3092999995969113e-05,0.006200237337366531,-0.0016265697999536333,-5.217446791862686e-06
0.28190925755541524,0.270199790899299,0.6748100437951051,0.23785236067426502,0.19782085039103084,0.1074403903338416,0.003423780829485831,0.002362999824184576,2.298576627229067e-05,0.006193648798717712,-0.0016279003974496258,-5.2002215916235965e-06
0.2842885591420602,0.2721676765887352,0.6758806453458205,0.2376827703096192,0.1971570365387306,0.106931668434286,0.0034855346265010114,0.0023466753042144773,2.2877537568530303e-05,0.0061754051895595375,-0.00163247964558963,-5.18322409819723e-06
0.2866661228874255,0.27412882599323624,0.6769462747483169,0.2375118706447413,0.1964882454755819,0.10642041358645772,0.0035470927842618924,0.00233030076143522,2.276829156319285e-05,0.006155841325056889,-0.001637482569765405,-5.1667120735072856e-06
0.28904193570586867,0.27608319063614384,0.678006896728363,0.23733965663081366,0.19581452264149304,0.10590574590589741,0.0036085620696896287,0.0023139022824717067,2.2658127201111547e-05,0.0061469541259687455,-0.0016398768161690223,-5.149255737693253e-06
0.291415984511384,0.2780307221599828,0.6790624874988092,0.23716612235656803,0.19513589448468233,0.10538880163317497,0.003670045135247212,0.0022975086192063275,2.2547152108632696e-05,0.006148332145260045,-0.0016393958580512439,-5.131267653342306e-06
0.2937882562559482,0.27997137229144886,0.6801130137000665,0.23699127422584335,0.19445236459933152,0.10486862479305956,0.0037315343532129015,0.0022811147491332115,2.243535536974275e-05,0.006148947392242155,-0.0016394171551605548,-5.11255526371745e-06
0.2961587379283553,0.2819050927334099,0.6811584528351022,0.23681511652653903,0.19376392232872297,0.10434631717369881,0.0037929168353318787,0.002264689748251384,2.232262235993569e-05,0.0061382738369141834,-0.0016425308772453294,-5.0937507884914375e-06
0.2985274165105502,0.2838318353829174,0.6821987811139095,0.23663765157574138,0.1930705760232126,0.10382176284116032,0.003854093049687011,0.002248206000309195,2.2208840927036526e-05,0.006117647111585778,-0.0016484062502596624,-5.075477340609002e-06
0.30089427893789394,0.2857515524719916,0.6832339738937727,0.23645887419131045,0.19237236068484106,0.10329487449083866,0.003915081797737302,0.002231668439782365,2.2094028007592524e-05,0.006098900524271187,-0.0016537881757579143,-5.057032710857006e-06
0.3032593121042774,0.28766419654559205,0.6842640060252922,0.23627877690200783,0.19166931894370684,0.10276558755100354,0.003975996762826595,0.0022151085403948603,2.1978305168838738e-05,0.006091522240474587,-0.0016560227086127668,-5.038408801341779e-06
0.30562250290598025,0.28956972030317085,0.6852888520003528,0.23609735750632713,0.190961474422253,0.10223385618516417,0.004036922575582804,0.0021985494328834888,2.1861773278241915e-05,0.006092606994079298,-0.0016559441496466648,-5.018745268212709e-06
0.30798383827629594,0.29146807651962175,0.686308477831638,0.23591462287147327,0.19024882685131025,0.10169883731767351,0.0040978212396149145,0.0021819769993883385,2.174438398210802e-05,0.0060898921164184525,-0.0016572773883719583,-4.998197899168098e-06
0.31034330516960945,0.2933592179794806,0.68732286059946,0.2357305759424631,0.18953136903257825,0.10116165347309236,0.004158572174508168,0.002165357447800375,2.162599910572361e-05,0.006075119224105998,-0.0016619898694463996,-4.977500471514893e-06
0.31270089051445615,0.29524309771053037,0.6883319765612931,0.23554521628913738,0.18880911718994733,0.10062223206865996,0.0042191000069150995,0.0021486692787027668,2.1506524094117795e-05,0.006052809013440008,-0.001668852315624777,-4.9569884941543854e-06
0.31505658118186997,0.2971196690929091,0.6893358014363461,0.2353585366999,0.1880821111816853,0.1000805135413893,0.004279453828496172,0.0021319259957936114,2.1386009295418498e-05,0.006035407953673639,-0.0016743643854111032,-4.936680318415269e-06
0.31741036400252254,0.29898888579509486,0.6903343105959869,0.23517052967821037,0.1873503913282398,0.0995364492243273,0.004339752039280055,0.002115161035767972,2.1264599169801324e-05,0.006029846862164466,-0.0016765327575429122,-4.915862717898518e-06
0.3197622258138911,0.30085070160748545,0.6913274791430798,0.23498119418844232,0.1866139752420056,0.09899000576779941,0.004400054083169724,0.0020983907537526717,2.114237247868765e-05,0.006030230141199692,-0.0016770656016383092,-4.894097939184412e-06
0.32211215348551037,0.3027050703507694,0.6923152820745307,0.23479053523085652,0.18587285908359558,0.09844118099167193,0.004460295209818931,0.0020815958364585334,2.1019251040160488e-05,0.006024138399021076,-0.001679529793664769,-4.871578803238924e-06
0.3244601338931735,0.30455194590979523,0.6932977024910701,0.2345985547583309,0.18512704087343737,0.09789080060992497,0.004520355714508779,0.0020647439793351594,2.0895089070519534e-05,0.006006076211659208,-0.001685224476403606,-4.849038226818313e-06
0.3268061538749242,0.3063912825147155,0.6942747127577786,0.2344052525175419,0.18437654556724184,0.09733779666267134,0.004580187710895413,0.0020478198029808842,2.0769813058574274e-05,0.0059832254007095445,-0.0016924571191971958,-4.8265115025402654e-06
0.329150200207157,0.308223034744036,0.6952462861574775,0.23421061993824793,0.18362141552614247,0.09678225225262549,0.004639865666240104,0.002030843603493469,2.0643511689926533e-05,0.005967821293259737,-0.0016976601353074282,-4.803930843748376e-06
0.3314922596321085,0.31004715742633115,0.6962123966545887,0.23401465014241396,0.1828616868824488,0.09622422260629888,0.004699504086923815,0.002013847687581298,2.0516340998595864e-05,0.005963867788430485,-0.0016996324458049847,-4.780376170562142e-06
0.3338323189043141,0.31186360547888325,0.697173018688891,0.23381734335949533,0.18209737125735725,0.09566375229885266,0.004759133431853778,0.0019968398424371593,2.0388342580240738e-05,0.005962960162829107,-0.0017008260291701003,-4.756150832791935e-06
0.3361703648042445,0.3136723338576633,0.6981281270230144,0.23361870449682026,0.1813284638917798,0.09510088419595118,0.004818665878587426,0.0019797935349710415,2.0259393293774515e-05,0.005953270314307782,-0.0017046729529812228,-4.731480904359887e-06
0.3385063841032827,0.3154732976743168,0.6990776967265124,0.23341873558849363,0.18055496956239184,0.0945356620770509,0.004877988628129948,0.001962675002698123,2.0129329589780584e-05,0.005932300594578464,-0.0017118961672483914,-4.706600126703241e-06
0.3408403635162001,0.31726645235638473,0.7000217031080367,0.23321743123056482,0.17977691828287684,0.09396811184629626,0.004937084480917233,0.0019454784048016402,1.9998116037781337e-05,0.005909610920566596,-0.0017197034755617178,-4.681912740794766e-06
0.3431722896912935,0.31905175367852223,0.7009601215441175,0.23301478197348002,0.17899435356659535,0.0933982299297317,0.004996047763237604,0.001928230879978971,1.986588407224128e-05,0.0058963538451390265,-0.0017247968845456756,-4.6569466362335876e-06
0.3455021492474895,0.3208291576334325,0.7018929275593637,0.23281078186681858,0.17820730665710477,0.09282602020265629,0.005054981503991347,0.001910962342977292,1.9732788267664087e-05,0.005893399626090759,-0.0017268987815588198,-4.631095856080591e-06
0.3478299288178082,0.32259862028330516,0.7028200968672719,0.23260543220381552,0.17741578423304294,0.09225150211457682,0.005113885761245591,0.0018936719572469265,1.9598829771779564e-05,0.005890451210267405,-0.0017290843346795502,-4.604508206329032e-06
0.35015561505088316,0.3243600977515232,0.7037416053297298,0.2323987372706052,0.1766197825516705,0.09167470233268027,0.005172656132351624,0.0018763279671089779,1.9463847882443007e-05,0.005877062556364589,-0.0017344454988189163,-4.5775416916320665e-06
0.3524791945680791,0.32611354636436535,0.7046574289801582,0.2321906968027299,0.1758193129281871,0.0910956487032587,0.005231195127404386,0.0018589006517117706,1.93276841575741e-05,0.005853924937066155,-0.001742778792293672,-4.550645536501362e-06
0.3548006539210626,0.3278589227909776,0.7055675439994298,0.23198130324336774,0.17501441089564235,0.09051435460014953,0.005289515752131725,0.0018413932767389447,1.919034958983558e-05,0.005832087883285759,-0.0017507855179090574,-4.523784215863371e-06
0.3571199795944386,0.3295961840309187,0.7064719267504896,0.23177054671571826,0.17420511919005324,0.08993082717872632,0.005347725016199101,0.0018238378514009944,1.9052010676690648e-05,0.005820951760571589,-0.0017555912812378955,-4.496652137563348e-06
0.3594371580501947,0.3313252872665713,0.7073705537168142,0.2315584224713406,0.173391463513221,0.08934507016635748,0.005405907571033719,0.0018062597022111943,1.8912810136104957e-05,0.0058182807506663905,-0.0017578643555703818,-4.468427559868023e-06
0.3617521757651054,0.3330461897387953,0.7082634015355753,0.23134493265605555,0.17257344681134693,0.0887571025735438,0.005464033761043199,0.001788649217669288,1.8772701400825867e-05,0.0058126441864782205,-0.0017610985935101364,-4.439444395152406e-06
0.36406501921980283,0.3347588487802024,0.7091504470035788,0.2311300805352232,0.17175106803666965,0.0881669524459292,0.005521990008909597,0.001770971429496951,1.86314936895029e-05,0.0057956499205430966,-0.0017678297133859764,-4.410154514962963e-06
0.3663756748507786,0.33646322197164297,0.710031667095707,0.23091386349902854,0.17092434535909726,0.08757464542795759,0.0055797002498944506,0.0017532026755480992,1.8489050827411465e-05,0.005771049199746236,-0.0017769270886026887,-4.38093517073476e-06
0.36868412901582415,0.33815926725362744,0.7109070389030082,0.23069627228981365,0.17009331847449496,0.08698018900114433,0.005637206057261112,0.0017353554782157637,1.834543765485273e-05,0.005750605788383631,-0.0017847722093688799,-4.351605004180299e-06
0.370990368012361,0.33984694292670226,0.7117765325258001,0.23047729895348393,0.16925802951904712,0.08638287201496644,0.005694624771603634,0.0017174629759240778,1.8200847582462767e-05,0.005741896397980781,-0.0017893034331922214,-4.321067396246593e-06
0.37329437812163574,0.341526207417578,0.7126401206531032,0.2302569397221244,0.16841849752422394,0.08578294747348211,0.005752017896089173,0.0016995423648073365,1.8055386216302272e-05,0.005739337302230564,-0.0017921150134364943,-4.289391552073802e-06
0.3755961456323545,0.3431970191417495,0.7134977848296644,0.23003519508282733,0.1675747211182248,0.0851813076514549,0.005809326947333904,0.001681576941999185,1.790895915352123e-05,0.0057309298803981945,-0.0017965969089962484,-4.257276127045601e-06
0.37789565682676796,0.34485933670092067,0.7143494984107258,0.22981206879129382,0.16672670416391988,0.08457714470093022,0.005866436073421743,0.001663528712510824,1.7761345416439515e-05,0.005710937299501977,-0.0018048783692892153,-4.224818849461957e-06
0.38019289792370004,0.34651311897492726,0.715195236396763,0.22958755533664404,0.16587447137666975,0.08397062738145118,0.005923297778478266,0.0016453811120890431,1.7612442868282564e-05,0.005686195142428389,-0.0018148162875326898,-4.192268731393009e-06
0.38248785505401806,0.34815832519695816,0.7160349749751063,0.2293616436556247,0.16501806469524774,0.08336186762227386,0.005979982371628218,0.0016271553051845622,1.7462375575255324e-05,0.005668483871536016,-0.0018226377255861053,-4.159163193959361e-06
0.3847805142889422,0.34979491486244046,0.7168686911429032,0.2291343244835003,0.16415751992971167,0.08275093645960396,0.006036600660468128,0.001608886371809589,1.7311354492050762e-05,0.0056618533210188145,-0.0018269511005548336,-4.125374265901757e-06
0.38707086169001226,0.3514228475728399,0.7176963625808995,0.2289055957041974,0.16329285043144293,0.08213790000845181,0.006093184181527148,0.001590584539814616,1.7159446817658024e-05,0.005658376408610729,-0.0018302416703304555,-4.090672456088627e-06
0.389358883325949,0.3530420829843869,0.7185179675368958,0.2286754599102397,0.1624240549622532,0.08152282310406092,0.006149650015319445,0.0015722235374497492,1.7006491615938804e-05,0.005646607569117374,-0.001836159465992326,-4.05574928636745e-06
0.3916445652377413,0.3546525809193306,0.719333484641827,0.228443916862553,0.16155114135550916,0.08090575420270074,0.0062058885854367,0.0015537685474985977,1.6852272813300204e-05,0.005623881117535545,-0.0018455590515243166,-4.020572626775062e-06
0.39392789338937234,0.35625430152046633,0.7201428929403233,0.22821095901172656,0.16067414043471012,0.08028673639272212,0.0062618804529297025,0.0015352133266895638,1.669674421918618e-05,0.005599210772003894,-0.0018555829817713733,-3.985503205611852e-06
0.3962088536566993,0.3578472052847378,0.7209461717681348,0.22797657486688172,0.15979309497168995,0.07966579125935475,0.006317714216500285,0.0015165872255575277,1.6540090115995884e-05,0.0055834002623534286,-0.0018626718017243644,-3.949719331921424e-06
0.39848743186698005,0.35943125294219846,0.7217433007589203,0.22774075661887203,0.15890803625483688,0.07904294075078624,0.006373488929948346,0.0014979239365025768,1.6382525598657015e-05,0.005577495095242754,-0.00186639131436634,-3.9132164499494154e-06
0.4007636138470402,0.3610064053135183,0.7225342598351113,0.22750350385629503,0.15801897344869614,0.07841821445089901,0.006429206340295516,0.001479225337656707,1.622406554344272e-05,0.005571764624111655,-0.0018699230096233697,-3.876121902313653e-06
0.4030373854281157,0.3625726232993577,0.7233190291690991,0.22726481925352737,0.15712590675074106,0.07779164642701805,0.006484766857889624,0.0014604600126330695,1.606450500969258e-05,0.005556075213719922,-0.0018765964116437262,-3.839042492939975e-06
0.40530873240304055,0.364129868015135,0.7240975891731709,0.22702470106724246,0.15622885039257683,0.07716326887138111,0.0065400748948592075,0.001441597341403891,1.590364251341041e-05,0.005530827039969379,-0.0018863318835859867,-3.8018130169329127e-06
0.40757764048188266,0.3656781009276958,0.724869920471464,0.22678314040252043,0.1553278405214573,0.0765331023091122,0.006595139646032003,0.0014226412389150747,1.5741496924698158e-05,0.005506498339844766,-0.0018956758576651345,-3.764658398377925e-06
0.40984409529473625,0.367217283848106,0.7256360038440849,0.22654012628916248,0.15442291944050265,0.07590115468370737,0.0066500616211319615,0.0014036268937663312,1.5578302264530305e-05,0.005492220572962211,-0.00190150089485378,-3.726742474424371e-06
0.41210808243974667,0.3687473787921263,0.7263958202793647,0.22629565307433805,0.15351411387439745,0.07526744116229629,0.006704922550848853,0.0013845837326061086,1.5414257464983427e-05,0.005486115842631038,-0.0019043832011370616,-3.688136992953342e-06
0.41436958752557573,0.37026834786068813,0.7271493509249695,0.22604972216299987,0.15260143028061052,0.07463198062842887,0.0067596958865816644,0.0013655046104102324,1.524931766880765e-05,0.005477356254593783,-0.0019079800250567118,-3.6490322455125613e-06
0.41662859616350745,0.37178015326867747,0.72789657710912,0.22580233622914825,0.1516848720184479,0.07399480005896947,0.006814273139868928,0.0013463542893439834,1.5083243936177226e-05,0.005457747848501008,-0.0019151007143679499,-3.6097820383460045e-06
0.41888509391845713,0.3732827574939768,0.7286374803351979,0.22555349216584186,0.1507644600650196,0.07335592284900362,0.006868579024883426,0.0013271083526901536,1.4915864517106593e-05,0.005430610876908663,-0.0019246631363144047,-3.570672658880598e-06
0.42113906627267866,0.3747761233869869,0.7293720422394251,0.22530318040210048,0.14984023464487461,0.07271535968207994,0.006922650023481105,0.0013077806040037213,1.4747272242061786e-05,0.005407122072175108,-0.001932845172064688,-3.5312472174562118e-06
0.423390498642348,0.37626021412374827,0.7301002446665438,0.2250513912814651,0.14891223624663422,0.0720731241745385,0.006976591810167442,0.0012884093960383496,1.4577733620044507e-05,0.005394200677659445,-0.0019371918405731165,-3.4912916676725356e-06
0.4256393764305705,0.37773499305878605,0.7308220695830312,0.2247981216726524,0.14798048703980635,0.07142922500240839,0.007030464167955452,0.0012690174808858005,1.4407412238030691e-05,0.0053872575593219,-0.0019392632421032718,-3.4506355435543533e-06
0.42788568506084035,0.3792004236342512,0.7315374991448682,0.22454337460911228,0.1470449921006331,0.070783685522228,0.007084215188639842,0.001249588498586244,1.4236196543595583e-05,0.005375123630970976,-0.0019429706785151154,-3.4095505437613846e-06
0.43012940995594584,0.38065646944557713,0.732246515656021,0.2242871524058752,0.14610575913423965,0.07013652857322498,0.007137735265805414,0.0012300857386136417,1.4063823712782488e-05,0.005352029089252635,-0.0019503492621964272,-3.3685866013876135e-06
0.43237053648630774,0.3821030943941089,0.7329491015554683,0.22402945071991454,0.14516281549065094,0.06948777114030531,0.007190973858986988,0.001210492640293131,1.3890174945568973e-05,0.00532388050958111,-0.0019593839562955647,-3.3273478928132096e-06
0.4346090499441904,0.38354026276225084,0.7336452394403402,0.22377025988204302,0.14421620381754083,0.0688374250783377,0.007243991268262027,0.0011908318940835794,1.3715413477118533e-05,0.00530176191169071,-0.001966149546097535,-3.2856929707847123e-06
0.43684493557292375,0.384967939132932,0.7343349120987936,0.22350957209831196,0.14326596153702953,0.06818550318988652,0.007296891132484505,0.001171142360276872,1.3539826239042511e-05,0.005290007160103362,-0.0019690290013439802,-3.2432138297385363e-06
0.4390781786212663,0.3863860882439053,0.7350181024123356,0.22324738678232037,0.14231210651175336,0.06753201329351319,0.007349708175844498,0.0011514383454212741,1.336352501827278e-05,0.005281724810913326,-0.001970477758949536,-3.199925897249763e-06
0.4413087643705843,0.38779467497720504,0.7356947881582928,0.22298370944720483,0.1413546445203649,0.06687644940028996,0.007402371036252798,0.0011316929521723476,1.3186318744183935e-05,0.005266306271302225,-0.0019746163193100734,-3.155985611956176e-06
0.44353667808751773,0.3891936643468017,0.7363649542981725,0.22271853992455568,0.14039358720479592,0.06621953684150333,0.007454775957616675,0.0011118712790297264,1.3007946638542137e-05,0.005240512147046435,-0.0019822451273192715,-3.112167032843507e-06
0.4457619049811862,0.39058302171028275,0.7370285853867565,0.22245187272524902,0.1394289673340242,0.06556123644495601,0.007506899011468551,0.0010919664243325526,1.2828355664962811e-05,0.0052123251758317245,-0.0019905641217739197,-3.068224508275484e-06
0.4479844301953109,0.3919627128534009,0.7376856605340172,0.22218369975783542,0.13846082933237577,0.0649009982371288,0.00755882341604355,0.001072007444083511,1.26477716297978e-05,0.005192459997619269,-0.001995977428375353,-3.023199967699114e-06
0.4502042388353582,0.39333270376796514,0.7383361655900538,0.22191401384156131,0.13748920499481795,0.06423949170162752,0.00761064228993208,0.0010520319982599859,1.2466482820767419e-05,0.005181906643238191,-0.0019976246271429456,-2.9776524701012645e-06
0.45242131602838526,0.39469296058383513,0.7389800858595701,0.22164281673315972,0.1365141081653574,0.06357666275421184,0.007662362827705831,0.0010320455374027997,1.2284538824540795e-05,0.0051720727377944364,-0.001998726750196327,-2.9313416300774813e-06
0.4546356469322075,0.3960434495490446,0.7396174063024564,0.2213701133668332,0.13553554478329122,0.06291248242762575,0.007713896154778636,0.0010120173977882414,1.210170454368015e-05,0.00515335139465662,-0.002002895335885798,-2.885136804134379e-06
0.4568472166981108,0.39738413719361193,0.7402481068660652,0.221095905495285,0.13455353398168612,0.062246453498608835,0.007765156759019034,0.0009919142266753658,1.1917726406586678e-05,0.005126078859139354,-0.002010399291920421,-2.838506321979092e-06
0.45905601041119426,0.3987149903460521,0.7408721739678668,0.22082018541423898,0.1335681109876837,0.061579223115283806,0.007816145836956417,0.0009717391269588922,1.1732624244526115e-05,0.005098925968664366,-0.0020175929521679212,-2.7920878729206193e-06
0.4612620131039305,0.400035976245989,0.7414895887044358,0.22054294603632216,0.1325793187590525,0.060910253999213695,0.00786695678978464,0.0009515267568608436,1.154667513039556e-05,0.005081113165392126,-0.0020213206793765776,-2.7448598227308915e-06
0.46346520979684414,0.40134706235349055,0.7421003334933904,0.22026418402098039,0.13158718517504414,0.06023967461002669,0.0079176678090491,0.0009313076391856086,1.1360126234073519e-05,0.005071119489563992,-0.002021996026170401,-2.696906927377753e-06
0.46566558554290893,0.40264821623906744,0.7427043917447844,0.21998390277728744,0.13059172087746032,0.0595675855321421,0.007968259804085501,0.0009110755644398356,1.1172935228219099e-05,0.005059216748595103,-0.0020232923363795153,-2.6484073836103276e-06
0.4678631254155269,0.4039394055626484,0.7433017521984555,0.21970210571237714,0.12959293326744106,0.05889452537836508,0.008018634054955676,0.0008907972251870054,1.0984836598200738e-05,0.005037442034570683,-0.0020279194958993285,-2.600044195533246e-06
0.4700578144692591,0.405220598266553,0.743892402507486,0.21941879234190043,0.12859084569045537,0.05822038919929167,0.00806871676897407,0.0008704475088014402,1.079562795278362e-05,0.005008288065020639,-0.0020350579991533445,-2.551770290112346e-06
0.4722496377011809,0.40649176267703085,0.7444763297532172,0.21913395598806204,0.12758549808181255,0.057545118645153756,0.008118535633774624,0.0008500396812932216,1.0605415776434538e-05,0.004981902843964242,-0.002040869858219863,-2.5034351812343885e-06
0.4744385800658289,0.40775286746868245,0.7450535205789571,0.21884758996096448,0.12657693072655518,0.05686866608318078,0.008168186622022863,0.000829613854141855,1.0414531217505216e-05,0.0049651148568379605,-0.0020426704323757354,-2.454511403317351e-06
0.47662462652973625,0.4090038815283212,0.7456239614215388,0.2185596939013807,0.1255651681665699,0.056191008992938676,0.008217729151738521,0.0008091960466791488,1.0223193507215531e-05,0.0049542686508843225,-0.0020418689809091964,-2.4050859142268884e-06
0.47880776210880716,0.4102447738644919,0.7461876386867244,0.2182702734638906,0.1245502202401269,0.05551214658731779,0.008267121085076474,0.000788772251751986,1.0031291631749378e-05,0.004939208667453601,-0.0020424682884935207,-2.355560138258306e-06
0.48098797185007514,0.41147551365847135,0.7467445388677079,0.21797933368563166,0.12353209892874513,0.05483209188117139,0.008316262485133157,0.0007683055995358815,9.83852525372572e-06,0.004914155014268445,-0.002046754700442313,-2.305846562363215e-06
0.48316524077976425,0.41269607040358497,0.747294648465079,0.21768687331382724,0.12251083298621837,0.05415084746694522,0.008365102048463394,0.0007477777366578975,9.644744887030888e-06,0.0048839710233526115,-0.0020528765099509516,-2.2559173992820713e-06
0.48533955387473293,0.4139064139805152,0.7478379540356654,0.21739288604064963,0.12148646430659302,0.05346841695047708,0.008413689966816563,0.00072721043841405,9.450136228873332e-06,0.004858806188544979,-0.002056820710095529,-2.205657107029212e-06
0.4875108960899933,0.4151065145908972,0.7483744422072275,0.2170973673830288,0.12045903040394128,0.052784804251522086,0.008462121570446726,0.0007066441590995783,9.255051076367155e-06,0.0048431743501487386,-0.0020567193274161444,-2.154388993619301e-06
0.4896792524148484,0.41629634262300824,0.7489040996728002,0.21680031979396042,0.11942855207713618,0.052100015064554646,0.008510434153794483,0.0006860960910670973,9.059642911041688e-06,0.004831271943355243,-0.002054898640711841,-2.102655980358162e-06
0.491844607898434,0.4174758685927641,0.7494269132418028,0.21650175037788633,0.11839503908558272,0.0514140634339839,0.00855856613797741,0.0006655434932790578,8.863725201385239e-06,0.004813211659727697,-0.0020553521336398543,-2.05065104086271e-06
0.4940069476191767,0.4186450632240638,0.7499428698570937,0.21620166382031258,0.11735850771106823,0.05072696576181731,0.008606422448470204,0.0006449498673725102,8.666987335169534e-06,0.004785643941375369,-0.0020594555943259014,-1.99880712436105e-06
0.4961662566326958,0.419803897582145,0.750451956604375,0.21590005814705474,0.11631899124942477,0.05003873682191496,0.008653976083878755,0.0006243057037619931,8.469349956931785e-06,0.0047553760843674995,-0.002064510045814238,-1.9468944404884696e-06
0.49832251995545385,0.4209523431160018,0.7509541606987268,0.21559692780481532,0.11527653199327491,0.04934938732789047,0.00870129505083097,0.0006036403985216487,8.271074276261705e-06,0.0047319088696958275,-0.0020666247731142384,-1.894444095168011e-06
0.500475722603518,0.4220903715666519,0.7514494694581273,0.2152922707685544,0.11423116384374085,0.048658925253342436,0.008748467649207559,0.0005829922037915885,8.072502099168466e-06,0.0047172716201444075,-0.0020649141330931057,-1.8413820718605797e-06
0.5026258496460789,0.4232179548403994,0.7519378703930152,0.2149860919408128,0.113182904277872,0.04796736981640815,0.00879550734896492,0.0005623686303617384,7.873709894254236e-06,0.004703981361042666,-0.0020624523752523186,-1.78771158453092e-06
0.5047728862178592,0.42433506498418555,0.7524193511280234,0.21467839925228513,0.11213176396297243,0.04727473454168293,0.008842337872087876,0.0005417399513111105,7.674447117278909e-06,0.004683063313538282,-0.002062963414096477,-1.7334632010773432e-06
0.5069168174783193,0.4254416742875123,0.7528938994544758,0.21436919664070506,0.11107776364072554,0.04658103793877358,0.008888874785131095,0.0005210727682795931,7.474420875962829e-06,0.004653701934683,-0.002066814416389085,-1.6793643761222628e-06
0.509057628563406,0.4265377554025595,0.7533615033108239,0.21405848159162613,0.11002094004415733,0.04588629428419263,0.008935115585654027,0.0005003671805876341,7.273636153244397e-06,0.004624090307593229,-0.0020706554815478097,-1.6251067884683285e-06
0.5111953045824379,0.42762328135176586,0.7538221508203643,0.21374624969326889,0.1089613344285242,0.045190520128892776,0.008981140063129722,0.00047965836622156414,7.072413490270007e-06,0.004602457608550981,-0.002070978601081881,-1.5704839989001316e-06
0.513329830665547,0.4286982254187662,0.7542758302469904,0.21343250144185702,0.10789897669117661,0.04449372815615285,0.009027023624733184,0.00045898009687524974,6.871067236762382e-06,0.004588365610717445,-0.002067924404187578,-1.5151755710171678e-06
0.515461192011643,0.4297625610392825,0.7547225300027202,0.21311724381511513,0.1068338818799034,0.04379593355697035,0.009072756271877766,0.0004383298253480586,6.669583628992614e-06,0.004573273754916819,-0.0020651249284634244,-1.4595202981770973e-06
0.5175893738865938,0.4308162618083027,0.755162238671726,0.21280048497982487,0.10576606256822875,0.04309715503580201,0.009118252708945482,0.0004176730450728717,6.467659203419832e-06,0.004549652349950796,-0.002065776241704038,-1.4034807509301271e-06
0.5197143615809509,0.43185930163351977,0.7555949416268903,0.2124822287049949,0.1046955447589976,0.04239707121761507,0.009163449908660352,0.0003969801999776969,6.265032280708063e-06,0.004519728225790308,-0.0020693832766822944,-1.3470854604265535e-06
0.5218361403598216,0.43289165477987784,0.7560206256100502,0.21216247186216,0.10362236689423332,0.04169581754064501,0.009208372319882755,0.0003762601813110482,6.0617930080858554e-06,0.004492248980635935,-0.002072101140269788,-1.290110970534935e-06
0.5239546954677248,0.4339132958095173,0.7564392816081339,0.21184121048468482,0.10254656640765195,0.04099381773334105,0.00925310235171977,0.00035555253368998964,5.8583095886868225e-06,0.004473010630034913,-0.002070864369522871,-1.2330595239126925e-06
0.5260700121838957,0.4349241994813276,0.7568509034534201,0.21151844671038572,0.10146816803100545,0.040291356973194525,0.009297692549699728,0.00033488733273678986,5.65486348942229e-06,0.004459026822099202,-0.0020666199037110244,-1.1762131859425477e-06
0.5281820758778009,0.4359243407497837,0.7572554803169637,0.21119419026390482,0.10038718591676062,0.03958796947871373,0.009342110762330274,0.0003142519441645231,5.451346951394116e-06,0.0044418278693138455,-0.002063638911036191,-1.1190680627298794e-06
0.5302908719844693,0.436913694751411,0.7576530016471165,0.21086844913050445,0.09930363530959897,0.038883683663181984,0.00938626829566361,0.0002936093902579063,5.247419488272339e-06,0.004415759532031743,-0.002064355845380989,-1.0620550646537087e-06
0.5323963859528371,0.4378922369275532,0.7580434571674345,0.21054122541116096,0.09821754545132175,0.03817852689877874,0.009430114897366039,0.00027293886335256226,5.042890625037112e-06,0.004384665964718965,-0.0020671536319840163,-1.0050394644686463e-06
0.5344986032141908,0.4388599430984639,0.7584268368207612,0.21021251650487463,0.09712895647104922,0.03747252029025607,0.009473690624671044,0.00025225935898576826,4.8379472449799415e-06,0.004357578112984677,-0.002068051771771008,-9.476464327351839e-07
0.536597509205907,0.43981678941050617,0.7588031308010059,0.20988232147911112,0.09603790479347583,0.036765688330466964,0.009517080500190414,0.00023161054593018023,4.63297731773411e-06,0.00433899251155641,-0.002064982843463624,-8.895185987196328e-07
0.5386930894263884,0.44076275221668726,0.7591723295406407,0.209550645758718,0.09494441294967594,0.03605805481074846,0.009560322339041633,0.0002110112957664008,4.42816979103359e-06,0.004324188418410141,-0.0020600266614418466,-8.311087242807577e-07
0.5407853294632369,0.4416978080200745,0.7595344235289687,0.2092174990440623,0.09384849440467133,0.03534962557023493,0.009603365371898768,0.00019044089710579744,4.223336015498719e-06,0.004304307397926518,-0.0020571417026537726,-7.725036441186875e-07
0.542874214965446,0.4426219335380791,0.7598894034361785,0.2088828887418745,0.09275016810090977,0.03464041854529671,0.009646123732073202,0.0001698628450175862,4.018132720156363e-06,0.004275839714870539,-0.00205790739685632,-7.138350656137338e-07
0.5449597315915444,0.44353510582227895,0.7602372601251898,0.20854681613588014,0.0916494671338086,0.033930452372699496,0.009688567889903896,0.00014926524320491906,3.8124474680430055e-06,0.004244419065703553,-0.0020598627724034667,-6.554600147860142e-07
0.5470418649900685,0.44443730230345796,0.7605779846402926,0.2082092792373208,0.09054643202537838,0.0332197446992158,0.009730754015298392,0.00012867497139598417,3.606550318532363e-06,0.004218615401431158,-0.0020591300382125683,-5.966025064921112e-07
0.5491206008347812,0.44532850071568336,0.7609115682166764,0.20787027929806856,0.08944109631922029,0.032508314606517166,0.009772761596371422,0.00010812993353976733,3.4008164495297695e-06,0.004200760543859984,-0.002054606722078159,-5.377027471711593e-07
0.5511959248776983,0.4462086789835618,0.7612380022532244,0.20752982388596897,0.08833348004795426,0.031796178484237575,0.009814607605318286,8.763962197184445e-05,3.1953511470694066e-06,0.004184602906488581,-0.002049134113417198,-4.78300695296349e-07
0.5532678229640294,0.44707781519238393,0.761557278330846,0.20718792324614932,0.08722359770033644,0.03108335404768663,0.009856227542994804,6.717637163628663e-05,2.989891513886813e-06,0.004161995358674298,-0.0020464281336631863,-4.1883279509746043e-07
0.5553362809945951,0.44793588767436776,0.7618693881899421,0.20684458397765365,0.08611147216776088,0.03036985622549678,0.009897544172059083,4.670628330205018e-05,2.7841080833361674e-06,0.004131664078774058,-0.0020471122355865635,-3.595954152214622e-07
0.5574012848818788,0.4487828751456125,0.7621743214014771,0.2064998073136784,0.08499714018606724,0.029655466342629208,0.00993855586649096,2.622521858722998e-05,2.5779721928079e-06,0.004101170195452616,-0.00204821018228729,-2.996857889901819e-07
0.5594628205358746,0.4496187566765314,0.7624720685692811,0.20615359202338362,0.08388064077167154,0.028940287199926387,0.009979332540069889,5.764178351140474e-06,2.3718024743535835e-06,0.004077667688220831,-0.0020462078779419387,-2.3925047758783145e-07
0.5615208739070159,0.4504435116001666,0.7627626210415811,0.20580594124473187,0.08276200325604029,0.028224393390835,0.010019942426586659,-1.4645120921096195e-05,2.165922750217423e-06,0.004060988560815025,-0.0020410337582974286,-1.7872381358479773e-07
0.5635754310319073,0.45125711941609936,0.7630459707543408,0.20545686370830168,0.08164124500702548,0.027507843280633177,0.010060380521742894,-3.500450769010388e-05,1.960326610289951e-06,0.004043809005785625,-0.002036042480386769,-1.1776809972477739e-07
0.5656264780331925,0.45205955979400886,0.7633221100574767,0.20510636896849996,0.08051838180108696,0.02679067680857003,0.010100574742814401,-5.5347110070498435e-05,1.7546874309628529e-06,0.004019421178700559,-0.0020343641732755192,-5.6905574592932344e-08
0.5676740010740359,0.45285081267276395,0.7635910316507105,0.20475446181195497,0.07939343975943026,0.026072927215021923,0.010140464049127959,-7.570128842198351e-05,1.5487267378146987e-06,0.00398892928234396,-0.002035522037126433,4.119526600086068e-09
0.56971798631682,0.4536308583485567,0.7638527285214097,0.20440114190901812,0.07826645585539743,0.025354622574271082,0.010180063159047844,-9.605963645448888e-05,1.3425266228570767e-06,0.003959909221649356,-0.002035939225185281,6.531525763119898e-08
0.5717584199306419,0.45439967745746407,0.7641071939792666,0.2040464089988306,0.07713746674820501,0.02463579584926544,0.010219444870943274,-0.00011638614411474997,1.1364623557870566e-06,0.003938169001177983,-0.0020327552108519668,1.2682362310576036e-07
0.5737952881406014,0.4551572508749211,0.764354421587486,0.203690268076814,0.07600649826530459,0.02391647320808785,0.010258660818364991,-0.00013665410059075778,9.308163945403117e-07,0.003921592140839006,-0.002026899964486686,1.8858714226381585e-07
0.575828577266282,0.45590355963988416,0.7645944051232595,0.20333272892010099,0.07487356668141466,0.023196675396449797,0.01029768567224142,-0.00015687367172190445,7.25492836505767e-07,0.003902482374730121,-0.002022061345271629,2.503885354987337e-07
0.577858273709031,0.45663858498407467,0.7648271386317422,0.20297380056107964,0.07373869018729497,0.022476427164120585,0.010336443332756387,-0.00017707966042806395,5.201377451530722e-07,0.0038757626230301345,-0.0020207031963190075,3.118631174056677e-07
0.5798843639032163,0.4573623084363114,0.7650526164716533,0.20261348676252236,0.07260189834153687,0.021755757972607842,0.010374888092859554,-0.00019729320858641848,3.145209252443303e-07,0.003844472161922196,-0.0020214593584864647,3.715215040006939e-07
0.5819068342845135,0.4580747118900066,0.765270833200052,0.20225178726647633,0.07146322909150729,0.021034687577236495,0.01041305138799782,-0.0002174979636817209,1.0880178206329005e-07,0.0038163252477660934,-0.002020580190310833,4.295805279403529e-07
0.5839256713101021,0.4587757775620612,0.7654817835590026,0.20188870345601884,0.0703227169982085,0.020313235942609774,0.010451005318729202,-0.0002376565268265014,-9.663142798815177e-08,0.0037953883984020386,-0.0020159609305044797,4.868861538937865e-07
0.5859408615103966,0.459465487892065,0.7656854624088045,0.2015242423493275,0.0691803855209431,0.01959141572320237,0.010488783919710552,-0.0002577495499306262,-3.0156581297131176e-07,0.003777855022297558,-0.0020094067435125445,5.444844573484857e-07
0.5879523915172261,0.4601438254883176,0.7658818648556971,0.20115841455166147,0.06803625132981996,0.018869250121658472,0.010526345418624341,-0.0002777952460974375,-5.061829372651827e-07,0.0037561444127389982,-0.0020046739557440067,6.021751613502816e-07
0.5899602480397286,0.4608107731813276,0.7660709862528706,0.200791228508694,0.06689033598993861,0.018146761019047213,0.010563615949022592,-0.0002978284767964754,-7.108527834021186e-07,0.0037270471496154756,-0.0020034275099247256,6.587657259140294e-07
0.5919644178149011,0.4614663141261922,0.7662528222185668,0.20042268724055493,0.06574267233889577,0.017423973092026715,0.010600567407825211,-0.000317862173133282,-9.157221638430234e-07,0.0036951395738742164,-0.0020034742564066775,7.136554557291231e-07
0.5939648875873494,0.46211043184647754,0.7664273684636466,0.20005279108887253,0.06459329872739311,0.01670089621640619,0.010637244959805036,-0.00033787258642509665,-1.1205465049338835e-06,0.0036677484828718924,-0.0020011460077125295,7.671925978440904e-07
0.5959616441400206,0.46274311017236264,0.7665946208549235,0.1996815433448464,0.06344224761224002,0.01597754787209109,0.010673715911682076,-0.0003578237142524133,-1.324940906779714e-06,0.003647088078286984,-0.001995217310303962,8.202043196726498e-07
0.5979546743406003,0.46336433313280273,0.7667545764006989,0.19930895241470356,0.06228954071800738,0.015254043422792322,0.01070999449451839,-0.000377701292109152,-1.5287332585070253e-06,0.0036278507893115386,-0.001987862058784926,8.74344531568094e-07
0.599943965166371,0.4639740849444825,0.7669072319548929,0.19893502972953353,0.06113519622809335,0.014530365595713845,0.010746024657252348,-0.0003975282653943931,-1.732157115834843e-06,0.0036030083887775483,-0.0019828014646052898,9.287743149445839e-07
0.6019295036750747,0.46457235009508707,0.7670525835333707,0.1985597838718272,0.059979239957597026,0.013806426629397777,0.010781741361927161,-0.0004173393885995057,-1.9356068788401117e-06,0.003571662178629177,-0.001981216541694823,9.802534426456918e-07
0.6039112769517462,0.4651591134206077,0.7671906274571796,0.19818321767127456,0.05882170760303708,0.013082255164196964,0.010817136064336786,-0.0004371404284849907,-2.1391625819808873e-06,0.003539461544620388,-0.001980208346824811,1.0292145558031045e-06
0.605889272098958,0.4657343601214688,0.7673213602737269,0.19780533254174112,0.05766263720698672,0.012357874981706984,0.010852264329000246,-0.00045690289880894337,-2.342519398334378e-06,0.003512817376217106,-0.0019763513640409366,1.0771391785622351e-06
0.6078634762755075,0.46629807568729026,0.7674447786837072,0.19742613380918736,0.056502059086751405,0.011633303309104092,0.010887184937059247,-0.0004765950326405403,-2.545321031672073e-06,0.0034920513405102744,-0.001969317487914875,1.1254226446849168e-06
0.6098338767242676,0.46685024561669025,0.7675608960391006,0.19704563125991673,0.05533999253786036,0.010910198146626287,0.010921880387989085,-0.0004962544446632277,-2.747851909656628e-06,0.003469535241729663,-0.0019660451659539494,1.1853639214531296e-06
0.6118004607783566,0.46739085586167606,0.7676697057552723,0.19666383321673253,0.05417646110697596,0.010186564561476659,0.010956294016293782,-0.0005158982471507702,-2.9502742771890007e-06,0.003441352586692419,-0.0019644841449942404,1.2470752323360671e-06
0.6137632157941428,0.4679198924876711,0.7677712166901519,0.1962807433306175,0.053011493037186906,0.009463938869758265,0.010990360030632433,-0.0005355795796499359,-3.153180618976161e-06,0.003406590766619078,-0.0019682374074137575,1.307126600625411e-06
0.6157221291083635,0.46843734200447074,0.7678654323145999,0.19589635934378136,0.051845127632815007,0.008741780491755788,0.011024073539535982,-0.0005553021072834501,-3.356614613930349e-06,0.0033713397945532592,-0.0019723572066451425,1.3664112599151541e-06
0.6176771880338077,0.46894319134493545,0.7679523535189398,0.19551067842161093,0.05067740564851083,0.00801983226582746,0.011057494154838787,-0.0005750385413553447,-3.560381780841216e-06,0.003342050014276766,-0.001973748086580947,1.4146560452250853e-06
0.6196283799074149,0.46943742789013687,0.7680319692593334,0.19512370189884104,0.04950835971804997,0.007296906121091019,0.011090678759085565,-0.0005947407773966557,-3.7638767027527155e-06,0.0033184485227754777,-0.0019703281435211497,1.469739643061225e-06
0.6215756921132382,0.46992003905732604,0.7681042845555449,0.19473543562847023,0.04833801157858917,0.006574604498798398,0.01112360367189822,-0.0006144306814322999,-3.967330224911822e-06,0.0032924789810540455,-0.001969094923375002,1.5253112695264616e-06
0.6235191120830648,0.4703910125540408,0.768169301131852,0.19434588444083473,0.047166386777524896,0.005852593313520799,0.011156197358907357,-0.000634143650986602,-4.17111867018308e-06,0.003259355978952332,-0.0019714016541847127,1.5820216864341327e-06
0.6254586272494892,0.4708503364599534,0.7682270190231628,0.19395504838641067,0.045993521190828855,0.005130699465076394,0.011188420052101487,-0.0006539036410938943,-4.375605528737807e-06,0.003222256150255617,-0.001976104143989537,1.6286062656045343e-06
0.627394225021668,0.4712979994031386,0.7682774266041255,0.1935629240743125,0.044819457523838195,0.004407760985436091,0.011220309821812416,-0.0006736726225627074,-4.580231157060775e-06,0.0031889633885567427,-0.0019770033259541345,1.6881509168707831e-06
0.6293258927880182,0.4717339901803379,0.7683205283401852,0.1931695103662956,0.0436442315881477,0.0036853879082641176,0.011251923992310375,-0.0006934261581963281,-4.7847873886604095e-06,0.003161403067631864,-0.001975458707355448,1.7405094157376878e-06
0.631253617996739,0.4721582980507501,0.768356313700088,0.19277481211135825,0.04246787346696062,0.00296208554390897,0.011283306784020607,-0.0007131222603041316,-4.988718113353616e-06,0.003138264829359838,-0.001969714958762013,1.8005678293155046e-06
0.633177388185713,0.4725709124847191,0.7683847729670571,0.19237883840265807,0.041290405548175806,0.002237935281644007,0.011314436478238704,-0.0007327609260876772,-5.191980055570816e-06,0.003112954727411428,-0.00196397088007936,1.8641127802688523e-06
0.6350971909468925,0.4729718229682111,0.7684059159885697,0.19198159626996275,0.04011185195187231,0.0015148849056202556,0.01134524415099439,-0.0007523966943145204,-5.395193502018521e-06,0.0030807521856137028,-0.001963681029383241,1.926501113503313e-06
0.6370130139143875,0.4733610195508124,0.7684197345264766,0.1915830885968823,0.03893224922771842,0.0007911261234279102,0.011375716406539244,-0.0007720230656654959,-5.598177706915777e-06,0.0030472100830659225,-0.001962741082052035,1.9989161254931536e-06
0.6389248447398135,0.47373849264980744,0.768426220375926,0.19118331710716527,0.037751634840585906,6.666585875544586e-05,0.01140589590122981,-0.0007916052277155075,-5.800522018588723e-06,0.003017933649722451,-0.0019583196483572477,2.072066555535118e-06
0.6408326711262091,0.4741042329738063,0.7684253673438012,0.19078228718423423,0.03657004074808401,-0.0006582897050441323,0.011435845161926524,-0.000811098242314418,-6.00170666853143e-06,0.0029949099479302872,-0.0019494040970493049,2.1450891654767114e-06
0.642736480886339,0.47445823143735805,0.7684171712199613,0.19038001014930095,0.03538749023932467,-0.0013835404587081489,0.011465586705988025,-0.0008304830360443714,-6.2015219695679434e-06,0.0029741380057174433,-0.001938581086770533,2.2162781637697593e-06
0.6446362619689389,0.4748004791313076,0.7684016294690837,0.1899764999125029,0.03420400337303646,-0.0021089221507813324,0.011495084960297807,-0.0008497780798866531,-6.400223033073858e-06,0.00294980873771138,-0.0019296053437800268,2.2820818092953004e-06
0.6465320024332006,0.4751309673783603,0.7683787406179006,0.18957176771082151,0.03301960522051626,-0.0028343334231201176,0.011524289610059052,-0.0008690118776333382,-6.598170762150542e-06,0.002920447964805632,-0.0019234802050213337,2.343556493215076e-06
0.648423690407492,0.4754496878071694,0.7683485040940541,0.18916582065267284,0.03183432807599508,-0.0035596860373923716,0.011553193746546743,-0.0008881883252733916,-6.795428862121257e-06,0.0028903963178737624,-0.0019177447115020765,2.402227327542968e-06
0.6503113140820567,0.47575663237032484,0.7683109198079227,0.18875866520892287,0.030648205354305565,-0.004284929290341915,0.011581843095034244,-0.0009072798231643813,-6.991703662132534e-06,0.002864917228690993,-0.0019092490975954153,2.457473897934224e-06
0.6521948617462695,0.47605179328470776,0.768265987961481,0.18835031165897834,0.0294612641346656,-0.0050100308590835,0.011610288283974346,-0.0009262553464280949,-7.1866711797857585e-06,0.0028445010202142076,-0.001897650827767437,2.508215548767209e-06
0.654074321831744,0.4763351629540408,0.7682137094781184,0.18794077455724129,0.028273524377786165,-0.0057349193720696535,0.011638531764039617,-0.0009451134655629069,-7.380312183819209e-06,0.0028243298880310016,-0.0018859095942679518,2.5581735810624493e-06
0.6559496829171924,0.4766067339648236,0.7681540857184902,0.18753006872592884,0.027085005631487424,-0.006459556318535306,0.011666525659955488,-0.0009638837812446157,-7.572964906652528e-06,0.002799371203095856,-0.0018771286207975998,2.6077136829220245e-06
0.6578209336888621,0.47686649915222,0.7680871183492761,0.18711820493449052,0.025895734015994383,-0.007183916608542252,0.011694222907803191,-0.0009825959977428698,-7.7649725929263e-06,0.0027697060979964615,-0.0018713182720143252,2.656622497331395e-06
0.6596880628986417,0.47711445166528793,0.7680128094166073,0.18670518992024365,0.024705742008404665,-0.007907963764079897,0.011721625811068916,-0.0010012502662313193,-7.956332009367669e-06,0.002740271345363815,-0.0018655230353109742,2.705156775273978e-06
0.6615510593632702,0.4773505849675505,0.7679311611216316,0.1862910305553515,0.02351506150389368,-0.00863167969602884,0.011748779581526545,-0.0010198195936492829,-8.146710710870707e-06,0.002715357807499465,-0.0018570282877808653,2.7544324074764825e-06
0.6634099120019462,0.4775748927720064,0.7678421759355298,0.18587573751857567,0.022323717985423708,-0.009355035286752909,0.01177572066110472,-0.0010382818597525158,-8.33582309961187e-06,0.0026940884973592574,-0.0018463213322781437,2.80535775620854e-06
0.6652646098694004,0.4777873689866231,0.7677458565928087,0.18545932454476421,0.021131731884789746,-0.01007800664529705,0.011802434767108487,-0.0010566463270854512,-8.523745125978447e-06,0.0026713909163830784,-0.001836540655626654,2.858625314197118e-06
0.6671151421430674,0.47798800770811345,0.7676422081265427,0.1850418039585144,0.019939125816098288,-0.010800371267113721,0.011828875559758489,-0.0010749519074918206,-8.710944337010715e-06,0.002644059313482758,-0.0018306514433590669,2.9101355474421e-06
0.668961498077879,0.4781768033213417,0.7675312346417185,0.18462318324482474,0.018745928528386187,-0.011522227708979111,0.011855008210490393,-0.0010932262973810418,-8.89773431427354e-06,0.002613244823644478,-0.0018275320485975264,2.9622434571383956e-06
0.6708036669679991,0.4783537505419034,0.7674129399249162,0.18420346643572091,0.017552173258767553,-0.012243608663328914,0.011880845378307152,-0.0011114651386863895,-9.084037699148785e-06,0.0025836962447496944,-0.0018239767854837732,3.0162000570905755e-06
0.6726416381550336,0.4785188444236522,0.7672873253455657,0.183782658535073,0.016357891087757623,-0.012964751752242045,0.011906427968676551,-0.0011296349460309574,-9.269410369588278e-06,0.002558238265148021,-0.0018170726925836977,3.074054908980996e-06
0.6744754010642895,0.4786720802267901,0.7671543961065072,0.1833607686595235,0.015163107436957032,-0.013685273203970208,0.011931781493592386,-0.0011477248014612996,-9.4537060649016e-06,0.002535331506343564,-0.0018090767065590473,3.132729124979131e-06
0.6763049452345197,0.4788134534590398,0.767014154251518,0.1829378078240961,0.01396784420970015,-0.01440549172207973,0.01195687838612586,-0.0011657460128384396,-9.637021920264594e-06,0.0025096680486896015,-0.0018022115409620056,3.1943520109516754e-06
0.6781302602959374,0.47894295985820184,0.7668666030150669,0.18251378500493773,0.012772127201499147,-0.01512529445408927,0.011981666320765149,-0.001183729670405631,-9.819710432240516e-06,0.002478772002950501,-0.0017984555978589852,3.2570855972842573e-06
0.6799513359275849,0.4790605954699407,0.7667117462236209,0.1820887049985842,0.011575989012853685,-0.015844626287219266,0.01200611929956315,-0.0012016919271910407,-1.0001953448359935e-05,0.002445276143605436,-0.0017963150585526744,3.3202438799772753e-06
0.6817681618337058,0.4791663566869893,0.7665495880743461,0.18166257069270456,0.01037946516404976,-0.01656344915238151,0.012030260468553655,-0.001219617339774729,-1.0183554944619673e-05,0.0024140949135041576,-0.0017926300522777203,3.383757782392537e-06
0.683580727760104,0.47926024018583036,0.7663801358128193,0.18123538709809983,0.009182587626851256,-0.01728145613626645,0.012054135124485508,-0.001237484164132223,-1.0364252452333462e-05,0.0023874433936983117,-0.0017867704841244738,3.4466363193629675e-06
0.6853890235353034,0.4793422429133958,0.7662033954483252,0.18080716262226487,0.007985382298138343,-0.017998771007355814,0.012077758850213307,-0.0012552854040114275,-1.0543944613889678e-05,0.002362350176337793,-0.0017802112183202498,3.5104663261256054e-06
0.6871930390821869,0.47941236205332594,0.7660193725878203,0.1803779064190198,0.006787873480622502,-0.018715438899602213,0.012101103029004573,-0.0012730426330820246,-1.0722879637993238e-05,0.0023343952589170735,-0.001775809460822071,3.5747760062456544e-06
0.6889927643897802,0.4794705950600002,0.7658280727257145,0.1799476246165213,0.0055900895679176004,-0.01943147767141424,0.012124125704291257,-0.0012907865033018287,-1.0901419695006041e-05,0.0023022446414666347,-0.0017744731119816936,3.6392588727833745e-06
0.6907881894706159,0.4795169397144527,0.7656295014476399,0.17951631943214524,0.00439206428745757,-0.020146881458323402,0.012146815798292961,-0.0013085270717826155,-1.1079675705575875e-05,0.0022689862331103884,-0.0017741425340446356,3.7042131320801215e-06
0.6925793043458199,0.4795513941422697,0.7654236643132283,0.1790839921609676,0.0031938322041169492,-0.02086165104449359,0.012169202521682677,-0.0013262450227115613,-1.1257400234026025e-05,0.002238648925890499,-0.0017718802159156378,3.7698463691324377e-06
0.6943660990736464,0.4795739567896517,0.7652105652602877,0.17865064703668757,0.0019954234005181036,-0.021575944635688012,0.012191315727781366,-0.0013439097272622779,-1.1433958163848328e-05,0.0022112970381162884,-0.0017665544678289685,3.861068297873617e-06
0.6961485637906639,0.47958462636834515,0.7649902077082587,0.1782162921012999,0.000796864398598391,-0.02228981420682035,0.012213157000220572,-0.0013615145498572174,-1.160938679165406e-05,0.002184103513571198,-0.0017605652547943152,3.939746832078422e-06
0.6979266887167718,0.4795834018233351,0.7647625964847466,0.17778093548198964,-0.0004018182917286064,-0.02300312447172699,0.012234689527263518,-0.0013790831922711325,-1.178402794014986e-05,0.0021532287733282787,-0.0017569464585511514,4.012445152799848e-06
0.6997004641239319,0.47957028238861005,0.7645277372583561,0.177344581973533,-0.0016005931547754938,-0.023715797573124146,0.012255875866808328,-0.001396642249464935,-1.1958225425625859e-05,0.0021186097783486516,-0.0017559873790260465,4.08259880889039e-06
0.7014698802994844,0.4795452676453008,0.7642856360495603,0.1769072331956595,-0.002799424260099787,-0.02442780008042302,0.012276715772601898,-0.0014141924238377645,-1.2131995144071144e-05,0.0020839661575425997,-0.0017550985528718103,4.1513757982094825e-06
0.7032349275435971,0.4795083575230236,0.7640362992090753,0.17646889116400624,-0.003998276426766102,-0.02513909600506939,0.012297243149094807,-0.0014317084186285178,-1.230502809089371e-05,0.0020527130276435934,-0.0017516798611690106,4.219354257435615e-06
0.7049955962122008,0.47945955229803117,0.7637797295112031,0.1760295618243022,-0.00519711933661758,-0.025850039054097954,0.012317483005892086,-0.0014491599660215503,-1.2476947604966424e-05,0.0020239609159305103,-0.0017452341528030192,4.287079237437256e-06
0.7067518767449635,0.4793988524861488,0.7635159319555822,0.17558925399282044,-0.006395925414486621,-0.026560408375841865,0.012337426298429745,-0.001466548376853893,-1.2647771811003168e-05,0.001994304350163462,-0.001738919539764172,4.353837200027216e-06
0.7085037596581586,0.4793262588167859,0.7632449167282596,0.1751479753201233,-0.007594665336475665,-0.027269693028314092,0.012357040321163026,-0.0014839080929550047,-1.2817932199212424e-05,0.001961377170859818,-0.001736049379298536,4.419178625224298e-06
0.7102512355151746,0.47924177235815574,0.7629666924839485,0.17470572968117967,-0.00879330564982732,-0.027978052451780706,0.012376299836401821,-0.0015012648362967488,-1.2987749236310473e-05,0.0019259261772874856,-0.001735751615263581,4.483578481098925e-06
0.7119942948993456,0.4791453945908965,0.7626812630587576,0.1742625186717863,-0.009991810361963302,-0.028685968472257146,0.012395207645550273,-0.0015186087480541675,-1.3157100964786646e-05,0.0018907553438704578,-0.0017344678930588525,4.5473381821329735e-06
0.713732928396874,0.479037127271563,0.7623886388662192,0.17381834431164947,-0.011190144124408686,-0.029392780532870658,0.012413803763172727,-0.0015359168115466402,-1.3325694626863702e-05,0.0018595860136263699,-0.0017308823164588203,4.611197164301509e-06
0.7154671266504075,0.4789169724692598,0.7620888290145792,0.17337321263780986,-0.012388277313644978,-0.03009861769252677,0.012432112359904384,-0.0015531735350521136,-1.3493333134935203e-05,0.0018308337807023832,-0.001725747441976091,4.674866575984155e-06
0.7171968803814996,0.47878493252115334,0.7617818421660444,0.17292713120604727,-0.013586182623852189,-0.03080352849146629,0.012450120556700884,-0.0015703925329500071,-1.3660177047668336e-05,0.0018007936223098594,-0.0017219740994558245,4.73872346137841e-06
0.718922180373297,0.47864101004468823,0.761467686893693,0.1724801053085222,-0.014783830408638185,-0.03150752913117443,0.012467795101647777,-0.0015876047885189774,-1.3826608717568235e-05,0.001767428215207956,-0.0017212993204665749,4.802267300783781e-06
0.7206430174279639,0.4784852079817145,0.7611463718666064,0.17203213634042896,-0.0159811868340771,-0.03221061494684699,0.012485119748264908,-0.0016048282828416928,-1.3992853405231749e-05,0.0017324381255154912,-0.0017224227907792016,4.865108161297709e-06
0.7223593823410227,0.4783175296221967,0.7608179058581244,0.17158322405489335,-0.017178216769044078,-0.03291277486245534,0.012502112538904242,-0.001622051453371019,-1.4158769785697514e-05,0.0016992522943755763,-0.0017223899200632304,4.927086778372022e-06
0.7240712659164847,0.4781379785790807,0.7604822978076491,0.1711333702594903,-0.018374888048114876,-0.033613988732257544,0.012518805705730728,-0.0016392479189331847,-1.4324023951688091e-05,0.0016692897355335163,-0.0017197187206483896,4.988905326388106e-06
0.725778659004579,0.4779465587436352,0.7601395567604173,0.170682580065576,-0.01957117246466485,-0.03431424531929816,0.012535211870508198,-0.0016564068672260707,-1.448847743680998e-05,0.0016405893787003157,-0.0017159662022942653,5.050431569953096e-06
0.7274815525054379,0.4777432742037132,0.7597896971946132,0.17023085863746076,-0.020767042479961854,-0.03501300710335334,0.012551319199998663,-0.0016735528387515927,-1.4652430977671822e-05,0.001610705651159696,-0.0017146679182261154,5.112041811933203e-06
0.7291799373605068,0.4775281293574446,0.7594327309120358,0.16977820862916082,-0.021962468819832416,-0.03571054907191206,0.012567102104717806,-0.001690717337415557,-1.4816279765700381e-05,0.0015782629103801601,-0.0017165202726588272,5.173125316811032e-06
0.730873804520683,0.4773011289942824,0.7590686632185165,0.16932462966626388,-0.02315741925905622,-0.03640752378665269,0.012582545969589158,-0.001707906697667832,-1.4980107017959087e-05,0.0015443586478183127,-0.0017190061268623994,5.23334207303048e-06
0.7325631449095109,0.47706227820714225,0.7586975019748876,0.16887012016520106,-0.02435186016588299,-0.037103673510876255,0.012597668765491909,-0.0017251010622467572,-1.5143667322880964e-05,0.0015122515151276298,-0.0017195061035933199,5.292607605207874e-06
0.734247949452994,0.47681158238261384,0.7583192561921517,0.168414681607097,-0.025545760960663886,-0.037798879605971815,0.012612495455307265,-0.0017422738122324633,-1.5306621950460716e-05,0.001482640730338841,-0.0017173439730883966,5.351675431960565e-06
0.7359282091185974,0.4765490471696908,0.7579339355755724,0.16795831853376333,-0.026739093980079245,-0.03849307317979458,0.012627028899014629,-0.001759420181163761,-1.54689039434763e-05,0.001453315957681555,-0.0017147051501338227,5.4108532603332274e-06
0.7376039149250695,0.47627467847825,0.7575415501151271,0.16750103534247548,-0.02793183121230144,-0.03918623159845557,0.012641245873265502,-0.001776562757363442,-1.5630802693898875e-05,0.0014216688015653229,-0.0017143253450933925,5.4690324731290455e-06
0.7392750579128807,0.47598848251201087,0.7571421099018675,0.16704283322902466,-0.029123941448625172,-0.03987835138301392,0.012655121377248056,-0.0017937279246788421,-1.579264855838059e-05,0.0013875215064530785,-0.0017165841320802109,5.526973848453682e-06
0.7409416291065356,0.4756904658005363,0.7567356253381978,0.16658371052980572,-0.03031539090635191,-0.040569403541570764,0.012668654069668365,-0.0018109188092263226,-1.595447850973939e-05,0.0013532400750779874,-0.001719155553077432,5.584651766668075e-06
0.7426036195254386,0.4753806352725792,0.7563221011170557,0.16612366687128796,-0.03150614675070058,-0.04125995543706107,0.012681858378122055,-0.0018281067757323923,-1.6115931353246445e-05,0.0013204014688530286,-0.0017188632195756174,5.641643901864265e-06
0.7442610201947059,0.4750589981253239,0.7559015452786568,0.16566270459518473,-0.03269617792626386,-0.04194966885631289,0.012694751823863338,-0.0018452650288304031,-1.6276665771958286e-05,0.0012893150522972669,-0.0017158911326439744,5.698209951356463e-06
0.74591382217064,0.474725561742274,0.7554739737474697,0.16520082805791514,-0.03388545514431065,-0.042637758071824385,0.012707335233695424,-0.001862401353117927,-1.643677479801637e-05,0.0012583113016996844,-0.0017136975614418291,5.754751199572344e-06
0.7475620165633884,0.47438033381763606,0.7550393999361554,0.1647380410544021,-0.035073948945440706,-0.04332448120987391,0.012719588154486178,-0.0018795444294737037,-1.659661473054648e-05,0.0012252621734898002,-0.0017143722999953335,5.811523805663315e-06
0.7492055944948703,0.4740233223661573,0.7545978363067103,0.16427434357569867,-0.03626162704631593,-0.04400993942998899,0.012731494435499967,-0.0018967183226521619,-1.6756490557689004e-05,0.001190597914755099,-0.0017174537080870491,5.867859106181092e-06
0.750844547063668,0.47365453573934235,0.7541492949257685,0.163809733347431,-0.03744845577510667,-0.04469417315192119,0.012743059796815118,-0.0019139199896509077,-1.6916361502922983e-05,0.0011565056710279114,-0.0017202307896114785,5.923878834895612e-06
0.7524788653467483,0.47327398261210957,0.7536937879481035,0.1633442093508681,-0.03863440289195467,-0.045377170276588025,0.01275430524176267,-0.0019311246953467446,-1.7075905395746462e-05,0.0011245138221167804,-0.0017205341500049012,5.98007564287809e-06
0.7541085404341388,0.47288167195264424,0.7532313276579289,0.16287777378878107,-0.03981943883291714,-0.0460589159277394,0.012765244288079514,-0.0019483147048749696,-1.723489090314207e-05,0.001093873792982161,-0.0017190638739657,6.036243181889881e-06
0.7557335634555306,0.4724776130025262,0.7527619264580263,0.1624104302811306,-0.04100353508690102,-0.04673940161378055,0.01277586934595297,-0.0019654998863164156,-1.7393439862951453e-05,0.0010624747608138842,-0.001718580481985782,6.092264297386558e-06
0.757353925568902,0.47206181528661373,0.7522855968357209,0.16194218039388475,-0.04218666162613398,-0.047418625781957616,0.012786161176415688,-0.0019827087398065503,-1.755191684562923e-05,0.0010291517612933206,-0.0017209473377016054,6.147690080032564e-06
0.758969617921482,0.4716342886389366,0.7518023514064527,0.1614730222207748,-0.0433687861862104,-0.04809658049493059,0.01279611003354852,-0.0019999593714487185,-1.771054355530062e-05,0.0009948541254348375,-0.0017251249403360635,6.203573298533472e-06
0.7605806316236652,0.4711950432165365,0.7513122029042398,0.1610029525798575,-0.044549876040889475,-0.048773253374558144,0.012805725336456734,-0.002017241541677053,-1.786918269334042e-05,0.0009614984265859955,-0.0017282784956896306,6.25957760562673e-06
